2.532666666666666799e+01
3.126833333333333087e+01
3.796166666666667311e+01
4.550666666666666060e+01
5.339166666666666572e+01
6.104833333333333201e+01
6.786666666666667425e+01
7.359166666666666856e+01
7.803166666666666629e+01
8.105833333333333712e+01
8.281000000000000227e+01
8.395833333333332860e+01
8.450833333333332575e+01
8.498499999999999943e+01
8.534499999999999886e+01
8.575333333333333030e+01
8.615999999999999659e+01
8.651000000000000512e+01
8.683833333333333826e+01
8.720499999999999829e+01
8.761333333333332973e+01
8.797499999999999432e+01
8.841500000000000625e+01
8.872833333333333883e+01
8.912666666666666515e+01
8.935999999999999943e+01
8.984499999999999886e+01
8.995166666666666799e+01
9.042166666666666686e+01
9.043999999999999773e+01
9.092666666666666231e+01
9.074500000000000455e+01
9.125333333333333030e+01
9.103000000000000114e+01
9.150833333333332575e+01
9.128333333333333144e+01
9.170000000000000284e+01
9.153000000000000114e+01
9.183833333333333826e+01
9.176166666666667027e+01
9.202833333333333599e+01
9.193833333333333258e+01
9.214499999999999602e+01
9.210166666666665947e+01
9.226833333333333087e+01
9.222499999999999432e+01
9.236833333333333940e+01
9.234333333333333371e+01
9.246166666666667311e+01
9.245333333333333314e+01
9.253833333333332689e+01
9.251999999999999602e+01
9.260333333333333883e+01
9.258833333333333826e+01
9.267000000000000171e+01
9.267333333333333201e+01
9.273000000000000398e+01
9.274666666666666970e+01
9.274166666666667425e+01
9.279500000000000171e+01
9.277666666666667084e+01
9.284999999999999432e+01
9.284333333333333371e+01
9.290500000000000114e+01
9.287833333333333030e+01
9.295999999999999375e+01
9.290500000000000114e+01
9.299833333333333485e+01
9.292333333333333201e+01
9.305666666666667197e+01
9.293666666666666742e+01
9.307500000000000284e+01
9.296333333333333826e+01
9.312500000000000000e+01
9.299833333333333485e+01
9.315333333333333599e+01
9.300333333333333030e+01
9.319833333333333769e+01
9.302500000000000568e+01
9.323166666666666913e+01
9.304666666666666686e+01
9.326500000000000057e+01
9.306833333333332803e+01
9.328666666666666174e+01
9.305666666666667197e+01
9.329333333333333655e+01
9.307666666666666799e+01
9.331166666666666742e+01
9.307999999999999829e+01
9.333666666666667311e+01
9.311166666666666458e+01
9.337166666666666970e+01
9.315166666666667084e+01
9.340000000000000568e+01
9.313500000000000512e+01
9.342166666666666686e+01
9.313500000000000512e+01
9.342000000000000171e+01
9.314499999999999602e+01
9.345166666666666799e+01
