2.532666666666666799e+01
8.581000000000000227e+01
5.853833333333333400e+01
9.006833333333332803e+01
5.361166666666667169e+01
9.012999999999999545e+01
4.894500000000000739e+01
9.016666666666667140e+01
4.400333333333333741e+01
9.020833333333332860e+01
3.938833333333333542e+01
9.021999999999999886e+01
3.531000000000000227e+01
9.023000000000000398e+01
3.223166666666666913e+01
9.024333333333333940e+01
3.060833333333333428e+01
9.024833333333333485e+01
2.940500000000000114e+01
9.024833333333333485e+01
2.899833333333333485e+01
9.024833333333333485e+01
2.916833333333332234e+01
9.024833333333333485e+01
2.870666666666666345e+01
9.024833333333333485e+01
2.929999999999999716e+01
9.024833333333333485e+01
2.978833333333334110e+01
9.024833333333333485e+01
2.950166666666666515e+01
9.024833333333333485e+01
3.040333333333333599e+01
9.024833333333333485e+01
3.029833333333333201e+01
9.024833333333333485e+01
3.046166666666665890e+01
9.024833333333333485e+01
3.147999999999998977e+01
9.024833333333333485e+01
3.071000000000000796e+01
9.024833333333333485e+01
3.188499999999999091e+01
9.024833333333333485e+01
3.159666666666666401e+01
9.024833333333333485e+01
3.241166666666667595e+01
9.024833333333333485e+01
3.150000000000000000e+01
9.024833333333333485e+01
3.245999999999999375e+01
9.024833333333333485e+01
3.189999999999999147e+01
9.024833333333333485e+01
3.249833333333333485e+01
9.024833333333333485e+01
3.207333333333333769e+01
9.024833333333333485e+01
3.278833333333332689e+01
9.024833333333333485e+01
3.257166666666665833e+01
9.024833333333333485e+01
3.308499999999999375e+01
9.024833333333333485e+01
3.289333333333333087e+01
9.024833333333333485e+01
3.299166666666666003e+01
9.024833333333333485e+01
3.216166666666666174e+01
9.024833333333333485e+01
3.337999999999999545e+01
9.024833333333333485e+01
3.190500000000000114e+01
9.024833333333333485e+01
3.373166666666666913e+01
9.024833333333333485e+01
3.237999999999999545e+01
9.024833333333333485e+01
3.246166666666667311e+01
9.024833333333333485e+01
3.318666666666666742e+01
9.024833333333333485e+01
3.251666666666666572e+01
9.024833333333333485e+01
3.381833333333332803e+01
9.024833333333333485e+01
3.161833333333333940e+01
9.024833333333333485e+01
3.289333333333333087e+01
9.024833333333333485e+01
3.179166666666665719e+01
9.024833333333333485e+01
3.325499999999999545e+01
9.024833333333333485e+01
3.242833333333334167e+01
9.024833333333333485e+01
3.252166666666667538e+01
9.024833333333333485e+01
3.326000000000000512e+01
9.024833333333333485e+01
