2.532666666666666799e+01
2.680500000000000682e+01
2.823666666666666458e+01
2.967333333333333201e+01
3.133500000000000796e+01
3.288166666666666060e+01
3.420166666666666799e+01
3.565000000000000568e+01
3.712500000000000000e+01
3.857666666666666799e+01
3.999833333333333485e+01
4.139166666666667282e+01
4.282833333333333314e+01
4.412000000000000455e+01
4.543166666666667197e+01
4.673000000000000398e+01
4.808999999999999631e+01
4.944166666666666288e+01
5.069000000000000483e+01
5.195000000000000284e+01
5.312666666666666515e+01
5.421166666666666600e+01
5.530999999999999517e+01
5.640999999999999659e+01
5.755166666666666941e+01
5.871500000000000341e+01
5.972833333333333172e+01
6.080499999999999972e+01
6.178333333333333144e+01
6.270166666666666799e+01
6.357166666666666544e+01
6.451333333333333542e+01
6.535166666666665947e+01
6.618000000000000682e+01
6.695999999999999375e+01
6.773000000000000398e+01
6.859166666666666856e+01
6.935333333333332462e+01
7.010999999999999943e+01
7.079333333333333655e+01
7.143666666666666742e+01
7.207999999999999829e+01
7.264333333333333087e+01
7.315833333333333144e+01
7.370499999999999829e+01
7.425166666666666515e+01
7.483666666666667311e+01
7.534166666666666856e+01
7.579999999999999716e+01
7.620499999999999829e+01
7.658833333333333826e+01
7.697499999999999432e+01
7.732166666666665833e+01
7.766333333333332689e+01
7.799833333333333485e+01
7.826500000000000057e+01
7.850000000000000000e+01
7.878333333333333144e+01
7.902000000000001023e+01
7.926500000000000057e+01
7.951833333333333087e+01
7.972833333333333883e+01
7.993833333333333258e+01
8.011333333333332973e+01
8.031000000000000227e+01
8.053666666666666174e+01
8.074000000000000909e+01
8.089499999999999602e+01
8.106999999999999318e+01
8.125000000000000000e+01
8.139333333333333087e+01
8.153333333333333144e+01
8.167000000000000171e+01
8.179333333333333655e+01
8.188666666666667027e+01
8.198000000000000398e+01
8.205333333333334167e+01
8.216333333333332689e+01
8.227166666666667538e+01
8.237166666666666970e+01
8.244666666666665833e+01
8.252500000000000568e+01
8.261166666666666458e+01
8.272499999999999432e+01
8.280666666666667197e+01
8.291333333333332689e+01
8.300666666666666060e+01
8.308166666666666345e+01
8.317833333333334167e+01
8.327166666666666117e+01
8.334333333333333371e+01
8.341333333333332689e+01
8.351333333333333542e+01
8.359000000000000341e+01
8.366166666666666174e+01
8.374000000000000909e+01
8.382333333333333769e+01
8.389666666666667538e+01
8.395666666666666345e+01
8.401666666666666572e+01
