2.532666666666666799e+01
2.728499999999999659e+01
2.932999999999999829e+01
3.159999999999999432e+01
3.372833333333333883e+01
3.580833333333333712e+01
3.806166666666667453e+01
4.030499999999999972e+01
4.254833333333333201e+01
4.466499999999999915e+01
4.680499999999999972e+01
4.910166666666666657e+01
5.120000000000000284e+01
5.330499999999999972e+01
5.517000000000000171e+01
5.719166666666666998e+01
5.913833333333332831e+01
6.104166666666666430e+01
6.274666666666666970e+01
6.437666666666666515e+01
6.597833333333332462e+01
6.746166666666667311e+01
6.899666666666666970e+01
7.041833333333333655e+01
7.168000000000000682e+01
7.280833333333333712e+01
7.389000000000000057e+01
7.504166666666667140e+01
7.598333333333333428e+01
7.677833333333333599e+01
7.755666666666667197e+01
7.825333333333333030e+01
7.881333333333333258e+01
7.933666666666667311e+01
7.987000000000000455e+01
8.028666666666666174e+01
8.076000000000000512e+01
8.115999999999999659e+01
8.148499999999999943e+01
8.174666666666666970e+01
8.197666666666665947e+01
8.222333333333332916e+01
8.245166666666666799e+01
8.268166666666667197e+01
8.289833333333334053e+01
8.309333333333333371e+01
8.327166666666666117e+01
8.340666666666666629e+01
8.358166666666666345e+01
8.374500000000000455e+01
8.390999999999999659e+01
8.407166666666667254e+01
8.421666666666666856e+01
8.434166666666666856e+01
8.448499999999999943e+01
8.459666666666666401e+01
8.471333333333333826e+01
8.481166666666666742e+01
8.492000000000000171e+01
8.504999999999999716e+01
8.514666666666667538e+01
8.526333333333333542e+01
8.535999999999999943e+01
8.549333333333333940e+01
8.558500000000000796e+01
8.567333333333333201e+01
8.575666666666666060e+01
8.583500000000000796e+01
8.591666666666667140e+01
8.601500000000000057e+01
8.609000000000000341e+01
8.616666666666667140e+01
8.624500000000000455e+01
8.634499999999999886e+01
8.640166666666667084e+01
8.647666666666665947e+01
8.653666666666666174e+01
8.664000000000000057e+01
8.670000000000000284e+01
8.678833333333332689e+01
8.685333333333332462e+01
8.692666666666666231e+01
8.696500000000000341e+01
8.703833333333332689e+01
8.710333333333332462e+01
8.716166666666666174e+01
8.722666666666665947e+01
8.728333333333333144e+01
8.735833333333333428e+01
8.742666666666666231e+01
8.746500000000000341e+01
8.752833333333333599e+01
8.759666666666666401e+01
8.765500000000000114e+01
8.771333333333333826e+01
8.776166666666667027e+01
8.781166666666666742e+01
8.787666666666666515e+01
8.793500000000000227e+01
8.799333333333333940e+01
