2.532666666666666799e+01
4.600999999999999801e+01
6.843666666666666742e+01
8.196999999999999886e+01
8.535666666666666913e+01
8.350499999999999545e+01
8.753499999999999659e+01
8.300666666666666060e+01
8.865833333333333144e+01
8.407999999999999829e+01
8.893500000000000227e+01
8.468833333333333258e+01
8.916833333333333655e+01
8.522166666666666401e+01
8.929666666666666686e+01
8.549833333333333485e+01
8.940833333333333144e+01
8.568666666666666742e+01
8.948166666666666913e+01
8.590333333333333599e+01
8.954333333333333655e+01
8.606499999999999773e+01
8.958666666666667311e+01
8.623499999999999943e+01
8.963500000000000512e+01
8.633166666666666345e+01
8.966166666666666174e+01
8.641166666666666174e+01
8.969333333333332803e+01
8.651999999999999602e+01
8.970999999999999375e+01
8.658833333333333826e+01
8.972166666666666401e+01
8.665333333333333599e+01
8.976166666666667027e+01
8.668833333333333258e+01
8.978666666666666174e+01
8.673833333333332973e+01
8.980333333333332746e+01
8.676833333333333087e+01
8.981166666666666742e+01
8.681666666666666288e+01
8.983166666666666345e+01
8.683333333333332860e+01
8.983833333333333826e+01
8.686666666666667425e+01
8.984499999999999886e+01
8.689166666666666572e+01
8.984666666666666401e+01
8.692666666666666231e+01
8.985500000000000398e+01
8.692499999999999716e+01
8.985666666666666913e+01
8.695333333333333314e+01
8.986333333333332973e+01
8.697833333333332462e+01
8.986499999999999488e+01
8.700000000000000000e+01
8.987000000000000455e+01
8.701000000000000512e+01
8.987500000000000000e+01
8.704666666666666686e+01
8.988333333333332575e+01
8.705500000000000682e+01
8.988333333333332575e+01
8.707166666666667254e+01
8.988333333333332575e+01
8.708500000000000796e+01
8.988333333333332575e+01
8.709000000000000341e+01
8.988333333333332575e+01
8.710166666666665947e+01
8.988166666666666060e+01
8.709666666666666401e+01
8.988166666666666060e+01
8.710666666666666913e+01
8.988333333333332575e+01
8.711333333333332973e+01
8.988333333333332575e+01
8.712166666666666970e+01
8.988333333333332575e+01
8.712500000000000000e+01
8.988500000000000512e+01
8.713333333333332575e+01
8.988666666666667027e+01
8.713333333333332575e+01
8.988833333333333542e+01
8.713333333333332575e+01
8.989000000000000057e+01
8.712166666666666970e+01
8.989000000000000057e+01
8.712333333333333485e+01
8.989166666666666572e+01
8.712333333333333485e+01
8.989333333333333087e+01
8.712666666666666515e+01
8.989333333333333087e+01
8.712666666666666515e+01
8.989333333333333087e+01
8.712666666666666515e+01
