2.532666666666666799e+01
9.024833333333333485e+01
1.811166666666666458e+01
9.024833333333333485e+01
1.839666666666666117e+01
9.024833333333333485e+01
1.873333333333333428e+01
9.024833333333333485e+01
1.896999999999999886e+01
9.024833333333333485e+01
1.904999999999999716e+01
9.024833333333333485e+01
1.904999999999999716e+01
9.024833333333333485e+01
1.904999999999999716e+01
9.024833333333333485e+01
1.904999999999999716e+01
9.024833333333333485e+01
1.904999999999999716e+01
9.024833333333333485e+01
1.904999999999999716e+01
9.024833333333333485e+01
1.904999999999999716e+01
9.024833333333333485e+01
1.904999999999999716e+01
9.024833333333333485e+01
1.904999999999999716e+01
9.024833333333333485e+01
1.904999999999999716e+01
9.024833333333333485e+01
1.904999999999999716e+01
9.024833333333333485e+01
1.904999999999999716e+01
9.024833333333333485e+01
1.904999999999999716e+01
9.024833333333333485e+01
1.904999999999999716e+01
9.024833333333333485e+01
1.904999999999999716e+01
9.024833333333333485e+01
1.904999999999999716e+01
9.024833333333333485e+01
1.904999999999999716e+01
9.024833333333333485e+01
1.904999999999999716e+01
9.024833333333333485e+01
1.904999999999999716e+01
9.024833333333333485e+01
1.904999999999999716e+01
9.024833333333333485e+01
1.904999999999999716e+01
9.024833333333333485e+01
1.904999999999999716e+01
9.024833333333333485e+01
1.904999999999999716e+01
9.024833333333333485e+01
1.904999999999999716e+01
9.024833333333333485e+01
1.904999999999999716e+01
9.024833333333333485e+01
1.904999999999999716e+01
9.024833333333333485e+01
1.904999999999999716e+01
9.024833333333333485e+01
1.904999999999999716e+01
9.024833333333333485e+01
1.904999999999999716e+01
9.024833333333333485e+01
1.904999999999999716e+01
9.024833333333333485e+01
1.904999999999999716e+01
9.024833333333333485e+01
1.904999999999999716e+01
9.024833333333333485e+01
1.904999999999999716e+01
9.024833333333333485e+01
1.904999999999999716e+01
9.024833333333333485e+01
1.904999999999999716e+01
9.024833333333333485e+01
1.904999999999999716e+01
9.024833333333333485e+01
1.904999999999999716e+01
9.024833333333333485e+01
1.904999999999999716e+01
9.024833333333333485e+01
1.904999999999999716e+01
9.024833333333333485e+01
1.904999999999999716e+01
9.024833333333333485e+01
1.904999999999999716e+01
9.024833333333333485e+01
1.904999999999999716e+01
9.024833333333333485e+01
1.904999999999999716e+01
9.024833333333333485e+01
1.904999999999999716e+01
9.024833333333333485e+01
1.904999999999999716e+01
9.024833333333333485e+01
