2.532666666666666799e+01
2.647166666666666401e+01
2.759833333333332916e+01
2.871000000000000796e+01
2.981000000000000227e+01
3.097666666666665947e+01
3.214833333333334053e+01
3.316333333333332689e+01
3.411499999999999488e+01
3.509999999999999432e+01
3.610833333333333428e+01
3.712166666666666259e+01
3.811166666666666458e+01
3.901333333333333542e+01
3.998000000000000398e+01
4.087499999999999289e+01
4.176833333333333087e+01
4.272833333333333172e+01
4.353500000000000369e+01
4.439833333333332632e+01
4.524666666666666970e+01
4.603000000000000114e+01
4.685333333333333883e+01
4.765500000000000114e+01
4.849666666666666259e+01
4.935000000000000853e+01
5.013333333333333286e+01
5.088833333333333542e+01
5.166333333333333400e+01
5.235666666666666913e+01
5.305166666666666941e+01
5.373166666666666913e+01
5.435499999999999687e+01
5.496999999999999886e+01
5.567833333333333456e+01
5.629999999999999716e+01
5.691499999999999915e+01
5.759499999999999886e+01
5.828833333333333400e+01
5.889833333333333343e+01
5.949166666666666714e+01
6.006833333333333513e+01
6.067666666666666941e+01
6.127166666666666828e+01
6.175666666666666771e+01
6.230166666666666941e+01
6.281499999999999773e+01
6.335000000000000142e+01
6.382166666666666544e+01
6.429833333333333201e+01
6.480833333333333712e+01
6.527000000000001023e+01
6.571500000000000341e+01
6.617166666666666686e+01
6.659999999999999432e+01
6.702166666666667538e+01
6.742166666666666686e+01
6.786333333333332973e+01
6.831999999999999318e+01
6.877666666666667084e+01
6.916166666666666174e+01
6.959333333333333371e+01
7.000000000000000000e+01
7.036499999999999488e+01
7.072833333333332462e+01
7.111166666666666458e+01
7.143500000000000227e+01
7.173333333333333428e+01
7.205166666666667652e+01
7.232333333333333769e+01
7.261833333333333940e+01
7.291833333333333655e+01
7.315666666666666629e+01
7.341500000000000625e+01
7.369833333333332348e+01
7.398333333333333428e+01
7.426166666666665606e+01
7.454500000000000171e+01
7.482500000000000284e+01
7.506833333333332803e+01
7.533500000000000796e+01
7.555500000000000682e+01
7.576833333333333087e+01
7.597333333333332916e+01
7.618833333333333258e+01
7.637500000000000000e+01
7.656333333333333258e+01
7.676999999999999602e+01
7.695666666666666345e+01
7.712833333333333030e+01
7.732999999999999829e+01
7.748000000000000398e+01
7.762333333333333485e+01
7.777666666666667084e+01
7.793833333333333258e+01
7.803833333333332689e+01
7.817833333333334167e+01
7.828833333333332689e+01
7.840333333333333599e+01
7.852166666666667538e+01
