2.532666666666666799e+01
2.827666666666667084e+01
3.168333333333333712e+01
3.503833333333334110e+01
3.869000000000000483e+01
4.248166666666666202e+01
4.614500000000000313e+01
5.010833333333333428e+01
5.380499999999999972e+01
5.740500000000000114e+01
6.105833333333333002e+01
6.425166666666666515e+01
6.728333333333333144e+01
7.012833333333333030e+01
7.260166666666665947e+01
7.490999999999999659e+01
7.684333333333333371e+01
7.842666666666666231e+01
7.965166666666667084e+01
8.075499999999999545e+01
8.160500000000000398e+01
8.226500000000000057e+01
8.284499999999999886e+01
8.332333333333333769e+01
8.369499999999999318e+01
8.402500000000000568e+01
8.433166666666666345e+01
8.455500000000000682e+01
8.478999999999999204e+01
8.504166666666667140e+01
8.525166666666666515e+01
8.543999999999999773e+01
8.561666666666666003e+01
8.581666666666666288e+01
8.598499999999999943e+01
8.613166666666666060e+01
8.626333333333333542e+01
8.640999999999999659e+01
8.657666666666666799e+01
8.675666666666666060e+01
8.691166666666666174e+01
8.709000000000000341e+01
8.724666666666666970e+01
8.741333333333332689e+01
8.756166666666666742e+01
8.771833333333333371e+01
8.786833333333333940e+01
8.802500000000000568e+01
8.815500000000000114e+01
8.834833333333332916e+01
8.850666666666666060e+01
8.864833333333334053e+01
8.879333333333333655e+01
8.893166666666667197e+01
8.907166666666667254e+01
8.920499999999999829e+01
8.933500000000000796e+01
8.947166666666666401e+01
8.960666666666666913e+01
8.968000000000000682e+01
8.979500000000000171e+01
8.992000000000000171e+01
9.004000000000000625e+01
9.010166666666665947e+01
9.018833333333333258e+01
9.025666666666666060e+01
9.040166666666667084e+01
9.046500000000000341e+01
9.059666666666666401e+01
9.068999999999999773e+01
9.081333333333333258e+01
9.087833333333333030e+01
9.097499999999999432e+01
9.101999999999999602e+01
9.110999999999999943e+01
9.115166666666667084e+01
9.123833333333332973e+01
9.131166666666666742e+01
9.138166666666666060e+01
9.143999999999999773e+01
9.151333333333333542e+01
9.155333333333334167e+01
9.164666666666666117e+01
9.167166666666666686e+01
9.175833333333332575e+01
9.176999999999999602e+01
9.186166666666666458e+01
9.193166666666667197e+01
9.199333333333333940e+01
9.204333333333333655e+01
9.209166666666666856e+01
9.215333333333333599e+01
9.218500000000000227e+01
9.222499999999999432e+01
9.225499999999999545e+01
9.229000000000000625e+01
9.232333333333333769e+01
9.234999999999999432e+01
9.238333333333333997e+01
9.242333333333333201e+01
