2.227500000000000568e+01
2.336666666666667425e+01
2.447833333333333883e+01
2.558166666666666345e+01
2.684999999999999432e+01
2.804333333333333655e+01
2.912666666666666515e+01
3.041166666666667595e+01
3.169333333333332803e+01
3.296833333333333371e+01
3.426666666666666572e+01
3.553666666666667595e+01
3.692333333333333201e+01
3.818166666666667197e+01
3.947666666666667368e+01
4.071166666666666600e+01
4.201166666666667027e+01
4.328999999999999204e+01
4.454666666666666686e+01
4.579833333333333201e+01
4.711499999999999488e+01
4.827000000000000313e+01
4.942666666666666231e+01
5.062999999999999545e+01
5.182333333333333059e+01
5.303666666666666174e+01
5.416499999999999915e+01
5.532999999999999829e+01
5.639500000000000313e+01
5.740666666666666629e+01
5.839333333333333798e+01
5.942166666666666686e+01
6.037166666666666970e+01
6.131666666666666998e+01
6.224000000000000199e+01
6.318666666666666742e+01
6.410833333333333428e+01
6.492499999999999716e+01
6.577000000000001023e+01
6.653333333333333144e+01
6.729333333333332234e+01
6.803166666666666629e+01
6.869833333333333769e+01
6.931333333333333258e+01
6.992666666666666231e+01
7.053166666666666629e+01
7.124666666666666970e+01
7.185166666666667368e+01
7.245833333333334281e+01
7.293999999999999773e+01
7.343000000000000682e+01
7.390500000000000114e+01
7.432999999999999829e+01
7.471999999999999886e+01
7.504666666666666686e+01
7.542499999999999716e+01
7.574666666666666970e+01
7.605666666666667197e+01
7.642166666666666686e+01
7.681833333333332803e+01
7.710166666666665947e+01
7.739166666666666572e+01
7.765500000000000114e+01
7.789833333333334053e+01
7.815000000000000568e+01
7.835999999999999943e+01
7.859499999999999886e+01
7.880833333333333712e+01
7.902166666666667538e+01
7.924333333333333940e+01
7.945499999999999829e+01
7.963666666666667027e+01
7.982666666666666799e+01
7.999333333333333940e+01
8.016166666666666174e+01
8.033333333333334281e+01
8.050000000000000000e+01
8.067333333333333201e+01
8.080666666666667197e+01
8.094499999999999318e+01
8.105500000000000682e+01
8.118999999999999773e+01
8.129000000000000625e+01
8.141166666666666174e+01
8.153166666666666629e+01
8.167666666666666231e+01
8.179166666666665719e+01
8.189333333333333087e+01
8.201333333333333542e+01
8.213166666666666060e+01
8.226166666666667027e+01
8.239166666666666572e+01
8.248499999999999943e+01
8.259499999999999886e+01
8.271166666666667311e+01
8.283333333333332860e+01
8.293833333333333258e+01
8.303833333333332689e+01
8.313833333333333542e+01
8.323333333333333428e+01
