2.227500000000000568e+01
2.678000000000000114e+01
3.243000000000000682e+01
3.940500000000000114e+01
4.729999999999999716e+01
5.552000000000000313e+01
6.319000000000000483e+01
6.984666666666666401e+01
7.492500000000001137e+01
7.863833333333333542e+01
8.114833333333334053e+01
8.276000000000000512e+01
8.389333333333333087e+01
8.484666666666666401e+01
8.576000000000000512e+01
8.663666666666667027e+01
8.763500000000000512e+01
8.859999999999999432e+01
8.971666666666666856e+01
9.080666666666667197e+01
9.183333333333332860e+01
9.268166666666667197e+01
9.357999999999999829e+01
9.437833333333333030e+01
9.502166666666666117e+01
9.558499999999999375e+01
9.608666666666667311e+01
9.644833333333333769e+01
9.677333333333334053e+01
9.707666666666666799e+01
9.729666666666666686e+01
9.750166666666666515e+01
9.769333333333332803e+01
9.784999999999999432e+01
9.796666666666666856e+01
9.806666666666666288e+01
9.815500000000000114e+01
9.823333333333333428e+01
9.829166666666667140e+01
9.834833333333332916e+01
9.840999999999999659e+01
9.846500000000000341e+01
9.850166666666666515e+01
9.855500000000000682e+01
9.856999999999999318e+01
9.863833333333333542e+01
9.863166666666666060e+01
9.868833333333333258e+01
9.866333333333332689e+01
9.874500000000000455e+01
9.871166666666667311e+01
9.877833333333333599e+01
9.873666666666666458e+01
9.880333333333332746e+01
9.878333333333333144e+01
9.884499999999999886e+01
9.879999999999999716e+01
9.887166666666666970e+01
9.881666666666666288e+01
9.890999999999999659e+01
9.882999999999999829e+01
9.892666666666666231e+01
9.884666666666666401e+01
9.893999999999999773e+01
9.885999999999999943e+01
9.894333333333332803e+01
9.887166666666666970e+01
9.894666666666667254e+01
9.887666666666666515e+01
9.895499999999999829e+01
9.887999999999999545e+01
9.896500000000000341e+01
9.889166666666666572e+01
9.896999999999999886e+01
9.890999999999999659e+01
9.897833333333333883e+01
9.891500000000000625e+01
9.898666666666666458e+01
9.892666666666666231e+01
9.899500000000000455e+01
9.893833333333333258e+01
9.901000000000000512e+01
9.895333333333333314e+01
9.901500000000000057e+01
9.895000000000000284e+01
9.902833333333333599e+01
9.895499999999999829e+01
9.903333333333333144e+01
9.895999999999999375e+01
9.903833333333332689e+01
9.897833333333333883e+01
9.903666666666666174e+01
9.899500000000000455e+01
9.904333333333333655e+01
9.900333333333333030e+01
9.905500000000000682e+01
9.899166666666666003e+01
9.906333333333333258e+01
9.900000000000000000e+01
9.907166666666667254e+01
