2.227500000000000568e+01
2.372333333333332916e+01
2.529833333333333201e+01
2.703166666666666629e+01
2.869666666666667254e+01
3.056000000000000227e+01
3.250000000000000000e+01
3.450333333333333030e+01
3.663666666666666316e+01
3.868333333333333712e+01
4.076666666666666572e+01
4.293666666666666742e+01
4.507166666666666544e+01
4.725333333333333741e+01
4.929166666666666430e+01
5.144000000000000483e+01
5.351000000000000512e+01
5.555999999999999517e+01
5.745833333333333570e+01
5.928833333333333400e+01
6.107666666666666799e+01
6.284333333333333371e+01
6.456999999999999318e+01
6.613833333333333542e+01
6.759499999999999886e+01
6.893333333333333712e+01
7.014833333333334053e+01
7.145833333333334281e+01
7.261833333333333940e+01
7.361666666666667425e+01
7.452833333333333599e+01
7.534166666666666856e+01
7.607500000000000284e+01
7.680833333333333712e+01
7.745333333333333314e+01
7.806333333333333258e+01
7.856666666666666288e+01
7.905833333333333712e+01
7.948000000000000398e+01
7.992000000000000171e+01
8.032833333333333314e+01
8.066666666666667140e+01
8.097833333333332462e+01
8.125666666666666060e+01
8.153333333333333144e+01
8.184499999999999886e+01
8.211666666666667425e+01
8.238333333333332575e+01
8.259499999999999886e+01
8.282166666666665833e+01
8.306000000000000227e+01
8.327333333333334053e+01
8.349166666666667425e+01
8.368000000000000682e+01
8.390833333333333144e+01
8.411499999999999488e+01
8.434000000000000341e+01
8.452500000000000568e+01
8.472166666666666401e+01
8.495666666666666345e+01
8.516666666666667140e+01
8.537999999999999545e+01
8.561333333333332973e+01
8.580166666666666231e+01
8.600166666666666515e+01
8.620333333333333314e+01
8.637833333333333030e+01
8.658500000000000796e+01
8.677166666666666117e+01
8.699833333333333485e+01
8.715166666666667084e+01
8.733833333333333826e+01
8.753000000000000114e+01
8.772666666666665947e+01
8.788833333333333542e+01
8.810500000000000398e+01
8.827833333333333599e+01
8.849166666666667425e+01
8.868000000000000682e+01
8.884166666666666856e+01
8.901666666666666572e+01
8.920000000000000284e+01
8.935833333333333428e+01
8.957833333333333314e+01
8.975333333333333030e+01
8.994166666666666288e+01
9.015166666666667084e+01
9.031499999999999773e+01
9.048166666666666913e+01
9.065166666666667084e+01
9.082333333333333769e+01
9.096833333333333371e+01
9.112166666666666970e+01
9.128499999999999659e+01
9.145166666666666799e+01
9.159833333333332916e+01
9.173166666666666913e+01
9.188666666666667027e+01
9.206999999999999318e+01
9.218833333333333258e+01
