2.227500000000000568e+01
3.989500000000000313e+01
6.388833333333333542e+01
7.960999999999999943e+01
8.453666666666666174e+01
8.641833333333333655e+01
8.905166666666666231e+01
9.207666666666666799e+01
9.445833333333332860e+01
9.603000000000000114e+01
9.697166666666666401e+01
9.751999999999999602e+01
9.784999999999999432e+01
9.773166666666666913e+01
9.798833333333332973e+01
9.795999999999999375e+01
9.809833333333332916e+01
9.804166666666667140e+01
9.820166666666666799e+01
9.808833333333333826e+01
9.825499999999999545e+01
9.813166666666666060e+01
9.830833333333333712e+01
9.815833333333333144e+01
9.835500000000000398e+01
9.818666666666666742e+01
9.838166666666666060e+01
9.821999999999999886e+01
9.840500000000000114e+01
9.823000000000000398e+01
9.842000000000000171e+01
9.824500000000000455e+01
9.843833333333333258e+01
9.825333333333333030e+01
9.845166666666666799e+01
9.826666666666666572e+01
9.847666666666667368e+01
9.827333333333334053e+01
9.847499999999999432e+01
9.828499999999999659e+01
9.848666666666666458e+01
9.829166666666667140e+01
9.848666666666666458e+01
9.829333333333333655e+01
9.849333333333333940e+01
9.830500000000000682e+01
9.849666666666666970e+01
9.831166666666666742e+01
9.852166666666666117e+01
9.831666666666666288e+01
9.851833333333333087e+01
9.832166666666667254e+01
9.851999999999999602e+01
9.831999999999999318e+01
9.851999999999999602e+01
9.832666666666666799e+01
9.852166666666666117e+01
9.832833333333333314e+01
9.852833333333333599e+01
9.833499999999999375e+01
9.852833333333333599e+01
9.833499999999999375e+01
9.853499999999999659e+01
9.833833333333333826e+01
9.853166666666666629e+01
9.834333333333333371e+01
9.853333333333333144e+01
9.834166666666666856e+01
9.853499999999999659e+01
9.834166666666666856e+01
9.854833333333333201e+01
9.834166666666666856e+01
9.854833333333333201e+01
9.834333333333333371e+01
9.854833333333333201e+01
9.834333333333333371e+01
9.854833333333333201e+01
9.834499999999999886e+01
9.854833333333333201e+01
9.834833333333332916e+01
9.854833333333333201e+01
9.834999999999999432e+01
9.854833333333333201e+01
9.835166666666667368e+01
9.854833333333333201e+01
9.835500000000000398e+01
9.854833333333333201e+01
9.835333333333333883e+01
9.854999999999999716e+01
9.835333333333333883e+01
9.854999999999999716e+01
9.835500000000000398e+01
9.854999999999999716e+01
9.835500000000000398e+01
9.854999999999999716e+01
9.835500000000000398e+01
9.854999999999999716e+01
9.835500000000000398e+01
9.854999999999999716e+01
9.835500000000000398e+01
