2.227500000000000568e+01
2.315000000000000568e+01
2.396333333333333826e+01
2.482833333333333314e+01
2.566500000000000625e+01
2.660833333333333428e+01
2.746666666666666856e+01
2.830500000000000682e+01
2.907666666666666799e+01
2.990500000000000114e+01
3.084999999999999432e+01
3.171999999999999886e+01
3.255333333333332746e+01
3.338499999999999091e+01
3.425833333333333997e+01
3.507333333333333769e+01
3.591333333333332689e+01
3.684333333333332661e+01
3.766000000000000369e+01
3.844333333333332803e+01
3.928166666666667339e+01
4.009500000000000597e+01
4.080499999999999972e+01
4.158333333333333570e+01
4.242500000000000426e+01
4.322166666666667112e+01
4.399999999999999289e+01
4.475333333333333030e+01
4.549499999999999744e+01
4.627000000000000313e+01
4.702666666666667084e+01
4.775333333333333741e+01
4.841666666666666430e+01
4.913833333333332831e+01
4.978833333333333400e+01
5.045833333333333570e+01
5.114666666666666828e+01
5.183166666666666345e+01
5.254499999999999460e+01
5.324166666666666714e+01
5.390833333333333854e+01
5.453333333333333144e+01
5.521333333333333115e+01
5.584000000000000341e+01
5.640999999999999659e+01
5.701666666666666572e+01
5.754166666666667140e+01
5.814833333333333343e+01
5.865000000000000568e+01
5.918833333333333258e+01
5.975500000000000256e+01
6.028000000000000114e+01
6.080166666666666231e+01
6.130833333333333002e+01
6.180333333333333456e+01
6.235333333333333172e+01
6.285166666666666657e+01
6.332166666666666544e+01
6.380333333333333456e+01
6.432166666666665833e+01
6.471166666666667311e+01
6.514333333333333087e+01
6.561500000000000909e+01
6.602500000000000568e+01
6.643500000000000227e+01
6.684000000000000341e+01
6.725333333333333030e+01
6.765500000000000114e+01
6.802000000000001023e+01
6.835833333333333428e+01
6.870999999999999375e+01
6.902500000000000568e+01
6.934166666666666856e+01
6.966499999999999204e+01
6.996999999999999886e+01
7.031499999999999773e+01
7.059999999999999432e+01
7.096333333333333826e+01
7.132166666666665833e+01
7.162166666666666970e+01
7.191500000000000625e+01
7.223499999999999943e+01
7.250833333333333997e+01
7.277333333333334053e+01
7.300166666666666515e+01
7.324500000000000455e+01
7.350999999999999091e+01
7.370166666666666799e+01
7.389000000000000057e+01
7.409499999999999886e+01
7.429166666666667140e+01
7.447333333333332916e+01
7.464000000000000057e+01
7.481333333333333258e+01
7.500833333333332575e+01
7.518166666666667197e+01
7.536166666666666458e+01
7.550666666666666060e+01
7.562833333333333030e+01
7.578833333333332689e+01
