2.227500000000000568e+01
8.876333333333333542e+01
1.777666666666665662e+01
8.876333333333333542e+01
1.852333333333334053e+01
8.876333333333333542e+01
1.915000000000000568e+01
8.876333333333333542e+01
1.940833333333333144e+01
8.876333333333333542e+01
1.951333333333333542e+01
8.876333333333333542e+01
1.951333333333333542e+01
8.876333333333333542e+01
1.951333333333333542e+01
8.876333333333333542e+01
1.951333333333333542e+01
8.876333333333333542e+01
1.951333333333333542e+01
8.876333333333333542e+01
1.951333333333333542e+01
8.876333333333333542e+01
1.951333333333333542e+01
8.876333333333333542e+01
1.951333333333333542e+01
8.876333333333333542e+01
1.951333333333333542e+01
8.876333333333333542e+01
1.951333333333333542e+01
8.876333333333333542e+01
1.951333333333333542e+01
8.876333333333333542e+01
1.951333333333333542e+01
8.876333333333333542e+01
1.951333333333333542e+01
8.876333333333333542e+01
1.951333333333333542e+01
8.876333333333333542e+01
1.951333333333333542e+01
8.876333333333333542e+01
1.951333333333333542e+01
8.876333333333333542e+01
1.951333333333333542e+01
8.876333333333333542e+01
1.951333333333333542e+01
8.876333333333333542e+01
1.951333333333333542e+01
8.876333333333333542e+01
1.951333333333333542e+01
8.876333333333333542e+01
1.951333333333333542e+01
8.876333333333333542e+01
1.951333333333333542e+01
8.876333333333333542e+01
1.951333333333333542e+01
8.876333333333333542e+01
1.951333333333333542e+01
8.876333333333333542e+01
1.951333333333333542e+01
8.876333333333333542e+01
1.951333333333333542e+01
8.876333333333333542e+01
1.951333333333333542e+01
8.876333333333333542e+01
1.951333333333333542e+01
8.876333333333333542e+01
1.951333333333333542e+01
8.876333333333333542e+01
1.951333333333333542e+01
8.876333333333333542e+01
1.951333333333333542e+01
8.876333333333333542e+01
1.951333333333333542e+01
8.876333333333333542e+01
1.951333333333333542e+01
8.876333333333333542e+01
1.951333333333333542e+01
8.876333333333333542e+01
1.951333333333333542e+01
8.876333333333333542e+01
1.951333333333333542e+01
8.876333333333333542e+01
1.951333333333333542e+01
8.876333333333333542e+01
1.951333333333333542e+01
8.876333333333333542e+01
1.951333333333333542e+01
8.876333333333333542e+01
1.951333333333333542e+01
8.876333333333333542e+01
1.951333333333333542e+01
8.876333333333333542e+01
1.951333333333333542e+01
8.876333333333333542e+01
1.951333333333333542e+01
8.876333333333333542e+01
1.951333333333333542e+01
8.876333333333333542e+01
1.951333333333333542e+01
8.876333333333333542e+01
