2.227500000000000568e+01
8.395499999999999829e+01
9.115166666666667084e+01
9.596999999999999886e+01
9.064000000000000057e+01
9.555666666666667197e+01
9.022166666666666401e+01
9.507333333333333769e+01
8.975000000000000000e+01
9.466833333333333655e+01
8.934666666666666401e+01
9.395166666666666799e+01
8.901999999999999602e+01
9.352333333333334053e+01
8.886333333333332973e+01
9.214833333333334053e+01
8.880333333333332746e+01
9.226999999999999602e+01
8.877333333333334053e+01
9.068500000000000227e+01
8.876500000000000057e+01
9.099500000000000455e+01
8.876333333333333542e+01
8.978666666666666174e+01
8.876333333333333542e+01
9.068166666666667197e+01
8.876333333333333542e+01
8.940999999999999659e+01
8.876333333333333542e+01
9.085666666666666913e+01
8.876333333333333542e+01
8.950166666666666515e+01
8.876333333333333542e+01
9.021500000000000341e+01
8.876333333333333542e+01
8.940166666666667084e+01
8.876333333333333542e+01
9.106666666666666288e+01
8.876333333333333542e+01
8.975333333333333030e+01
8.876333333333333542e+01
8.970833333333332860e+01
8.876333333333333542e+01
8.983666666666667311e+01
8.876333333333333542e+01
8.993000000000000682e+01
8.876333333333333542e+01
8.982500000000000284e+01
8.876333333333333542e+01
8.971500000000000341e+01
8.876333333333333542e+01
9.035166666666665947e+01
8.876333333333333542e+01
8.932833333333333314e+01
8.876333333333333542e+01
9.103000000000000114e+01
8.876333333333333542e+01
8.948333333333333428e+01
8.876333333333333542e+01
9.061166666666666458e+01
8.876333333333333542e+01
8.919833333333333769e+01
8.876333333333333542e+01
9.125333333333333030e+01
8.876333333333333542e+01
8.966833333333333655e+01
8.876333333333333542e+01
8.975833333333332575e+01
8.876333333333333542e+01
8.981166666666666742e+01
8.876333333333333542e+01
8.976500000000000057e+01
8.876333333333333542e+01
8.960333333333333883e+01
8.876333333333333542e+01
9.075833333333333997e+01
8.876333333333333542e+01
8.957333333333333769e+01
8.876333333333333542e+01
9.026833333333333087e+01
8.876333333333333542e+01
8.943000000000000682e+01
8.876333333333333542e+01
9.119166666666666288e+01
8.876333333333333542e+01
8.962000000000000455e+01
8.876333333333333542e+01
9.006833333333332803e+01
8.876333333333333542e+01
8.948166666666666913e+01
8.876333333333333542e+01
9.089833333333334053e+01
8.876333333333333542e+01
8.942333333333333201e+01
8.876333333333333542e+01
9.096000000000000796e+01
8.876333333333333542e+01
8.943500000000000227e+01
8.876333333333333542e+01
9.028999999999999204e+01
