2.227500000000000568e+01
2.449833333333333485e+01
2.710166666666667368e+01
2.981666666666666288e+01
3.305833333333333712e+01
3.650333333333333030e+01
4.011999999999999744e+01
4.393833333333333258e+01
4.777333333333333343e+01
5.169666666666666544e+01
5.553000000000000114e+01
5.909666666666666401e+01
6.254500000000000171e+01
6.587333333333333485e+01
6.870000000000000284e+01
7.131166666666666742e+01
7.360666666666666913e+01
7.546500000000000341e+01
7.704666666666666686e+01
7.846666666666666856e+01
7.955666666666667197e+01
8.050833333333332575e+01
8.134000000000000341e+01
8.199666666666666970e+01
8.255166666666667652e+01
8.308833333333333826e+01
8.355166666666666231e+01
8.400499999999999545e+01
8.444666666666667254e+01
8.483666666666667311e+01
8.529333333333333655e+01
8.571333333333333826e+01
8.610166666666667368e+01
8.649166666666667425e+01
8.697333333333332916e+01
8.738833333333333542e+01
8.783666666666667311e+01
8.820833333333332860e+01
8.864499999999999602e+01
8.906499999999999773e+01
8.950333333333333030e+01
8.995333333333333314e+01
9.040333333333333599e+01
9.079666666666666686e+01
9.121166666666667311e+01
9.160166666666665947e+01
9.196000000000000796e+01
9.230500000000000682e+01
9.267333333333333201e+01
9.301833333333333087e+01
9.337166666666666970e+01
9.369333333333332803e+01
9.399833333333333485e+01
9.427333333333334053e+01
9.457833333333333314e+01
9.483833333333333826e+01
9.508333333333332860e+01
9.528833333333332689e+01
9.547333333333332916e+01
9.566666666666667140e+01
9.584833333333332916e+01
9.600333333333333030e+01
9.616666666666667140e+01
9.632333333333333769e+01
9.644166666666666288e+01
9.656166666666666742e+01
9.666666666666667140e+01
9.678166666666666629e+01
9.690500000000000114e+01
9.701000000000000512e+01
9.712666666666666515e+01
9.718833333333333258e+01
9.726833333333333087e+01
9.736666666666666003e+01
9.742166666666666686e+01
9.747499999999999432e+01
9.753666666666666174e+01
9.759499999999999886e+01
9.765166666666667084e+01
9.772666666666665947e+01
9.778000000000000114e+01
9.782999999999999829e+01
9.787500000000000000e+01
9.790999999999999659e+01
9.795833333333332860e+01
9.800333333333333030e+01
9.803166666666666629e+01
9.807333333333333769e+01
9.809999999999999432e+01
9.813166666666666060e+01
9.815500000000000114e+01
9.818333333333333712e+01
9.819833333333333769e+01
9.821999999999999886e+01
9.825666666666666060e+01
9.828166666666666629e+01
9.830833333333333712e+01
9.832999999999999829e+01
9.835166666666667368e+01
9.836333333333332973e+01
