2.424500000000000455e+01
9.006999999999999318e+01
1.775000000000000000e+01
9.006999999999999318e+01
1.873499999999999943e+01
9.006999999999999318e+01
1.965999999999999659e+01
9.006999999999999318e+01
2.028000000000000114e+01
9.006999999999999318e+01
2.050833333333332575e+01
9.006999999999999318e+01
2.050833333333332575e+01
9.006999999999999318e+01
2.050833333333332575e+01
9.006999999999999318e+01
2.050833333333332575e+01
9.006999999999999318e+01
2.050833333333332575e+01
9.006999999999999318e+01
2.050833333333332575e+01
9.006999999999999318e+01
2.050833333333332575e+01
9.006999999999999318e+01
2.050833333333332575e+01
9.006999999999999318e+01
2.050833333333332575e+01
9.006999999999999318e+01
2.050833333333332575e+01
9.006999999999999318e+01
2.050833333333332575e+01
9.006999999999999318e+01
2.050833333333332575e+01
9.006999999999999318e+01
2.050833333333332575e+01
9.006999999999999318e+01
2.050833333333332575e+01
9.006999999999999318e+01
2.050833333333332575e+01
9.006999999999999318e+01
2.050833333333332575e+01
9.006999999999999318e+01
2.050833333333332575e+01
9.006999999999999318e+01
2.050833333333332575e+01
9.006999999999999318e+01
2.050833333333332575e+01
9.006999999999999318e+01
2.050833333333332575e+01
9.006999999999999318e+01
2.050833333333332575e+01
9.006999999999999318e+01
2.050833333333332575e+01
9.006999999999999318e+01
2.050833333333332575e+01
9.006999999999999318e+01
2.050833333333332575e+01
9.006999999999999318e+01
2.050833333333332575e+01
9.006999999999999318e+01
2.050833333333332575e+01
9.006999999999999318e+01
2.050833333333332575e+01
9.006999999999999318e+01
2.050833333333332575e+01
9.006999999999999318e+01
2.050833333333332575e+01
9.006999999999999318e+01
2.050833333333332575e+01
9.006999999999999318e+01
2.050833333333332575e+01
9.006999999999999318e+01
2.050833333333332575e+01
9.006999999999999318e+01
2.050833333333332575e+01
9.006999999999999318e+01
2.050833333333332575e+01
9.006999999999999318e+01
2.050833333333332575e+01
9.006999999999999318e+01
2.050833333333332575e+01
9.006999999999999318e+01
2.050833333333332575e+01
9.006999999999999318e+01
2.050833333333332575e+01
9.006999999999999318e+01
2.050833333333332575e+01
9.006999999999999318e+01
2.050833333333332575e+01
9.006999999999999318e+01
2.050833333333332575e+01
9.006999999999999318e+01
2.050833333333332575e+01
9.006999999999999318e+01
2.050833333333332575e+01
9.006999999999999318e+01
2.050833333333332575e+01
9.006999999999999318e+01
2.050833333333332575e+01
9.006999999999999318e+01
