2.424500000000000455e+01
8.532166666666667254e+01
8.173333333333333428e+01
9.004666666666666686e+01
7.700833333333332575e+01
9.005500000000000682e+01
7.228000000000000114e+01
9.006833333333332803e+01
6.611333333333334394e+01
9.007500000000000284e+01
6.109333333333333371e+01
9.007500000000000284e+01
5.667833333333332746e+01
9.007500000000000284e+01
5.243166666666666487e+01
9.007333333333333769e+01
5.056000000000000227e+01
9.006999999999999318e+01
4.833333333333332860e+01
9.006999999999999318e+01
4.727499999999999858e+01
9.006999999999999318e+01
4.793666666666667453e+01
9.006999999999999318e+01
4.579666666666666686e+01
9.006999999999999318e+01
4.773666666666667169e+01
9.006999999999999318e+01
4.689666666666666117e+01
9.006999999999999318e+01
4.762499999999999289e+01
9.006999999999999318e+01
4.536999999999999744e+01
9.006999999999999318e+01
4.985666666666666913e+01
9.006999999999999318e+01
4.433166666666667055e+01
9.006999999999999318e+01
4.908833333333333115e+01
9.006999999999999318e+01
4.427666666666666373e+01
9.006999999999999318e+01
4.889333333333333087e+01
9.006999999999999318e+01
4.509666666666666401e+01
9.006999999999999318e+01
4.957999999999999829e+01
9.006999999999999318e+01
4.379333333333332945e+01
9.006999999999999318e+01
4.873499999999999233e+01
9.006999999999999318e+01
4.648833333333332973e+01
9.006999999999999318e+01
4.959000000000000341e+01
9.006999999999999318e+01
4.434333333333333371e+01
9.006999999999999318e+01
4.990500000000000114e+01
9.006999999999999318e+01
4.406499999999999773e+01
9.006999999999999318e+01
4.899000000000000199e+01
9.006999999999999318e+01
4.517833333333333456e+01
9.006999999999999318e+01
4.969500000000000028e+01
9.006999999999999318e+01
4.420666666666667055e+01
9.006999999999999318e+01
4.878000000000000114e+01
9.006999999999999318e+01
4.715333333333333599e+01
9.006999999999999318e+01
5.012333333333332774e+01
9.006999999999999318e+01
4.484499999999999886e+01
9.006999999999999318e+01
4.966000000000000369e+01
9.006999999999999318e+01
4.491833333333333655e+01
9.006999999999999318e+01
4.946833333333333371e+01
9.006999999999999318e+01
4.400333333333333741e+01
9.006999999999999318e+01
4.893999999999999773e+01
9.006999999999999318e+01
4.671499999999999631e+01
9.006999999999999318e+01
4.983166666666666345e+01
9.006999999999999318e+01
4.518833333333333258e+01
9.006999999999999318e+01
4.979833333333333201e+01
9.006999999999999318e+01
4.509166666666666146e+01
9.006999999999999318e+01
4.899499999999999744e+01
9.006999999999999318e+01
