2.424500000000000455e+01
2.986333333333332973e+01
3.647833333333333172e+01
4.378666666666666174e+01
5.172999999999999687e+01
5.935833333333333428e+01
6.627000000000001023e+01
7.201500000000000057e+01
7.647666666666665947e+01
7.984166666666666856e+01
8.224500000000000455e+01
8.393666666666666742e+01
8.505500000000000682e+01
8.581000000000000227e+01
8.641833333333333655e+01
8.700166666666666515e+01
8.762999999999999545e+01
8.821333333333333826e+01
8.872666666666665947e+01
8.930500000000000682e+01
8.987000000000000455e+01
9.037666666666666515e+01
9.081166666666666742e+01
9.125333333333333030e+01
9.170666666666666345e+01
9.207333333333333769e+01
9.246833333333333371e+01
9.276999999999999602e+01
9.309499999999999886e+01
9.339666666666666117e+01
9.366166666666666174e+01
9.392000000000000171e+01
9.411833333333333940e+01
9.432666666666666799e+01
9.443333333333333712e+01
9.459333333333333371e+01
9.468500000000000227e+01
9.481166666666666742e+01
9.491833333333333655e+01
9.505833333333333712e+01
9.513333333333333997e+01
9.523999999999999488e+01
9.529666666666666686e+01
9.540500000000000114e+01
9.545333333333333314e+01
9.551833333333333087e+01
9.561166666666666458e+01
9.563166666666666060e+01
9.571166666666667311e+01
9.574333333333333940e+01
9.583499999999999375e+01
9.581999999999999318e+01
9.594333333333332803e+01
9.592333333333333201e+01
9.601833333333333087e+01
9.600333333333333030e+01
9.610833333333333428e+01
9.608833333333333826e+01
9.620166666666666799e+01
9.611666666666667425e+01
9.623999999999999488e+01
9.622166666666666401e+01
9.634999999999999432e+01
9.626000000000000512e+01
9.640666666666666629e+01
9.632666666666666799e+01
9.648166666666666913e+01
9.634499999999999886e+01
9.653833333333332689e+01
9.643500000000000227e+01
9.660833333333333428e+01
9.646833333333333371e+01
9.665666666666666629e+01
9.651999999999999602e+01
9.672833333333333883e+01
9.654833333333333201e+01
9.676166666666667027e+01
9.662666666666666515e+01
9.682166666666667254e+01
9.664666666666666117e+01
9.686166666666666458e+01
9.668666666666666742e+01
9.691500000000000625e+01
9.670333333333333314e+01
9.692000000000000171e+01
9.675666666666666060e+01
9.696666666666666856e+01
9.675166666666666515e+01
9.698833333333332973e+01
9.679833333333333201e+01
9.701166666666667027e+01
9.680666666666667197e+01
9.704500000000000171e+01
9.687999999999999545e+01
9.705666666666667197e+01
9.688166666666666060e+01
9.709999999999999432e+01
9.690000000000000568e+01
9.714166666666666572e+01
9.691333333333332689e+01
