2.424500000000000455e+01
2.606333333333333258e+01
2.807500000000000284e+01
3.019333333333334224e+01
3.233833333333333826e+01
3.441499999999999204e+01
3.662666666666666515e+01
3.877500000000000568e+01
4.107666666666666089e+01
4.311666666666666714e+01
4.529999999999999716e+01
4.750166666666666515e+01
4.967999999999999972e+01
5.180333333333333456e+01
5.380499999999999972e+01
5.581166666666666742e+01
5.776999999999999602e+01
5.967333333333333201e+01
6.138833333333333542e+01
6.307499999999999574e+01
6.459333333333333371e+01
6.609999999999999432e+01
6.756000000000000227e+01
6.891499999999999204e+01
7.020499999999999829e+01
7.137166666666666970e+01
7.251000000000000512e+01
7.355833333333333712e+01
7.451333333333333542e+01
7.539166666666666572e+01
7.626000000000000512e+01
7.698666666666666458e+01
7.763166666666666060e+01
7.828333333333333144e+01
7.887333333333333485e+01
7.947833333333333883e+01
8.003499999999999659e+01
8.056999999999999318e+01
8.101500000000000057e+01
8.140666666666666629e+01
8.182999999999999829e+01
8.218000000000000682e+01
8.253166666666666629e+01
8.283166666666666345e+01
8.312500000000000000e+01
8.337999999999999545e+01
8.366166666666666174e+01
8.387500000000000000e+01
8.407500000000000284e+01
8.425499999999999545e+01
8.445833333333332860e+01
8.465833333333333144e+01
8.483166666666666345e+01
8.499333333333333940e+01
8.515000000000000568e+01
8.532500000000000284e+01
8.550666666666666060e+01
8.566833333333333655e+01
8.581999999999999318e+01
8.598166666666666913e+01
8.612500000000000000e+01
8.627500000000000568e+01
8.639166666666666572e+01
8.650000000000000000e+01
8.663666666666667027e+01
8.678666666666666174e+01
8.694166666666666288e+01
8.707333333333333769e+01
8.719833333333333769e+01
8.732833333333333314e+01
8.744833333333333769e+01
8.756999999999999318e+01
8.770000000000000284e+01
8.782500000000000284e+01
8.792833333333332746e+01
8.804999999999999716e+01
8.817499999999999716e+01
8.826166666666667027e+01
8.837999999999999545e+01
8.849666666666666970e+01
8.861499999999999488e+01
8.873333333333333428e+01
8.881000000000000227e+01
8.889833333333334053e+01
8.901500000000000057e+01
8.910666666666666913e+01
8.920166666666666799e+01
8.928666666666666174e+01
8.937166666666666970e+01
8.944166666666666288e+01
8.953000000000000114e+01
8.960999999999999943e+01
8.968500000000000227e+01
8.979666666666666686e+01
8.987833333333333030e+01
8.993666666666666742e+01
9.000833333333332575e+01
9.009666666666666401e+01
9.018999999999999773e+01
9.026333333333333542e+01
