2.424500000000000455e+01
2.533166666666666345e+01
2.637333333333333485e+01
2.748833333333334394e+01
2.856000000000000227e+01
2.967999999999999261e+01
3.073333333333333428e+01
3.180333333333332746e+01
3.276999999999999602e+01
3.374000000000000909e+01
3.475166666666666515e+01
3.571500000000000341e+01
3.667999999999999972e+01
3.754333333333332945e+01
3.849500000000000455e+01
3.939833333333333343e+01
4.031833333333333513e+01
4.128500000000000369e+01
4.211500000000000199e+01
4.287999999999999545e+01
4.375166666666666515e+01
4.456833333333333513e+01
4.534333333333333371e+01
4.615166666666667084e+01
4.700666666666666060e+01
4.784666666666667112e+01
4.867000000000000171e+01
4.939333333333333087e+01
5.014666666666666828e+01
5.086833333333333229e+01
5.161166666666666458e+01
5.235999999999999943e+01
5.300166666666667226e+01
5.365166666666666373e+01
5.433333333333333570e+01
5.496666666666666856e+01
5.560166666666666657e+01
5.629333333333333655e+01
5.695333333333333314e+01
5.758666666666666600e+01
5.822333333333332916e+01
5.882500000000000284e+01
5.940833333333333854e+01
5.995833333333333570e+01
6.050166666666666515e+01
6.105666666666666487e+01
6.154999999999999716e+01
6.208833333333333115e+01
6.259166666666666856e+01
6.304500000000000171e+01
6.351833333333333087e+01
6.395333333333333314e+01
6.438333333333332575e+01
6.479166666666665719e+01
6.523333333333333428e+01
6.568000000000000682e+01
6.610666666666666913e+01
6.657333333333333769e+01
6.698666666666666458e+01
6.739833333333334053e+01
6.774833333333333485e+01
6.813500000000000512e+01
6.851666666666666572e+01
6.887000000000000455e+01
6.922499999999999432e+01
6.960833333333333428e+01
6.992833333333332746e+01
7.024833333333333485e+01
7.057500000000000284e+01
7.093000000000000682e+01
7.125833333333332575e+01
7.153499999999999659e+01
7.184000000000000341e+01
7.212833333333333030e+01
7.241333333333332689e+01
7.268500000000000227e+01
7.297499999999999432e+01
7.321333333333333826e+01
7.347666666666665947e+01
7.370666666666666345e+01
7.394833333333333769e+01
7.414000000000000057e+01
7.438666666666667027e+01
7.460166666666665947e+01
7.482666666666666799e+01
7.505500000000000682e+01
7.524333333333333940e+01
7.543000000000000682e+01
7.565166666666667084e+01
7.586666666666667425e+01
7.602166666666667538e+01
7.620833333333332860e+01
7.639833333333334053e+01
7.657500000000000284e+01
7.676333333333333542e+01
7.692499999999999716e+01
7.706666666666666288e+01
7.722666666666665947e+01
7.739166666666666572e+01
7.754999999999999716e+01
