2.424500000000000455e+01
4.421833333333333371e+01
6.680166666666666231e+01
8.093500000000000227e+01
8.555500000000000682e+01
8.564666666666666117e+01
8.820000000000000284e+01
8.888833333333333542e+01
9.118333333333333712e+01
8.983166666666666345e+01
9.192666666666666231e+01
9.101666666666666572e+01
9.234166666666666856e+01
9.174333333333333940e+01
9.259833333333332916e+01
9.219499999999999318e+01
9.281666666666666288e+01
9.251166666666667027e+01
9.294833333333333769e+01
9.279999999999999716e+01
9.312333333333333485e+01
9.298166666666666913e+01
9.322833333333333883e+01
9.307999999999999829e+01
9.329333333333333655e+01
9.318999999999999773e+01
9.335500000000000398e+01
9.325499999999999545e+01
9.340000000000000568e+01
9.332166666666667254e+01
9.342833333333332746e+01
9.341333333333332689e+01
9.349666666666666970e+01
9.344333333333332803e+01
9.353499999999999659e+01
9.350166666666666515e+01
9.355333333333332746e+01
9.360333333333333883e+01
9.360666666666666913e+01
9.362000000000000455e+01
9.362500000000000000e+01
9.364833333333334053e+01
9.367166666666666686e+01
9.366666666666667140e+01
9.368000000000000682e+01
9.369833333333333769e+01
9.369333333333332803e+01
9.371833333333333371e+01
9.369499999999999318e+01
9.372499999999999432e+01
9.369666666666667254e+01
9.373333333333333428e+01
9.370833333333332860e+01
9.373833333333332973e+01
9.371999999999999886e+01
9.374500000000000455e+01
9.372333333333332916e+01
9.374833333333333485e+01
9.373166666666666913e+01
9.375333333333333030e+01
9.373333333333333428e+01
9.375333333333333030e+01
9.373666666666666458e+01
9.378666666666666174e+01
9.376833333333333087e+01
9.379500000000000171e+01
9.376999999999999602e+01
9.380166666666666231e+01
9.377166666666666117e+01
9.380166666666666231e+01
9.377833333333333599e+01
9.380166666666666231e+01
9.378499999999999659e+01
9.380166666666666231e+01
9.379000000000000625e+01
9.380166666666666231e+01
9.378833333333332689e+01
9.380500000000000682e+01
9.378833333333332689e+01
9.380500000000000682e+01
9.379000000000000625e+01
9.380666666666667197e+01
9.379000000000000625e+01
9.380666666666667197e+01
9.379000000000000625e+01
9.380666666666667197e+01
9.378666666666666174e+01
9.381000000000000227e+01
9.378833333333332689e+01
9.381000000000000227e+01
9.378833333333332689e+01
9.381000000000000227e+01
9.378833333333332689e+01
9.381000000000000227e+01
9.379000000000000625e+01
9.381166666666666742e+01
9.378833333333332689e+01
9.381166666666666742e+01
9.378833333333332689e+01
9.381166666666666742e+01
