2.424500000000000455e+01
2.561333333333332973e+01
2.702500000000000568e+01
2.845000000000000284e+01
2.996166666666665890e+01
3.147999999999998977e+01
3.283666666666667311e+01
3.429333333333333655e+01
3.570999999999999375e+01
3.713333333333332575e+01
3.851333333333333542e+01
3.992666666666666231e+01
4.138666666666667027e+01
4.261333333333333684e+01
4.394500000000000028e+01
4.522333333333333627e+01
4.658500000000000085e+01
4.789833333333333343e+01
4.917000000000000171e+01
5.044166666666666998e+01
5.168833333333333258e+01
5.283999999999999631e+01
5.393666666666666742e+01
5.507333333333333769e+01
5.625333333333333030e+01
5.739666666666666828e+01
5.840500000000000114e+01
5.948833333333332973e+01
6.046833333333333371e+01
6.138333333333333286e+01
6.232000000000000028e+01
6.320166666666666799e+01
6.406666666666666288e+01
6.480166666666667652e+01
6.559166666666666856e+01
6.645666666666667766e+01
6.722499999999999432e+01
6.791666666666665719e+01
6.863666666666667027e+01
6.928000000000000114e+01
6.995833333333332860e+01
7.060999999999999943e+01
7.124500000000000455e+01
7.179500000000000171e+01
7.235333333333332462e+01
7.287000000000000455e+01
7.340166666666667084e+01
7.390000000000000568e+01
7.435666666666666913e+01
7.477666666666667084e+01
7.521333333333333826e+01
7.563333333333332575e+01
7.602333333333334053e+01
7.642499999999999716e+01
7.676166666666667027e+01
7.711833333333333940e+01
7.745666666666666345e+01
7.775666666666666060e+01
7.806000000000000227e+01
7.835166666666665947e+01
7.862666666666666515e+01
7.892000000000000171e+01
7.923499999999999943e+01
7.953000000000000114e+01
7.976999999999999602e+01
7.999166666666667425e+01
8.023333333333333428e+01
8.045499999999999829e+01
8.066333333333332689e+01
8.088166666666666060e+01
8.106666666666666288e+01
8.125999999999999091e+01
8.145666666666666345e+01
8.164000000000000057e+01
8.179999999999999716e+01
8.198000000000000398e+01
8.213666666666667027e+01
8.228499999999999659e+01
8.242833333333334167e+01
8.256833333333332803e+01
8.270000000000000284e+01
8.284666666666666401e+01
8.299833333333333485e+01
8.314833333333334053e+01
8.327500000000000568e+01
8.342666666666666231e+01
8.353666666666666174e+01
8.362666666666666515e+01
8.373333333333333428e+01
8.385500000000000398e+01
8.396166666666667311e+01
8.403000000000000114e+01
8.409333333333333371e+01
8.415999999999999659e+01
8.425166666666666515e+01
8.435833333333333428e+01
8.443500000000000227e+01
8.451500000000000057e+01
8.459499999999999886e+01
8.466500000000000625e+01
