2.424500000000000455e+01
2.704500000000000171e+01
3.026833333333333087e+01
3.365333333333333599e+01
3.723499999999999943e+01
4.093999999999999773e+01
4.459999999999999432e+01
4.847333333333333627e+01
5.227499999999999858e+01
5.596999999999999886e+01
5.953000000000000114e+01
6.280166666666666941e+01
6.580500000000000682e+01
6.861833333333333940e+01
7.108666666666667311e+01
7.344166666666666288e+01
7.540166666666667084e+01
7.709000000000000341e+01
7.847499999999999432e+01
7.976500000000000057e+01
8.088166666666666060e+01
8.181999999999999318e+01
8.267333333333333201e+01
8.332166666666665833e+01
8.385999999999999943e+01
8.432166666666667254e+01
8.472499999999999432e+01
8.514833333333334053e+01
8.551333333333333542e+01
8.584666666666666401e+01
8.617166666666666686e+01
8.642833333333332746e+01
8.673333333333333428e+01
8.704500000000000171e+01
8.730833333333333712e+01
8.761666666666667425e+01
8.784499999999999886e+01
8.805500000000000682e+01
8.833166666666666345e+01
8.855500000000000682e+01
8.882333333333333769e+01
8.906333333333333258e+01
8.925499999999999545e+01
8.947166666666666401e+01
8.969499999999999318e+01
8.989833333333334053e+01
9.012000000000000455e+01
9.032333333333333769e+01
9.051333333333333542e+01
9.068666666666666742e+01
9.084833333333332916e+01
9.100166666666666515e+01
9.118166666666667197e+01
9.131999999999999318e+01
9.148833333333332973e+01
9.163833333333333542e+01
9.177333333333334053e+01
9.189333333333333087e+01
9.204333333333333655e+01
9.219499999999999318e+01
9.233833333333333826e+01
9.245333333333333314e+01
9.255500000000000682e+01
9.266666666666667140e+01
9.277666666666667084e+01
9.289000000000000057e+01
9.300166666666666515e+01
9.312333333333333485e+01
9.321999999999999886e+01
9.333333333333332860e+01
9.343666666666666742e+01
9.353000000000000114e+01
9.360833333333333428e+01
9.371166666666667311e+01
9.379833333333333201e+01
9.387166666666666970e+01
9.394666666666667254e+01
9.401500000000000057e+01
9.409166666666666856e+01
9.414166666666666572e+01
9.420000000000000284e+01
9.425499999999999545e+01
9.431499999999999773e+01
9.439166666666666572e+01
9.444499999999999318e+01
9.450666666666666060e+01
9.456999999999999318e+01
9.462500000000000000e+01
9.465500000000000114e+01
9.470000000000000284e+01
9.475499999999999545e+01
9.481833333333332803e+01
9.485666666666666913e+01
9.489499999999999602e+01
9.495499999999999829e+01
9.501166666666667027e+01
9.503666666666666174e+01
9.508166666666666345e+01
9.513166666666666060e+01
9.517666666666666231e+01
