6.265999999999999659e+01
6.929166666666667140e+01
7.021166666666667311e+01
7.103166666666666629e+01
7.181166666666666742e+01
7.256000000000000227e+01
7.329500000000000171e+01
7.398499999999999943e+01
7.462166666666666970e+01
7.529000000000000625e+01
7.587666666666666515e+01
7.644333333333332803e+01
7.697666666666665947e+01
7.751666666666666572e+01
7.801833333333333087e+01
7.848666666666666458e+01
7.897166666666666401e+01
7.943833333333333258e+01
7.988166666666666060e+01
8.027833333333333599e+01
8.068833333333333258e+01
8.104666666666666686e+01
8.143333333333333712e+01
8.175000000000000000e+01
8.207833333333333314e+01
8.240666666666666629e+01
8.268333333333333712e+01
8.297333333333332916e+01
8.328000000000000114e+01
8.356833333333332803e+01
8.384166666666666856e+01
8.407666666666666799e+01
8.429999999999999716e+01
8.450666666666666060e+01
8.475166666666666515e+01
8.497833333333333883e+01
8.522333333333332916e+01
8.540833333333333144e+01
8.563333333333332575e+01
8.582166666666665833e+01
8.598833333333332973e+01
8.614666666666666117e+01
8.628166666666666629e+01
8.642499999999999716e+01
8.659666666666666401e+01
8.673333333333333428e+01
8.686833333333333940e+01
8.697666666666665947e+01
8.706999999999999318e+01
8.718833333333333258e+01
8.729999999999999716e+01
8.739333333333333087e+01
8.753000000000000114e+01
8.763166666666666060e+01
8.773833333333332973e+01
8.782166666666667254e+01
8.789000000000000057e+01
8.799333333333333940e+01
8.808833333333333826e+01
8.817000000000000171e+01
8.824333333333333940e+01
8.832833333333333314e+01
8.839666666666666117e+01
8.846666666666666856e+01
8.855500000000000682e+01
8.863500000000000512e+01
8.869166666666666288e+01
8.876166666666667027e+01
8.882999999999999829e+01
8.889333333333333087e+01
8.893333333333333712e+01
8.897333333333332916e+01
8.902333333333334053e+01
8.907666666666666799e+01
8.912333333333333485e+01
8.916499999999999204e+01
8.923000000000000398e+01
8.926166666666667027e+01
8.929999999999999716e+01
8.934999999999999432e+01
8.938500000000000512e+01
8.942499999999999716e+01
8.946000000000000796e+01
8.948166666666666913e+01
8.951166666666667027e+01
8.952666666666667084e+01
8.955833333333333712e+01
8.957833333333333314e+01
8.960166666666665947e+01
8.962500000000000000e+01
8.965500000000000114e+01
8.968000000000000682e+01
8.970499999999999829e+01
8.972166666666666401e+01
8.973333333333333428e+01
8.974833333333333485e+01
8.976166666666667027e+01
8.978000000000000114e+01
8.979666666666666686e+01
8.980833333333333712e+01
