1.372666666666665947e+01
1.437333333333333485e+01
1.504999999999999716e+01
1.585666666666666913e+01
1.684833333333332916e+01
1.802166666666667538e+01
1.925499999999999545e+01
2.072666666666667368e+01
2.229500000000000171e+01
2.412500000000000000e+01
2.615666666666666629e+01
2.812333333333333485e+01
3.033666666666667311e+01
3.248666666666666458e+01
3.463000000000000966e+01
3.683166666666666345e+01
3.914666666666666117e+01
4.122333333333333627e+01
4.332166666666667254e+01
4.526500000000000057e+01
4.717999999999999972e+01
4.893833333333332547e+01
5.065333333333333599e+01
5.225000000000000000e+01
5.370833333333333570e+01
5.506333333333333258e+01
5.637333333333332774e+01
5.760666666666666913e+01
5.878166666666666629e+01
5.912833333333333030e+01
6.023499999999999943e+01
6.122166666666667112e+01
6.205166666666666941e+01
6.293833333333333258e+01
6.335333333333333172e+01
6.413166666666666060e+01
6.480833333333333712e+01
6.540000000000000568e+01
6.604833333333333201e+01
6.667000000000000171e+01
6.730166666666666231e+01
6.797833333333332462e+01
6.853999999999999204e+01
6.856666666666666288e+01
6.913333333333333997e+01
6.959000000000000341e+01
6.997333333333332916e+01
7.026000000000000512e+01
7.061499999999999488e+01
7.102500000000000568e+01
7.137333333333333485e+01
7.170499999999999829e+01
7.089000000000000057e+01
7.134499999999999886e+01
7.178000000000000114e+01
7.216166666666666174e+01
7.251000000000000512e+01
7.286333333333334394e+01
7.320999999999999375e+01
7.357666666666666799e+01
7.383333333333334281e+01
7.407333333333333769e+01
7.431333333333333258e+01
7.455666666666667197e+01
7.477666666666667084e+01
7.501500000000000057e+01
7.525666666666666060e+01
7.549333333333333940e+01
7.568666666666666742e+01
7.586166666666666458e+01
7.601166666666667027e+01
7.612333333333333485e+01
7.625499999999999545e+01
7.636833333333333940e+01
7.648000000000000398e+01
7.662333333333333485e+01
7.677500000000000568e+01
7.692499999999999716e+01
7.705166666666666231e+01
7.715833333333333144e+01
7.729999999999999716e+01
7.743166666666667197e+01
7.478333333333333144e+01
7.500999999999999091e+01
7.525499999999999545e+01
7.551166666666667027e+01
7.577666666666667084e+01
7.599833333333333485e+01
7.620499999999999829e+01
7.643000000000000682e+01
7.660333333333333883e+01
7.679999999999999716e+01
7.696833333333333371e+01
7.710833333333333428e+01
7.728000000000000114e+01
7.742666666666666231e+01
7.755500000000000682e+01
7.767499999999999716e+01
7.779500000000000171e+01
7.790999999999999659e+01
