3.568333333333333712e+01
6.675333333333333030e+01
8.267000000000000171e+01
8.530500000000000682e+01
8.507666666666666799e+01
8.634000000000000341e+01
8.818833333333333258e+01
8.989666666666666117e+01
9.190666666666666629e+01
9.174500000000000455e+01
9.240000000000000568e+01
9.304833333333333201e+01
9.361333333333332973e+01
9.370499999999999829e+01
9.381333333333333258e+01
9.431833333333332803e+01
9.415000000000000568e+01
9.466333333333332689e+01
9.454666666666666686e+01
9.480666666666667197e+01
9.506000000000000227e+01
9.503666666666666174e+01
9.547499999999999432e+01
9.509833333333332916e+01
9.596999999999999886e+01
9.521666666666666856e+01
9.634000000000000341e+01
9.611499999999999488e+01
9.663333333333333997e+01
9.570333333333333314e+01
9.698333333333333428e+01
9.729333333333333655e+01
9.681166666666666742e+01
9.666833333333333655e+01
9.734166666666666856e+01
9.625833333333333997e+01
9.753000000000000114e+01
9.773833333333332973e+01
9.778666666666666174e+01
9.662500000000000000e+01
9.793166666666667197e+01
9.775833333333333997e+01
9.708499999999999375e+01
9.801333333333333542e+01
9.809333333333333371e+01
9.762833333333333030e+01
9.758499999999999375e+01
9.809666666666666401e+01
9.714666666666666117e+01
9.816500000000000625e+01
9.796666666666666856e+01
9.737999999999999545e+01
9.825000000000000000e+01
9.829333333333333655e+01
9.785333333333333883e+01
9.833833333333333826e+01
9.731000000000000227e+01
9.839000000000000057e+01
9.801500000000000057e+01
9.777333333333334053e+01
9.838666666666667027e+01
9.813833333333333542e+01
9.837500000000000000e+01
9.715666666666666629e+01
9.841500000000000625e+01
9.813333333333333997e+01
9.765000000000000568e+01
9.844666666666667254e+01
9.844499999999999318e+01
9.712833333333333030e+01
9.844166666666666288e+01
9.822333333333332916e+01
9.759000000000000341e+01
9.849500000000000455e+01
9.818833333333333258e+01
9.764666666666666117e+01
9.850833333333333997e+01
9.828499999999999659e+01
9.750333333333333030e+01
9.851999999999999602e+01
9.798000000000000398e+01
9.778333333333333144e+01
9.851999999999999602e+01
9.848999999999999488e+01
9.812000000000000455e+01
9.767166666666666686e+01
9.850666666666666060e+01
9.831000000000000227e+01
9.737833333333333030e+01
9.852500000000000568e+01
9.809000000000000341e+01
9.767333333333333201e+01
9.853666666666666174e+01
9.836166666666666458e+01
9.725333333333333030e+01
9.851833333333333087e+01
9.816333333333332689e+01
9.758666666666667311e+01
9.857333333333333769e+01
9.809333333333333371e+01
9.760999999999999943e+01
9.854999999999999716e+01
9.817833333333332746e+01
9.747166666666666401e+01
9.857333333333333769e+01
9.790666666666666629e+01
9.765999999999999659e+01
9.853499999999999659e+01
9.851333333333333542e+01
9.843666666666666742e+01
9.728666666666666174e+01
9.851833333333333087e+01
9.825000000000000000e+01
9.753666666666666174e+01
9.856333333333333258e+01
9.800833333333333997e+01
9.771166666666667311e+01
9.856499999999999773e+01
9.850166666666666515e+01
9.762833333333333030e+01
9.856000000000000227e+01
9.815166666666667084e+01
9.776166666666667027e+01
9.857666666666666799e+01
9.839166666666666572e+01
9.732666666666666799e+01
9.853000000000000114e+01
9.820333333333333314e+01
9.761333333333332973e+01
9.858166666666666345e+01
9.808333333333332860e+01
9.765666666666666629e+01
9.860999999999999943e+01
9.826166666666667027e+01
9.741166666666666174e+01
9.855833333333333712e+01
9.800833333333333997e+01
9.762333333333333485e+01
9.857666666666666799e+01
9.845000000000000284e+01
9.718999999999999773e+01
9.848333333333333428e+01
9.818666666666666742e+01
9.751166666666667027e+01
9.856999999999999318e+01
9.806166666666666742e+01
9.759000000000000341e+01
9.854999999999999716e+01
9.826000000000000512e+01
9.729999999999999716e+01
9.852166666666666117e+01
9.803000000000000114e+01
9.748833333333332973e+01
9.855833333333333712e+01
9.824833333333333485e+01
9.723833333333332973e+01
9.853166666666666629e+01
9.800000000000000000e+01
9.745833333333332860e+01
9.853666666666666174e+01
9.837166666666666970e+01
9.707999999999999829e+01
9.849666666666666970e+01
9.813833333333333542e+01
9.736833333333333940e+01
9.851999999999999602e+01
9.804666666666666686e+01
9.739333333333333087e+01
9.854166666666667140e+01
9.817833333333332746e+01
9.720666666666666345e+01
9.851333333333333542e+01
9.795833333333332860e+01
9.735500000000000398e+01
9.851833333333333087e+01
9.843666666666666742e+01
9.713500000000000512e+01
9.847333333333332916e+01
9.812999999999999545e+01
9.733499999999999375e+01
9.852500000000000568e+01
9.806499999999999773e+01
9.735500000000000398e+01
9.850666666666666060e+01
9.809333333333333371e+01
9.727333333333332632e+01
9.851000000000000512e+01
9.789333333333333087e+01
9.740000000000000568e+01
9.851166666666667027e+01
9.847833333333333883e+01
9.822666666666665947e+01
9.837833333333333030e+01
9.705666666666667197e+01
9.844499999999999318e+01
9.820000000000000284e+01
9.732999999999999829e+01
9.852166666666666117e+01
9.804999999999999716e+01
9.744499999999999318e+01
9.853666666666666174e+01
9.823833333333332973e+01
9.722166666666666401e+01
9.851999999999999602e+01
9.804666666666666686e+01
9.735833333333333428e+01
9.853333333333333144e+01
9.815666666666666629e+01
9.720833333333332860e+01
9.851333333333333542e+01
9.791833333333333655e+01
9.739499999999999602e+01
9.853499999999999659e+01
9.845999999999999375e+01
9.706166666666666742e+01
9.849666666666666970e+01
9.816333333333332689e+01
9.733666666666667311e+01
9.853166666666666629e+01
9.809000000000000341e+01
9.734666666666666401e+01
9.852333333333332632e+01
9.816333333333332689e+01
9.719666666666667254e+01
9.850333333333333030e+01
9.792000000000000171e+01
9.735333333333333883e+01
9.854666666666666686e+01
9.845666666666666345e+01
9.701999999999999602e+01
9.847166666666666401e+01
9.815500000000000114e+01
9.729833333333333201e+01
9.851833333333333087e+01
9.805833333333333712e+01
9.730166666666666231e+01
9.852833333333333599e+01
9.811499999999999488e+01
9.715500000000000114e+01
9.849333333333333940e+01
9.789333333333333087e+01
9.735333333333333883e+01
9.852333333333332632e+01
9.848666666666666458e+01
9.807500000000000284e+01
9.845499999999999829e+01
9.700833333333333997e+01
9.842499999999999716e+01
9.826666666666666572e+01
9.726000000000000512e+01
9.851666666666666572e+01
9.810833333333333428e+01
9.739166666666666572e+01
9.854000000000000625e+01
9.825833333333333997e+01
9.718000000000000682e+01
9.852666666666667084e+01
9.807166666666667254e+01
9.732333333333333769e+01
9.854333333333333655e+01
9.814833333333332632e+01
9.720999999999999375e+01
9.849833333333333485e+01
9.794499999999999318e+01
9.734666666666666401e+01
9.852666666666667084e+01
9.839499999999999602e+01
9.698833333333332973e+01
9.848333333333333428e+01
9.812333333333333485e+01
9.726166666666667027e+01
9.851333333333333542e+01
9.805833333333333712e+01
9.726833333333333087e+01
9.850166666666666515e+01
9.820999999999999375e+01
9.707666666666666799e+01
9.847666666666667368e+01
9.796333333333333826e+01
9.727166666666666117e+01
9.851000000000000512e+01
9.840166666666667084e+01
9.698666666666666458e+01
9.846500000000000341e+01
9.811833333333333940e+01
9.723499999999999943e+01
9.850333333333333030e+01
9.806000000000000227e+01
9.724833333333333485e+01
9.851999999999999602e+01
9.816166666666666174e+01
9.709999999999999432e+01
9.848333333333333428e+01
9.791666666666667140e+01
9.724333333333333940e+01
9.850499999999999545e+01
9.843166666666667197e+01
9.714333333333333087e+01
9.847666666666667368e+01
9.810833333333333428e+01
9.729166666666667140e+01
9.850833333333333997e+01
9.806333333333333258e+01
9.726666666666666572e+01
9.849666666666666970e+01
9.809833333333332916e+01
9.714166666666666572e+01
9.847166666666666401e+01
9.789166666666666572e+01
9.728833333333332689e+01
9.851333333333333542e+01
9.848166666666666913e+01
9.810166666666665947e+01
9.843500000000000227e+01
9.692666666666666231e+01
9.841500000000000625e+01
9.825499999999999545e+01
9.720666666666666345e+01
9.851999999999999602e+01
9.809666666666666401e+01
9.732166666666667254e+01
9.854333333333333655e+01
9.822833333333333883e+01
9.717666666666666231e+01
9.851999999999999602e+01
9.803499999999999659e+01
9.730833333333333712e+01
9.853166666666666629e+01
9.823333333333333428e+01
9.712000000000000455e+01
9.850166666666666515e+01
9.801000000000000512e+01
9.730333333333332746e+01
9.852666666666667084e+01
9.838333333333333997e+01
9.698000000000000398e+01
9.849833333333333485e+01
9.811666666666666003e+01
9.726000000000000512e+01
9.851166666666667027e+01
9.809833333333332916e+01
9.720833333333332860e+01
9.850333333333333030e+01
9.807999999999999829e+01
9.716166666666666174e+01
9.848333333333333428e+01
9.813166666666666060e+01
9.711333333333332973e+01
9.847333333333332916e+01
9.789833333333334053e+01
9.722666666666665947e+01
9.849166666666666003e+01
9.847833333333333883e+01
9.770499999999999829e+01
9.851500000000000057e+01
9.846333333333333826e+01
9.823833333333332973e+01
9.744666666666667254e+01
9.854000000000000625e+01
9.810666666666666913e+01
9.755833333333333712e+01
9.853833333333332689e+01
9.842333333333333201e+01
9.717833333333332746e+01
9.849333333333333940e+01
9.821333333333333826e+01
9.738333333333333997e+01
9.854999999999999716e+01
9.805500000000000682e+01
9.746666666666666856e+01
9.855666666666667197e+01
9.832666666666666799e+01
9.715833333333333144e+01
9.852166666666666117e+01
9.806000000000000227e+01
9.739166666666666572e+01
9.854999999999999716e+01
9.819666666666667254e+01
9.720833333333332860e+01
9.853499999999999659e+01
9.792499999999999716e+01
9.736166666666666458e+01
9.852833333333333599e+01
9.845999999999999375e+01
9.707333333333333769e+01
9.850833333333333997e+01
9.817499999999999716e+01
9.730500000000000682e+01
9.852500000000000568e+01
9.804999999999999716e+01
9.733499999999999375e+01
9.853333333333333144e+01
9.814499999999999602e+01
9.718999999999999773e+01
9.852500000000000568e+01
9.791833333333333655e+01
9.736499999999999488e+01
9.853166666666666629e+01
9.849500000000000455e+01
9.737999999999999545e+01
9.853499999999999659e+01
9.807500000000000284e+01
9.747166666666666401e+01
9.854333333333333655e+01
9.825666666666666060e+01
9.717833333333332746e+01
9.852833333333333599e+01
9.801833333333333087e+01
9.736833333333333940e+01
9.855833333333333712e+01
9.817333333333333201e+01
9.721333333333333826e+01
9.852333333333332632e+01
9.790666666666666629e+01
9.737000000000000455e+01
9.855333333333332746e+01
9.849833333333333485e+01
9.807500000000000284e+01
9.846833333333333371e+01
9.699166666666666003e+01
9.843666666666666742e+01
9.827333333333334053e+01
9.726333333333333542e+01
9.852333333333332632e+01
9.813333333333333997e+01
9.739000000000000057e+01
9.855833333333333712e+01
9.822333333333332916e+01
9.724500000000000455e+01
9.854999999999999716e+01
9.801833333333333087e+01
9.737666666666666515e+01
9.855166666666666231e+01
9.830666666666667197e+01
9.707666666666666799e+01
9.853499999999999659e+01
9.806499999999999773e+01
9.734000000000000341e+01
9.854333333333333655e+01
9.823166666666666913e+01
9.713333333333333997e+01
9.852333333333332632e+01
9.799833333333333485e+01
9.730833333333333712e+01
9.854333333333333655e+01
9.832999999999999829e+01
9.699166666666666003e+01
9.850333333333333030e+01
9.807666666666666799e+01
9.727166666666666117e+01
9.852833333333333599e+01
9.816333333333332689e+01
9.712166666666666970e+01
9.850000000000000000e+01
9.792833333333332746e+01
9.728666666666666174e+01
9.851666666666666572e+01
9.845333333333333314e+01
9.732166666666667254e+01
9.851666666666666572e+01
9.807166666666667254e+01
9.742000000000000171e+01
9.853666666666666174e+01
9.837166666666666970e+01
9.706166666666666742e+01
9.850166666666666515e+01
9.809833333333332916e+01
9.730166666666666231e+01
9.853499999999999659e+01
9.809499999999999886e+01
9.726166666666667027e+01
9.851833333333333087e+01
9.805166666666666231e+01
9.724166666666666003e+01
9.851666666666666572e+01
9.817166666666666686e+01
9.714666666666666117e+01
9.850833333333333997e+01
9.788500000000000512e+01
9.730333333333332746e+01
9.852833333333333599e+01
9.849833333333333485e+01
9.815500000000000114e+01
9.841500000000000625e+01
9.698000000000000398e+01
9.845666666666666345e+01
9.824666666666666970e+01
9.725166666666666515e+01
9.852333333333332632e+01
9.807999999999999829e+01
9.740666666666666629e+01
9.854500000000000171e+01
9.829166666666667140e+01
9.713166666666666060e+01
9.855166666666666231e+01
9.808166666666666345e+01
9.729000000000000625e+01
9.854666666666666686e+01
9.815999999999999659e+01
9.716166666666666174e+01
9.851666666666666572e+01
9.791500000000000625e+01
9.733166666666666345e+01
9.853166666666666629e+01
9.843666666666666742e+01
9.700333333333333030e+01
9.848666666666666458e+01
9.814833333333332632e+01
9.724666666666666970e+01
9.853166666666666629e+01
9.808666666666667311e+01
9.725666666666666060e+01
9.853499999999999659e+01
9.814000000000000057e+01
9.717666666666666231e+01
9.851666666666666572e+01
9.789333333333333087e+01
9.730333333333332746e+01
9.851666666666666572e+01
9.847833333333333883e+01
9.756499999999999773e+01
9.853333333333333144e+01
9.847833333333333883e+01
9.707166666666667254e+01
9.848666666666666458e+01
9.827333333333334053e+01
9.729833333333333201e+01
9.854833333333333201e+01
9.810500000000000398e+01
9.743833333333333258e+01
9.856666666666666288e+01
9.825166666666666515e+01
9.720333333333333314e+01
9.855166666666666231e+01
9.802833333333333599e+01
9.735999999999999943e+01
9.854166666666667140e+01
9.835333333333333883e+01
9.702500000000000568e+01
9.850333333333333030e+01
9.809999999999999432e+01
9.728000000000000114e+01
9.853666666666666174e+01
9.811833333333333940e+01
9.718666666666666742e+01
9.851666666666666572e+01
9.790000000000000568e+01
9.732333333333333769e+01
9.853000000000000114e+01
9.849666666666666970e+01
9.795666666666666345e+01
9.847666666666667368e+01
9.706000000000000227e+01
9.844166666666666288e+01
9.825666666666666060e+01
9.726666666666666572e+01
9.852500000000000568e+01
9.812166666666666970e+01
9.738833333333333542e+01
9.854666666666666686e+01
9.826500000000000057e+01
9.710666666666666913e+01
9.851666666666666572e+01
9.808833333333333826e+01
9.730333333333332746e+01
9.856000000000000227e+01
9.816666666666667140e+01
9.716833333333333655e+01
9.852333333333332632e+01
9.796500000000000341e+01
9.732166666666667254e+01
9.852666666666667084e+01
9.842499999999999716e+01
9.693999999999999773e+01
9.848499999999999943e+01
9.815000000000000568e+01
9.726166666666667027e+01
9.854166666666667140e+01
9.808666666666667311e+01
9.725666666666666060e+01
9.853499999999999659e+01
9.812500000000000000e+01
9.716333333333332689e+01
9.852333333333332632e+01
9.789499999999999602e+01
9.727500000000000568e+01
9.851333333333333542e+01
9.850666666666666060e+01
9.815833333333333144e+01
9.842833333333332746e+01
9.696333333333333826e+01
9.843500000000000227e+01
9.825666666666666060e+01
9.720333333333333314e+01
9.852833333333333599e+01
9.808166666666666345e+01
9.733833333333333826e+01
9.854833333333333201e+01
9.824333333333333940e+01
9.712666666666666515e+01
9.853499999999999659e+01
9.804833333333333201e+01
9.729833333333333201e+01
9.855666666666667197e+01
9.821500000000000341e+01
9.712500000000000000e+01
9.851333333333333542e+01
9.798333333333333428e+01
9.730500000000000682e+01
9.853833333333332689e+01
9.843833333333333258e+01
9.694166666666666288e+01
9.850000000000000000e+01
9.813333333333333997e+01
9.722499999999999432e+01
9.853666666666666174e+01
9.808833333333333826e+01
9.725499999999999545e+01
9.852500000000000568e+01
9.818000000000000682e+01
9.707999999999999829e+01
9.850666666666666060e+01
9.794333333333332803e+01
9.726000000000000512e+01
9.851000000000000512e+01
9.846333333333333826e+01
9.706333333333333258e+01
9.848333333333333428e+01
9.814000000000000057e+01
9.725333333333333030e+01
9.852833333333333599e+01
9.803166666666666629e+01
9.727666666666667084e+01
9.851333333333333542e+01
9.818166666666667197e+01
9.707166666666667254e+01
9.851666666666666572e+01
9.795166666666666799e+01
9.730333333333332746e+01
9.851666666666666572e+01
9.847666666666667368e+01
9.713166666666666060e+01
9.849333333333333940e+01
9.815666666666666629e+01
9.727500000000000568e+01
9.854666666666666686e+01
9.807333333333333769e+01
9.729999999999999716e+01
9.852333333333332632e+01
9.815500000000000114e+01
9.713333333333333997e+01
9.851333333333333542e+01
9.793999999999999773e+01
9.728666666666666174e+01
9.853166666666666629e+01
9.846833333333333371e+01
9.701666666666666572e+01
9.847333333333332916e+01
9.815166666666667084e+01
9.724500000000000455e+01
9.852166666666666117e+01
9.805666666666667197e+01
9.729000000000000625e+01
9.853333333333333144e+01
9.815000000000000568e+01
9.711166666666666458e+01
9.849500000000000455e+01
9.793000000000000682e+01
9.728166666666666629e+01
9.852333333333332632e+01
9.846666666666666856e+01
9.703499999999999659e+01
9.850000000000000000e+01
9.815166666666667084e+01
9.725000000000000000e+01
9.852833333333333599e+01
9.806833333333332803e+01
9.728333333333333144e+01
9.852666666666667084e+01
9.812999999999999545e+01
9.715666666666666629e+01
9.850499999999999545e+01
9.790833333333333144e+01
9.729166666666667140e+01
9.853833333333332689e+01
9.849333333333333940e+01
9.810166666666665947e+01
9.844833333333333769e+01
9.688666666666667027e+01
9.843333333333333712e+01
9.828000000000000114e+01
9.721333333333333826e+01
9.852333333333332632e+01
9.812500000000000000e+01
9.734333333333333371e+01
9.856999999999999318e+01
9.823499999999999943e+01
9.718833333333333258e+01
9.853833333333332689e+01
9.802833333333333599e+01
9.733499999999999375e+01
9.854000000000000625e+01
9.830500000000000682e+01
9.701666666666666572e+01
9.852333333333332632e+01
9.806333333333333258e+01
9.728833333333332689e+01
9.853666666666666174e+01
9.826833333333333087e+01
9.704333333333333655e+01
9.850333333333333030e+01
9.803000000000000114e+01
9.725833333333333997e+01
9.852833333333333599e+01
9.821166666666667311e+01
9.702833333333333599e+01
9.849666666666666970e+01
9.797833333333333883e+01
9.722499999999999432e+01
9.850833333333333997e+01
9.835666666666666913e+01
9.689333333333333087e+01
9.848666666666666458e+01
9.810333333333333883e+01
9.718333333333333712e+01
9.850666666666666060e+01
9.806999999999999318e+01
9.718500000000000227e+01
9.849833333333333485e+01
9.812999999999999545e+01
9.710333333333333883e+01
9.849500000000000455e+01
9.792000000000000171e+01
9.718166666666667197e+01
9.851000000000000512e+01
9.845000000000000284e+01
9.747499999999999432e+01
9.851999999999999602e+01
9.842166666666666686e+01
9.705666666666667197e+01
9.848166666666666913e+01
9.820166666666666799e+01
9.728833333333332689e+01
9.854500000000000171e+01
9.803666666666666174e+01
9.741500000000000625e+01
9.855333333333332746e+01
9.844333333333332803e+01
9.697333333333332916e+01
9.851000000000000512e+01
9.817000000000000171e+01
9.723499999999999943e+01
9.852833333333333599e+01
9.803833333333332689e+01
9.735333333333333883e+01
9.854833333333333201e+01
9.835833333333333428e+01
9.693500000000000227e+01
9.850333333333333030e+01
9.812000000000000455e+01
9.723833333333332973e+01
9.852166666666666117e+01
9.807833333333333314e+01
9.721500000000000341e+01
9.853166666666666629e+01
9.808166666666666345e+01
9.716833333333333655e+01
9.851000000000000512e+01
9.814499999999999602e+01
9.709666666666666401e+01
9.848833333333332973e+01
9.788666666666667027e+01
9.721833333333333371e+01
9.850833333333333997e+01
9.847666666666667368e+01
9.798666666666666458e+01
9.847333333333332916e+01
9.696166666666667311e+01
9.841833333333333655e+01
9.826333333333333542e+01
9.718833333333333258e+01
9.849500000000000455e+01
9.812999999999999545e+01
9.730666666666667197e+01
9.854500000000000171e+01
9.825499999999999545e+01
9.706333333333333258e+01
9.850000000000000000e+01
9.808166666666666345e+01
9.724666666666666970e+01
9.854500000000000171e+01
9.816666666666667140e+01
9.709166666666666856e+01
9.850499999999999545e+01
9.797166666666666401e+01
9.724833333333333485e+01
9.851999999999999602e+01
9.841666666666667140e+01
9.691833333333333655e+01
9.847333333333332916e+01
9.815166666666667084e+01
9.720999999999999375e+01
9.852833333333333599e+01
9.808833333333333826e+01
9.721999999999999886e+01
9.853000000000000114e+01
9.811833333333333940e+01
9.712666666666666515e+01
9.851000000000000512e+01
9.789166666666666572e+01
9.724333333333333940e+01
9.851333333333333542e+01
9.851000000000000512e+01
9.805333333333332746e+01
9.845166666666666799e+01
9.693000000000000682e+01
9.843000000000000682e+01
9.828166666666666629e+01
9.716833333333333655e+01
9.851333333333333542e+01
9.812333333333333485e+01
9.730166666666666231e+01
9.855666666666667197e+01
9.822833333333333883e+01
9.713833333333333542e+01
9.852833333333333599e+01
9.804833333333333201e+01
9.726333333333333542e+01
9.855166666666666231e+01
9.825833333333333997e+01
9.706000000000000227e+01
9.850000000000000000e+01
9.804166666666667140e+01
9.725166666666666515e+01
9.853166666666666629e+01
9.832833333333333314e+01
9.692333333333333201e+01
9.849166666666666003e+01
9.809999999999999432e+01
9.721833333333333371e+01
9.851500000000000057e+01
9.818000000000000682e+01
9.704500000000000171e+01
9.849333333333333940e+01
9.797166666666666401e+01
9.720999999999999375e+01
9.849166666666666003e+01
9.843166666666667197e+01
9.693999999999999773e+01
9.847333333333332916e+01
9.815333333333333599e+01
9.718999999999999773e+01
9.850499999999999545e+01
9.808499999999999375e+01
9.718333333333333712e+01
9.850333333333333030e+01
9.809999999999999432e+01
9.711666666666666003e+01
9.850833333333333997e+01
9.799333333333333940e+01
9.717000000000000171e+01
9.850666666666666060e+01
9.835166666666667368e+01
9.693666666666666742e+01
9.846999999999999886e+01
9.810333333333333883e+01
9.716333333333332689e+01
9.848499999999999943e+01
9.806499999999999773e+01
9.715000000000000568e+01
9.847666666666667368e+01
9.816666666666667140e+01
9.707500000000000284e+01
9.846833333333333371e+01
9.787833333333333030e+01
9.720666666666666345e+01
9.849166666666666003e+01
9.847333333333332916e+01
9.819333333333332803e+01
9.838333333333333997e+01
9.698000000000000398e+01
9.844166666666666288e+01
9.820833333333332860e+01
9.720999999999999375e+01
9.852333333333332632e+01
9.811833333333333940e+01
9.726833333333333087e+01
9.853000000000000114e+01
9.821333333333333826e+01
9.714333333333333087e+01
9.850166666666666515e+01
9.801833333333333087e+01
9.727333333333332632e+01
9.853000000000000114e+01
9.830333333333332746e+01
9.698499999999999943e+01
9.848833333333332973e+01
9.806666666666666288e+01
9.722833333333333883e+01
9.851166666666667027e+01
9.815999999999999659e+01
9.707833333333333314e+01
9.850499999999999545e+01
9.789499999999999602e+01
9.726333333333333542e+01
9.852666666666667084e+01
9.846166666666667311e+01
9.728833333333332689e+01
9.852333333333332632e+01
9.809499999999999886e+01
9.738333333333333997e+01
9.854333333333333655e+01
9.826999999999999602e+01
9.709499999999999886e+01
9.849666666666666970e+01
9.805166666666666231e+01
9.728000000000000114e+01
9.851999999999999602e+01
9.813833333333333542e+01
9.712833333333333030e+01
9.851333333333333542e+01
9.789166666666666572e+01
9.729999999999999716e+01
9.851666666666666572e+01
9.849666666666666970e+01
9.798166666666666913e+01
9.846833333333333371e+01
9.695166666666666799e+01
9.841500000000000625e+01
9.826166666666667027e+01
9.723499999999999943e+01
9.853000000000000114e+01
9.811666666666666003e+01
9.734499999999999886e+01
9.854833333333333201e+01
9.823833333333332973e+01
9.710833333333333428e+01
9.851833333333333087e+01
9.808499999999999375e+01
9.728499999999999659e+01
9.855333333333332746e+01
9.818166666666667197e+01
9.714666666666666117e+01
9.851666666666666572e+01
9.795666666666666345e+01
9.731499999999999773e+01
9.853333333333333144e+01
9.842666666666666231e+01
9.690999999999999659e+01
9.848166666666666913e+01
9.815666666666666629e+01
9.723999999999999488e+01
9.853666666666666174e+01
9.807333333333333769e+01
9.728333333333333144e+01
9.852833333333333599e+01
9.821666666666666856e+01
9.709333333333333371e+01
9.851999999999999602e+01
9.796666666666666856e+01
9.725833333333333997e+01
9.852166666666666117e+01
9.837833333333333030e+01
9.692000000000000171e+01
9.849333333333333940e+01
9.811666666666666003e+01
9.719833333333333769e+01
9.850666666666666060e+01
9.807666666666666799e+01
9.718166666666667197e+01
9.850833333333333997e+01
9.816333333333332689e+01
9.707666666666666799e+01
9.848833333333332973e+01
9.793000000000000682e+01
9.721500000000000341e+01
9.850499999999999545e+01
9.842666666666666231e+01
9.703000000000000114e+01
9.846666666666666856e+01
9.814000000000000057e+01
9.722166666666666401e+01
9.852500000000000568e+01
9.809499999999999886e+01
9.723333333333333428e+01
9.850166666666666515e+01
9.809499999999999886e+01
9.714666666666666117e+01
9.849333333333333940e+01
9.794499999999999318e+01
9.721999999999999886e+01
9.849833333333333485e+01
9.836666666666666003e+01
9.696166666666667311e+01
9.847833333333333883e+01
9.809000000000000341e+01
9.720833333333332860e+01
9.849500000000000455e+01
9.807833333333333314e+01
9.716500000000000625e+01
