5.801833333333333087e+01
6.306833333333333513e+01
6.752166666666667538e+01
7.130500000000000682e+01
7.442833333333334167e+01
7.679833333333333201e+01
7.873166666666666913e+01
8.024166666666667425e+01
8.125999999999999091e+01
8.206999999999999318e+01
8.273333333333333428e+01
8.331833333333332803e+01
8.382833333333333314e+01
8.427333333333334053e+01
8.470000000000000284e+01
8.508333333333332860e+01
8.551666666666666572e+01
8.598000000000000398e+01
8.638500000000000512e+01
8.688666666666667027e+01
8.735833333333333428e+01
8.793333333333333712e+01
8.848833333333332973e+01
8.909166666666666856e+01
8.973166666666666913e+01
9.034999999999999432e+01
9.095833333333332860e+01
9.157333333333333769e+01
9.219666666666667254e+01
9.283833333333333826e+01
9.335166666666665947e+01
9.384166666666666856e+01
9.428666666666666174e+01
9.465666666666666629e+01
9.498333333333333428e+01
9.531166666666666742e+01
9.563333333333333997e+01
9.597333333333332916e+01
9.625666666666666060e+01
9.649333333333333940e+01
9.670999999999999375e+01
9.688333333333333997e+01
9.705666666666667197e+01
9.719333333333332803e+01
9.731833333333332803e+01
9.744333333333332803e+01
9.757666666666666799e+01
9.768500000000000227e+01
9.776666666666666572e+01
9.785999999999999943e+01
9.793666666666666742e+01
9.800333333333333030e+01
9.804999999999999716e+01
9.811333333333332973e+01
9.814166666666666572e+01
9.819499999999999318e+01
9.823999999999999488e+01
9.827500000000000568e+01
9.831000000000000227e+01
9.834999999999999432e+01
9.838333333333333997e+01
9.842000000000000171e+01
9.845999999999999375e+01
9.848999999999999488e+01
9.850833333333333997e+01
9.852666666666667084e+01
9.855666666666667197e+01
9.857166666666667254e+01
9.859166666666666856e+01
9.861333333333332973e+01
9.862999999999999545e+01
9.864666666666666117e+01
9.865999999999999659e+01
9.867166666666666686e+01
9.867666666666666231e+01
9.868166666666667197e+01
9.868500000000000227e+01
9.869166666666666288e+01
9.870999999999999375e+01
9.872833333333333883e+01
9.873999999999999488e+01
9.876333333333333542e+01
9.877833333333333599e+01
9.879666666666666686e+01
9.881499999999999773e+01
9.883166666666666345e+01
9.884166666666666856e+01
9.885833333333333428e+01
9.886166666666666458e+01
9.887166666666666970e+01
9.888333333333333997e+01
9.889166666666666572e+01
9.889666666666666117e+01
9.890166666666667084e+01
9.891333333333332689e+01
9.891666666666667140e+01
9.892666666666666231e+01
9.892833333333332746e+01
9.893833333333333258e+01
9.894499999999999318e+01
