6.263333333333333286e+01
6.541499999999999204e+01
6.598333333333333428e+01
6.653833333333332689e+01
6.702166666666667538e+01
6.754666666666666686e+01
6.807000000000000739e+01
6.853499999999999659e+01
6.902166666666666117e+01
6.943333333333333712e+01
6.977666666666667084e+01
7.020499999999999829e+01
7.059999999999999432e+01
7.096333333333333826e+01
7.135833333333333428e+01
7.171000000000000796e+01
7.196166666666667311e+01
7.228833333333332689e+01
7.256166666666666742e+01
7.282999999999999829e+01
7.294166666666666288e+01
7.325833333333332575e+01
7.351333333333333542e+01
7.375833333333332575e+01
7.399833333333333485e+01
7.420499999999999829e+01
7.441666666666665719e+01
7.459333333333333371e+01
7.478999999999999204e+01
7.496999999999999886e+01
7.514000000000000057e+01
7.523333333333333428e+01
7.540166666666667084e+01
7.550499999999999545e+01
7.567333333333333201e+01
7.582333333333333769e+01
7.598999999999999488e+01
7.613833333333333542e+01
7.628000000000000114e+01
7.638833333333333542e+01
7.651999999999999602e+01
7.653833333333332689e+01
7.666666666666667140e+01
7.680333333333334167e+01
7.688666666666667027e+01
7.696666666666666856e+01
7.706166666666666742e+01
7.712999999999999545e+01
7.722833333333332462e+01
7.734666666666666401e+01
7.753333333333333144e+01
7.767499999999999716e+01
7.785999999999999943e+01
7.795666666666666345e+01
7.798499999999999943e+01
7.807833333333333314e+01
7.816666666666667140e+01
7.825166666666666515e+01
7.828000000000000114e+01
7.832333333333333769e+01
7.839333333333333087e+01
7.844166666666666288e+01
7.850666666666666060e+01
7.858500000000000796e+01
7.870000000000000284e+01
7.878833333333332689e+01
7.887999999999999545e+01
7.893333333333333712e+01
7.898999999999999488e+01
7.904833333333333201e+01
7.913166666666666060e+01
7.915833333333333144e+01
7.922499999999999432e+01
7.931166666666666742e+01
7.936666666666667425e+01
7.941499999999999204e+01
7.932333333333333769e+01
7.939499999999999602e+01
7.952166666666666117e+01
7.953000000000000114e+01
7.959000000000000341e+01
7.967499999999999716e+01
7.971500000000000341e+01
7.975000000000000000e+01
7.979166666666667140e+01
7.991166666666666174e+01
7.995333333333333314e+01
7.998166666666666913e+01
8.002500000000000568e+01
8.013500000000000512e+01
8.016499999999999204e+01
8.021333333333333826e+01
8.024666666666666970e+01
8.025833333333332575e+01
8.027500000000000568e+01
8.030666666666667197e+01
8.034499999999999886e+01
8.034999999999999432e+01
8.035999999999999943e+01
8.038666666666667027e+01
