8.978166666666666629e+01
8.978166666666666629e+01
8.978166666666666629e+01
8.983499999999999375e+01
8.984000000000000341e+01
8.984333333333333371e+01
8.984833333333332916e+01
8.986499999999999488e+01
8.987166666666666970e+01
8.987833333333333030e+01
8.989000000000000057e+01
8.989666666666666117e+01
8.990999999999999659e+01
8.991833333333333655e+01
8.992666666666666231e+01
8.993833333333333258e+01
8.994499999999999318e+01
8.996333333333333826e+01
8.997166666666666401e+01
8.998499999999999943e+01
9.000000000000000000e+01
9.001500000000000057e+01
9.002666666666667084e+01
9.003833333333332689e+01
9.005666666666667197e+01
9.007666666666666799e+01
9.009499999999999886e+01
9.011499999999999488e+01
9.012666666666666515e+01
9.014666666666666117e+01
9.016666666666667140e+01
9.018666666666666742e+01
9.019333333333332803e+01
9.021500000000000341e+01
9.023666666666666458e+01
9.025333333333333030e+01
9.027500000000000568e+01
9.028333333333333144e+01
9.030500000000000682e+01
9.031333333333333258e+01
9.033166666666666345e+01
9.035833333333333428e+01
9.037166666666666970e+01
9.038666666666667027e+01
9.040166666666667084e+01
9.041333333333332689e+01
9.041833333333333655e+01
9.043166666666667197e+01
9.044333333333332803e+01
9.045000000000000284e+01
9.046999999999999886e+01
9.048666666666666458e+01
9.049500000000000455e+01
9.050833333333332575e+01
9.051166666666667027e+01
9.051666666666666572e+01
9.053000000000000114e+01
9.053833333333332689e+01
9.054666666666666686e+01
9.054999999999999716e+01
9.055833333333333712e+01
9.056666666666666288e+01
9.057500000000000284e+01
9.057999999999999829e+01
9.059333333333333371e+01
9.060833333333333428e+01
9.061333333333332973e+01
9.061833333333333940e+01
9.062500000000000000e+01
9.063166666666666060e+01
9.063666666666667027e+01
9.064499999999999602e+01
9.065166666666667084e+01
9.065666666666666629e+01
9.066333333333332689e+01
9.067499999999999716e+01
9.068000000000000682e+01
9.068500000000000227e+01
9.068833333333333258e+01
9.068833333333333258e+01
9.070166666666666799e+01
9.070833333333332860e+01
9.072499999999999432e+01
9.073000000000000398e+01
9.073666666666666458e+01
9.073666666666666458e+01
9.073833333333332973e+01
9.074500000000000455e+01
9.074833333333333485e+01
9.075499999999999545e+01
9.075833333333333997e+01
9.076833333333333087e+01
9.077333333333334053e+01
9.077333333333334053e+01
9.078000000000000114e+01
9.078333333333333144e+01
9.078333333333333144e+01
9.078833333333332689e+01
9.078999999999999204e+01
9.079500000000000171e+01
9.079999999999999716e+01
9.080500000000000682e+01
9.080833333333333712e+01
9.081000000000000227e+01
9.081166666666666742e+01
9.081166666666666742e+01
9.081166666666666742e+01
9.081833333333332803e+01
9.082166666666667254e+01
9.082333333333333769e+01
9.082500000000000284e+01
9.082666666666666799e+01
9.082666666666666799e+01
9.082666666666666799e+01
9.082833333333333314e+01
9.083333333333332860e+01
9.083666666666667311e+01
9.084000000000000341e+01
9.084333333333333371e+01
9.085166666666665947e+01
9.085166666666665947e+01
9.085833333333333428e+01
9.085999999999999943e+01
9.086166666666666458e+01
9.086833333333333940e+01
9.087500000000000000e+01
9.087500000000000000e+01
9.087833333333333030e+01
9.087833333333333030e+01
9.087999999999999545e+01
9.087999999999999545e+01
9.087999999999999545e+01
9.088333333333333997e+01
9.088666666666667027e+01
9.088833333333333542e+01
9.089166666666666572e+01
9.089333333333333087e+01
9.089333333333333087e+01
9.089666666666666117e+01
9.089666666666666117e+01
9.089833333333334053e+01
9.090000000000000568e+01
9.090333333333333599e+01
9.090333333333333599e+01
9.090333333333333599e+01
9.090333333333333599e+01
9.090333333333333599e+01
9.090666666666666629e+01
9.090833333333333144e+01
9.090833333333333144e+01
9.090666666666666629e+01
9.090666666666666629e+01
9.090833333333333144e+01
9.090999999999999659e+01
9.091166666666666174e+01
9.091166666666666174e+01
9.091166666666666174e+01
9.091166666666666174e+01
9.091333333333332689e+01
9.091333333333332689e+01
9.091333333333332689e+01
9.091499999999999204e+01
9.091666666666667140e+01
9.091666666666667140e+01
9.091666666666667140e+01
9.092000000000000171e+01
9.092000000000000171e+01
9.092166666666666686e+01
9.092166666666666686e+01
9.092166666666666686e+01
9.092166666666666686e+01
9.092166666666666686e+01
9.092166666666666686e+01
9.092166666666666686e+01
9.092499999999999716e+01
9.092499999999999716e+01
9.092666666666666231e+01
9.092666666666666231e+01
9.092666666666666231e+01
9.092833333333332746e+01
9.093000000000000682e+01
9.093000000000000682e+01
9.093000000000000682e+01
9.093166666666667197e+01
9.093333333333333712e+01
9.093333333333333712e+01
9.093333333333333712e+01
9.093333333333333712e+01
9.093333333333333712e+01
9.093333333333333712e+01
9.093333333333333712e+01
9.093333333333333712e+01
9.093500000000000227e+01
9.093500000000000227e+01
9.093500000000000227e+01
9.093500000000000227e+01
9.093500000000000227e+01
9.093500000000000227e+01
9.093500000000000227e+01
9.093500000000000227e+01
9.093666666666666742e+01
9.093666666666666742e+01
9.093666666666666742e+01
9.093666666666666742e+01
9.093833333333333258e+01
9.093999999999999773e+01
9.093999999999999773e+01
9.094166666666666288e+01
9.094166666666666288e+01
9.094166666666666288e+01
9.094166666666666288e+01
9.094166666666666288e+01
9.094166666666666288e+01
9.094166666666666288e+01
9.094166666666666288e+01
9.094166666666666288e+01
9.094166666666666288e+01
9.094166666666666288e+01
9.094166666666666288e+01
9.094166666666666288e+01
9.094166666666666288e+01
9.094166666666666288e+01
9.094166666666666288e+01
9.094166666666666288e+01
9.094166666666666288e+01
9.094166666666666288e+01
9.094166666666666288e+01
9.094166666666666288e+01
9.094166666666666288e+01
9.094166666666666288e+01
9.094166666666666288e+01
9.094166666666666288e+01
9.094166666666666288e+01
9.094166666666666288e+01
9.094166666666666288e+01
9.094166666666666288e+01
9.094333333333332803e+01
9.094333333333332803e+01
9.094333333333332803e+01
9.094333333333332803e+01
9.094333333333332803e+01
9.094333333333332803e+01
9.094333333333332803e+01
9.094333333333332803e+01
9.094333333333332803e+01
9.094333333333332803e+01
9.094333333333332803e+01
9.094333333333332803e+01
9.094333333333332803e+01
9.094333333333332803e+01
9.094333333333332803e+01
9.094333333333332803e+01
9.094333333333332803e+01
9.094333333333332803e+01
9.094333333333332803e+01
9.094333333333332803e+01
9.094333333333332803e+01
9.094333333333332803e+01
9.094333333333332803e+01
9.094333333333332803e+01
9.094333333333332803e+01
9.094333333333332803e+01
9.094333333333332803e+01
9.094333333333332803e+01
9.094333333333332803e+01
9.094333333333332803e+01
9.094333333333332803e+01
9.094333333333332803e+01
9.094333333333332803e+01
9.094333333333332803e+01
9.094333333333332803e+01
9.094333333333332803e+01
9.094333333333332803e+01
9.094333333333332803e+01
9.094333333333332803e+01
9.094333333333332803e+01
9.094333333333332803e+01
9.094333333333332803e+01
9.094333333333332803e+01
9.094333333333332803e+01
9.094333333333332803e+01
9.094333333333332803e+01
9.094333333333332803e+01
9.094333333333332803e+01
9.094333333333332803e+01
9.094333333333332803e+01
9.094333333333332803e+01
9.094333333333332803e+01
9.094333333333332803e+01
9.094333333333332803e+01
9.094333333333332803e+01
9.094333333333332803e+01
9.094333333333332803e+01
9.094333333333332803e+01
9.094333333333332803e+01
9.094333333333332803e+01
9.094333333333332803e+01
9.094333333333332803e+01
9.094333333333332803e+01
9.094333333333332803e+01
9.094333333333332803e+01
9.094333333333332803e+01
9.094333333333332803e+01
9.094333333333332803e+01
9.094333333333332803e+01
9.094333333333332803e+01
9.094333333333332803e+01
9.094333333333332803e+01
9.094333333333332803e+01
9.094333333333332803e+01
9.094333333333332803e+01
9.094333333333332803e+01
9.094333333333332803e+01
9.094333333333332803e+01
9.094333333333332803e+01
9.094333333333332803e+01
9.094333333333332803e+01
9.094333333333332803e+01
9.094333333333332803e+01
9.094333333333332803e+01
9.094333333333332803e+01
9.094333333333332803e+01
9.094333333333332803e+01
9.094333333333332803e+01
9.094333333333332803e+01
9.094333333333332803e+01
9.094333333333332803e+01
9.094333333333332803e+01
9.094333333333332803e+01
9.094333333333332803e+01
9.094333333333332803e+01
9.094333333333332803e+01
9.094333333333332803e+01
9.094333333333332803e+01
9.094333333333332803e+01
9.094333333333332803e+01
9.094333333333332803e+01
9.094333333333332803e+01
9.094333333333332803e+01
9.094333333333332803e+01
9.094333333333332803e+01
9.094333333333332803e+01
9.094333333333332803e+01
9.094333333333332803e+01
9.094333333333332803e+01
9.094333333333332803e+01
9.094333333333332803e+01
9.094333333333332803e+01
9.094333333333332803e+01
9.094333333333332803e+01
9.094333333333332803e+01
9.094333333333332803e+01
9.094333333333332803e+01
9.094333333333332803e+01
9.094333333333332803e+01
9.094333333333332803e+01
9.094333333333332803e+01
9.094333333333332803e+01
9.094333333333332803e+01
9.094333333333332803e+01
9.094333333333332803e+01
9.094333333333332803e+01
9.094333333333332803e+01
9.094333333333332803e+01
9.094333333333332803e+01
9.094333333333332803e+01
9.094333333333332803e+01
9.094333333333332803e+01
9.094333333333332803e+01
9.094333333333332803e+01
9.094333333333332803e+01
9.094333333333332803e+01
9.094333333333332803e+01
9.094333333333332803e+01
9.094333333333332803e+01
9.094333333333332803e+01
9.094333333333332803e+01
9.094333333333332803e+01
9.094333333333332803e+01
9.094333333333332803e+01
9.094333333333332803e+01
9.094333333333332803e+01
9.094333333333332803e+01
9.094333333333332803e+01
9.094333333333332803e+01
9.094333333333332803e+01
9.094333333333332803e+01
9.094333333333332803e+01
9.094333333333332803e+01
9.094333333333332803e+01
9.094333333333332803e+01
9.094333333333332803e+01
9.094333333333332803e+01
9.094333333333332803e+01
9.094333333333332803e+01
9.094333333333332803e+01
9.094333333333332803e+01
9.094333333333332803e+01
9.094333333333332803e+01
9.094333333333332803e+01
9.094333333333332803e+01
9.094333333333332803e+01
9.094333333333332803e+01
9.094333333333332803e+01
9.094333333333332803e+01
9.094333333333332803e+01
9.094333333333332803e+01
9.094333333333332803e+01
9.094333333333332803e+01
9.094333333333332803e+01
9.094333333333332803e+01
9.094333333333332803e+01
9.094333333333332803e+01
9.094333333333332803e+01
9.094333333333332803e+01
9.094333333333332803e+01
9.094333333333332803e+01
9.094333333333332803e+01
9.094333333333332803e+01
9.094333333333332803e+01
9.094333333333332803e+01
9.094333333333332803e+01
9.094333333333332803e+01
9.094333333333332803e+01
9.094333333333332803e+01
9.094333333333332803e+01
9.094333333333332803e+01
9.094333333333332803e+01
9.094333333333332803e+01
9.094333333333332803e+01
9.094333333333332803e+01
9.094333333333332803e+01
9.094333333333332803e+01
9.094333333333332803e+01
9.094333333333332803e+01
9.094333333333332803e+01
9.094333333333332803e+01
9.094333333333332803e+01
9.094333333333332803e+01
9.094333333333332803e+01
9.094333333333332803e+01
9.094333333333332803e+01
9.094333333333332803e+01
9.094333333333332803e+01
9.094333333333332803e+01
9.094333333333332803e+01
9.094333333333332803e+01
9.094333333333332803e+01
9.094333333333332803e+01
9.094333333333332803e+01
9.094333333333332803e+01
9.094333333333332803e+01
9.094333333333332803e+01
9.094333333333332803e+01
9.094333333333332803e+01
9.094333333333332803e+01
9.094333333333332803e+01
9.094333333333332803e+01
9.094333333333332803e+01
9.094333333333332803e+01
9.094333333333332803e+01
9.094333333333332803e+01
9.094333333333332803e+01
9.094333333333332803e+01
9.094333333333332803e+01
9.094333333333332803e+01
9.094333333333332803e+01
9.094333333333332803e+01
9.094333333333332803e+01
9.094333333333332803e+01
9.094333333333332803e+01
9.094333333333332803e+01
9.094333333333332803e+01
9.094333333333332803e+01
9.094333333333332803e+01
9.094333333333332803e+01
9.094333333333332803e+01
9.094333333333332803e+01
9.094333333333332803e+01
9.094333333333332803e+01
9.094333333333332803e+01
9.094333333333332803e+01
9.094333333333332803e+01
9.094333333333332803e+01
9.094333333333332803e+01
9.094333333333332803e+01
9.094333333333332803e+01
9.094333333333332803e+01
9.094333333333332803e+01
9.094333333333332803e+01
9.094333333333332803e+01
9.094333333333332803e+01
9.094333333333332803e+01
9.094333333333332803e+01
9.094333333333332803e+01
9.094333333333332803e+01
9.094333333333332803e+01
9.094333333333332803e+01
9.094333333333332803e+01
9.094333333333332803e+01
9.094333333333332803e+01
9.094333333333332803e+01
9.094333333333332803e+01
9.094333333333332803e+01
9.094333333333332803e+01
9.094333333333332803e+01
9.094333333333332803e+01
9.094333333333332803e+01
9.094333333333332803e+01
9.094333333333332803e+01
9.094333333333332803e+01
9.094333333333332803e+01
9.094333333333332803e+01
9.094333333333332803e+01
9.094333333333332803e+01
9.094333333333332803e+01
9.094333333333332803e+01
9.094333333333332803e+01
9.094333333333332803e+01
9.094333333333332803e+01
9.094333333333332803e+01
9.094333333333332803e+01
9.094333333333332803e+01
9.094333333333332803e+01
9.094333333333332803e+01
9.094333333333332803e+01
9.094333333333332803e+01
9.094333333333332803e+01
9.094333333333332803e+01
9.094333333333332803e+01
9.094333333333332803e+01
9.094333333333332803e+01
9.094333333333332803e+01
9.094333333333332803e+01
9.094333333333332803e+01
9.094333333333332803e+01
9.094333333333332803e+01
9.094333333333332803e+01
9.094333333333332803e+01
9.094333333333332803e+01
9.094333333333332803e+01
9.094333333333332803e+01
9.094333333333332803e+01
9.094333333333332803e+01
9.094333333333332803e+01
9.094333333333332803e+01
9.094333333333332803e+01
9.094333333333332803e+01
9.094333333333332803e+01
9.094333333333332803e+01
9.094333333333332803e+01
9.094333333333332803e+01
9.094333333333332803e+01
9.094333333333332803e+01
9.094333333333332803e+01
9.094333333333332803e+01
9.094333333333332803e+01
9.094333333333332803e+01
9.094333333333332803e+01
9.094333333333332803e+01
9.094333333333332803e+01
9.094333333333332803e+01
9.094333333333332803e+01
9.094333333333332803e+01
9.094333333333332803e+01
9.094333333333332803e+01
9.094333333333332803e+01
9.094333333333332803e+01
9.094333333333332803e+01
9.094333333333332803e+01
9.094333333333332803e+01
9.094333333333332803e+01
9.094333333333332803e+01
9.094333333333332803e+01
9.094333333333332803e+01
9.094333333333332803e+01
9.094333333333332803e+01
9.094333333333332803e+01
9.094333333333332803e+01
9.094333333333332803e+01
9.094333333333332803e+01
9.094333333333332803e+01
9.094333333333332803e+01
9.094333333333332803e+01
9.094333333333332803e+01
9.094333333333332803e+01
9.094333333333332803e+01
9.094333333333332803e+01
9.094333333333332803e+01
9.094333333333332803e+01
9.094333333333332803e+01
9.094333333333332803e+01
9.094333333333332803e+01
9.094333333333332803e+01
9.094333333333332803e+01
9.094333333333332803e+01
9.094333333333332803e+01
9.094333333333332803e+01
9.094333333333332803e+01
9.094333333333332803e+01
9.094333333333332803e+01
9.094333333333332803e+01
9.094333333333332803e+01
9.094333333333332803e+01
9.094333333333332803e+01
9.094333333333332803e+01
9.094333333333332803e+01
9.094333333333332803e+01
9.094333333333332803e+01
9.094333333333332803e+01
9.094333333333332803e+01
9.094333333333332803e+01
9.094333333333332803e+01
9.094333333333332803e+01
9.094333333333332803e+01
9.094333333333332803e+01
9.094333333333332803e+01
9.094333333333332803e+01
9.094333333333332803e+01
9.094333333333332803e+01
9.094333333333332803e+01
9.094333333333332803e+01
9.094333333333332803e+01
9.094333333333332803e+01
9.094333333333332803e+01
9.094333333333332803e+01
9.094333333333332803e+01
9.094333333333332803e+01
9.094333333333332803e+01
9.094333333333332803e+01
9.094333333333332803e+01
9.094333333333332803e+01
9.094333333333332803e+01
9.094333333333332803e+01
9.094333333333332803e+01
9.094333333333332803e+01
9.094333333333332803e+01
9.094333333333332803e+01
9.094333333333332803e+01
9.094333333333332803e+01
9.094333333333332803e+01
9.094333333333332803e+01
9.094333333333332803e+01
9.094333333333332803e+01
9.094333333333332803e+01
9.094333333333332803e+01
9.094333333333332803e+01
9.094333333333332803e+01
9.094333333333332803e+01
9.094333333333332803e+01
9.094333333333332803e+01
9.094333333333332803e+01
9.094333333333332803e+01
9.094333333333332803e+01
9.094333333333332803e+01
9.094333333333332803e+01
9.094333333333332803e+01
9.094333333333332803e+01
9.094333333333332803e+01
9.094333333333332803e+01
9.094333333333332803e+01
9.094333333333332803e+01
9.094333333333332803e+01
9.094333333333332803e+01
9.094333333333332803e+01
9.094333333333332803e+01
9.094333333333332803e+01
9.094333333333332803e+01
9.094333333333332803e+01
9.094333333333332803e+01
9.094333333333332803e+01
9.094333333333332803e+01
9.094333333333332803e+01
9.094333333333332803e+01
9.094333333333332803e+01
9.094333333333332803e+01
9.094333333333332803e+01
9.094333333333332803e+01
9.094333333333332803e+01
9.094333333333332803e+01
9.094333333333332803e+01
9.094333333333332803e+01
9.094333333333332803e+01
9.094333333333332803e+01
9.094333333333332803e+01
9.094333333333332803e+01
9.094333333333332803e+01
9.094333333333332803e+01
9.094333333333332803e+01
9.094333333333332803e+01
9.094333333333332803e+01
9.094333333333332803e+01
9.094333333333332803e+01
9.094333333333332803e+01
9.094333333333332803e+01
9.094333333333332803e+01
9.094333333333332803e+01
9.094333333333332803e+01
9.094333333333332803e+01
9.094333333333332803e+01
9.094333333333332803e+01
9.094333333333332803e+01
9.094333333333332803e+01
9.094333333333332803e+01
9.094333333333332803e+01
9.094333333333332803e+01
9.094333333333332803e+01
9.094333333333332803e+01
9.094333333333332803e+01
9.094333333333332803e+01
9.094333333333332803e+01
9.094333333333332803e+01
9.094333333333332803e+01
9.094333333333332803e+01
9.094333333333332803e+01
9.094333333333332803e+01
9.094333333333332803e+01
9.094333333333332803e+01
9.094333333333332803e+01
9.094333333333332803e+01
9.094333333333332803e+01
9.094333333333332803e+01
9.094333333333332803e+01
9.094333333333332803e+01
9.094333333333332803e+01
9.094333333333332803e+01
9.094333333333332803e+01
9.094333333333332803e+01
9.094333333333332803e+01
9.094333333333332803e+01
9.094333333333332803e+01
9.094333333333332803e+01
9.094333333333332803e+01
9.094333333333332803e+01
9.094333333333332803e+01
9.094333333333332803e+01
9.094333333333332803e+01
9.094333333333332803e+01
9.094333333333332803e+01
9.094333333333332803e+01
9.094333333333332803e+01
9.094333333333332803e+01
9.094333333333332803e+01
9.094333333333332803e+01
9.094333333333332803e+01
9.094333333333332803e+01
9.094333333333332803e+01
9.094333333333332803e+01
9.094333333333332803e+01
9.094333333333332803e+01
9.094333333333332803e+01
9.094333333333332803e+01
9.094333333333332803e+01
9.094333333333332803e+01
9.094333333333332803e+01
9.094333333333332803e+01
9.094333333333332803e+01
9.094333333333332803e+01
9.094333333333332803e+01
9.094333333333332803e+01
9.094333333333332803e+01
9.094333333333332803e+01
9.094333333333332803e+01
9.094333333333332803e+01
9.094333333333332803e+01
9.094333333333332803e+01
9.094333333333332803e+01
9.094333333333332803e+01
9.094333333333332803e+01
9.094333333333332803e+01
9.094333333333332803e+01
9.094333333333332803e+01
9.094333333333332803e+01
9.094333333333332803e+01
9.094333333333332803e+01
9.094333333333332803e+01
9.094333333333332803e+01
9.094333333333332803e+01
9.094333333333332803e+01
9.094333333333332803e+01
9.094333333333332803e+01
9.094333333333332803e+01
9.094333333333332803e+01
9.094333333333332803e+01
9.094333333333332803e+01
9.094333333333332803e+01
9.094333333333332803e+01
9.094333333333332803e+01
9.094333333333332803e+01
9.094333333333332803e+01
9.094333333333332803e+01
9.094333333333332803e+01
9.094333333333332803e+01
9.094333333333332803e+01
9.094333333333332803e+01
9.094333333333332803e+01
9.094333333333332803e+01
9.094333333333332803e+01
9.094333333333332803e+01
9.094333333333332803e+01
9.094333333333332803e+01
9.094333333333332803e+01
9.094333333333332803e+01
9.094333333333332803e+01
9.094333333333332803e+01
9.094333333333332803e+01
9.094333333333332803e+01
9.094333333333332803e+01
9.094333333333332803e+01
9.094333333333332803e+01
9.094333333333332803e+01
9.094333333333332803e+01
9.094333333333332803e+01
9.094333333333332803e+01
9.094333333333332803e+01
9.094333333333332803e+01
9.094333333333332803e+01
9.094333333333332803e+01
9.094333333333332803e+01
9.094333333333332803e+01
9.094333333333332803e+01
9.094333333333332803e+01
9.094333333333332803e+01
9.094333333333332803e+01
9.094333333333332803e+01
9.094333333333332803e+01
9.094333333333332803e+01
9.094333333333332803e+01
9.094333333333332803e+01
9.094333333333332803e+01
9.094333333333332803e+01
9.094333333333332803e+01
9.094333333333332803e+01
9.094333333333332803e+01
9.094333333333332803e+01
9.094333333333332803e+01
9.094333333333332803e+01
9.094333333333332803e+01
9.094333333333332803e+01
9.094333333333332803e+01
9.094333333333332803e+01
9.094333333333332803e+01
9.094333333333332803e+01
9.094333333333332803e+01
9.094333333333332803e+01
9.094333333333332803e+01
9.094333333333332803e+01
9.094333333333332803e+01
9.094333333333332803e+01
9.094333333333332803e+01
9.094333333333332803e+01
9.094333333333332803e+01
9.094333333333332803e+01
9.094333333333332803e+01
9.094333333333332803e+01
9.094333333333332803e+01
9.094333333333332803e+01
9.094333333333332803e+01
9.094333333333332803e+01
9.094333333333332803e+01
9.094333333333332803e+01
9.094333333333332803e+01
9.094333333333332803e+01
9.094333333333332803e+01
9.094333333333332803e+01
9.094333333333332803e+01
9.094333333333332803e+01
9.094333333333332803e+01
9.094333333333332803e+01
9.094333333333332803e+01
9.094333333333332803e+01
9.094333333333332803e+01
9.094333333333332803e+01
9.094333333333332803e+01
9.094333333333332803e+01
9.094333333333332803e+01
9.094333333333332803e+01
9.094333333333332803e+01
9.094333333333332803e+01
9.094333333333332803e+01
9.094333333333332803e+01
9.094333333333332803e+01
9.094333333333332803e+01
9.094333333333332803e+01
9.094333333333332803e+01
9.094333333333332803e+01
9.094333333333332803e+01
9.094333333333332803e+01
9.094333333333332803e+01
9.094333333333332803e+01
9.094333333333332803e+01
9.094333333333332803e+01
9.094333333333332803e+01
9.094333333333332803e+01
9.094333333333332803e+01
9.094333333333332803e+01
9.094333333333332803e+01
9.094333333333332803e+01
9.094333333333332803e+01
9.094333333333332803e+01
9.094333333333332803e+01
9.094333333333332803e+01
9.094333333333332803e+01
9.094333333333332803e+01
9.094333333333332803e+01
9.094333333333332803e+01
9.094333333333332803e+01
9.094333333333332803e+01
9.094333333333332803e+01
9.094333333333332803e+01
9.094333333333332803e+01
9.094333333333332803e+01
9.094333333333332803e+01
9.094333333333332803e+01
9.094333333333332803e+01
9.094333333333332803e+01
9.094333333333332803e+01
9.094333333333332803e+01
9.094333333333332803e+01
9.094333333333332803e+01
9.094333333333332803e+01
9.094333333333332803e+01
9.094333333333332803e+01
9.094333333333332803e+01
9.094333333333332803e+01
9.094333333333332803e+01
9.094333333333332803e+01
9.094333333333332803e+01
9.094333333333332803e+01
9.094333333333332803e+01
9.094333333333332803e+01
9.094333333333332803e+01
9.094333333333332803e+01
9.094333333333332803e+01
9.094333333333332803e+01
9.094333333333332803e+01
9.094333333333332803e+01
9.094333333333332803e+01
9.094333333333332803e+01
9.094333333333332803e+01
9.094333333333332803e+01
9.094333333333332803e+01
9.094333333333332803e+01
9.094333333333332803e+01
9.094333333333332803e+01
9.094333333333332803e+01
9.094333333333332803e+01
9.094333333333332803e+01
9.094333333333332803e+01
9.094333333333332803e+01
9.094333333333332803e+01
9.094333333333332803e+01
9.094333333333332803e+01
9.094333333333332803e+01
9.094333333333332803e+01
9.094333333333332803e+01
9.094333333333332803e+01
9.094333333333332803e+01
9.094333333333332803e+01
9.094333333333332803e+01
9.094333333333332803e+01
9.094333333333332803e+01
9.094333333333332803e+01
9.094333333333332803e+01
9.094333333333332803e+01
9.094333333333332803e+01
9.094333333333332803e+01
9.094333333333332803e+01
9.094333333333332803e+01
9.094333333333332803e+01
9.094333333333332803e+01
9.094333333333332803e+01
9.094333333333332803e+01
9.094333333333332803e+01
9.094333333333332803e+01
9.094333333333332803e+01
9.094333333333332803e+01
9.094333333333332803e+01
9.094333333333332803e+01
9.094333333333332803e+01
9.094333333333332803e+01
9.094333333333332803e+01
9.094333333333332803e+01
9.094333333333332803e+01
9.094333333333332803e+01
9.094333333333332803e+01
9.094333333333332803e+01
9.094333333333332803e+01
9.094333333333332803e+01
9.094333333333332803e+01
9.094333333333332803e+01
9.094333333333332803e+01
9.094333333333332803e+01
9.094333333333332803e+01
9.094333333333332803e+01
9.094333333333332803e+01
9.094333333333332803e+01
9.094333333333332803e+01
9.094333333333332803e+01
9.094333333333332803e+01
