6.263333333333333286e+01
6.528000000000000114e+01
6.579999999999999716e+01
6.637999999999999545e+01
6.690500000000000114e+01
6.740500000000000114e+01
6.799166666666667425e+01
6.842833333333334167e+01
6.890333333333333599e+01
6.935833333333333428e+01
6.979500000000000171e+01
7.018000000000000682e+01
7.055500000000000682e+01
7.095666666666666345e+01
7.125000000000000000e+01
7.151999999999999602e+01
7.187166666666666970e+01
7.218166666666667197e+01
7.244166666666666288e+01
7.271666666666666856e+01
7.301000000000000512e+01
7.322166666666666401e+01
7.347499999999999432e+01
7.371666666666666856e+01
7.394166666666666288e+01
7.415500000000000114e+01
7.436333333333332973e+01
7.457999999999999829e+01
7.476333333333333542e+01
7.496833333333333371e+01
7.514666666666667538e+01
7.531499999999999773e+01
7.548333333333333428e+01
7.565166666666667084e+01
7.578833333333332689e+01
7.593000000000000682e+01
7.609166666666666856e+01
7.625000000000000000e+01
7.640166666666667084e+01
7.653499999999999659e+01
7.665333333333333599e+01
7.678333333333333144e+01
7.687999999999999545e+01
7.697166666666666401e+01
7.710500000000000398e+01
7.721000000000000796e+01
7.727666666666667084e+01
7.738333333333332575e+01
7.749333333333333940e+01
7.757500000000000284e+01
7.767333333333333201e+01
7.776000000000000512e+01
7.785999999999999943e+01
7.795666666666666345e+01
7.802333333333334053e+01
7.813166666666666060e+01
7.821999999999999886e+01
7.831000000000000227e+01
7.839166666666666572e+01
7.847833333333332462e+01
7.857333333333333769e+01
7.864166666666666572e+01
7.871000000000000796e+01
7.879166666666665719e+01
7.885833333333333428e+01
7.892000000000000171e+01
7.898333333333333428e+01
7.905333333333334167e+01
7.910999999999999943e+01
7.917666666666666231e+01
7.923166666666666913e+01
7.929500000000000171e+01
7.934333333333333371e+01
7.940833333333333144e+01
7.946833333333333371e+01
7.952333333333334053e+01
7.957999999999999829e+01
7.960999999999999943e+01
7.965999999999999659e+01
7.971999999999999886e+01
7.977166666666666117e+01
7.982666666666666799e+01
7.987666666666666515e+01
7.992666666666666231e+01
7.995833333333334281e+01
8.000833333333332575e+01
8.005833333333333712e+01
8.009166666666666856e+01
8.013500000000000512e+01
8.018833333333333258e+01
8.021166666666667311e+01
8.025666666666666060e+01
8.029833333333333201e+01
8.034166666666666856e+01
8.036500000000000909e+01
8.040666666666666629e+01
8.043333333333333712e+01
8.045333333333333314e+01
8.048166666666666913e+01
8.051333333333333542e+01
