2.714666666666666117e+01
3.308833333333332405e+01
3.973499999999999943e+01
4.661666666666666003e+01
5.323333333333333428e+01
5.932500000000000284e+01
6.495000000000000284e+01
6.980666666666667197e+01
7.387999999999999545e+01
7.734000000000000341e+01
7.998499999999999943e+01
8.210166666666665947e+01
8.376666666666666572e+01
8.512000000000000455e+01
8.615500000000000114e+01
8.703166666666666629e+01
8.778833333333332689e+01
8.854000000000000625e+01
8.928166666666666629e+01
8.992499999999999716e+01
9.054333333333333655e+01
9.114000000000000057e+01
9.175666666666666060e+01
9.234999999999999432e+01
9.290666666666666629e+01
9.335833333333333428e+01
9.373666666666666458e+01
9.414833333333334053e+01
9.449166666666667425e+01
9.481666666666666288e+01
9.506999999999999318e+01
9.531166666666666742e+01
9.551833333333333087e+01
9.573499999999999943e+01
9.591500000000000625e+01
9.609499999999999886e+01
9.624500000000000455e+01
9.640000000000000568e+01
9.652833333333333599e+01
9.664833333333334053e+01
9.676000000000000512e+01
9.689166666666666572e+01
9.698999999999999488e+01
9.712000000000000455e+01
9.721333333333333826e+01
9.732166666666667254e+01
9.742000000000000171e+01
9.750333333333333030e+01
9.759000000000000341e+01
9.768999999999999773e+01
9.777666666666667084e+01
9.784666666666666401e+01
9.790000000000000568e+01
9.797166666666666401e+01
9.803000000000000114e+01
9.808166666666666345e+01
9.815500000000000114e+01
9.820333333333333314e+01
9.825666666666666060e+01
9.830500000000000682e+01
9.833333333333332860e+01
9.838166666666666060e+01
9.843500000000000227e+01
9.846833333333333371e+01
9.849833333333333485e+01
9.851333333333333542e+01
9.853499999999999659e+01
9.856499999999999773e+01
9.858666666666667311e+01
9.861666666666666003e+01
9.865333333333333599e+01
9.867000000000000171e+01
9.868500000000000227e+01
9.870833333333332860e+01
9.872833333333333883e+01
9.874166666666666003e+01
9.875833333333333997e+01
9.878666666666666174e+01
9.879999999999999716e+01
9.880500000000000682e+01
9.881666666666666288e+01
9.883499999999999375e+01
9.884999999999999432e+01
9.885999999999999943e+01
9.887333333333333485e+01
9.888166666666666060e+01
9.889833333333334053e+01
9.890333333333333599e+01
9.890999999999999659e+01
9.892833333333332746e+01
9.893666666666666742e+01
9.895833333333332860e+01
9.897666666666665947e+01
9.898333333333333428e+01
9.898833333333332973e+01
9.899833333333333485e+01
9.900000000000000000e+01
9.900833333333333997e+01
9.901500000000000057e+01
9.902166666666666117e+01
