9.871666666666669698e+00
9.012833333333333030e+01
9.012833333333333030e+01
9.389000000000000057e+01
9.714166666666666572e+01
9.684666666666666401e+01
9.718166666666667197e+01
9.714166666666666572e+01
9.731833333333332803e+01
9.732500000000000284e+01
9.743833333333333258e+01
9.742000000000000171e+01
9.752166666666666117e+01
9.750000000000000000e+01
9.751999999999999602e+01
9.751833333333333087e+01
9.766333333333332689e+01
9.764333333333333087e+01
9.762000000000000455e+01
9.761499999999999488e+01
9.760500000000000398e+01
9.761499999999999488e+01
9.760999999999999943e+01
9.768666666666666742e+01
9.767833333333332746e+01
9.767000000000000171e+01
9.767000000000000171e+01
9.766833333333333655e+01
9.765833333333333144e+01
9.765500000000000114e+01
9.765166666666667084e+01
9.764833333333332632e+01
9.764833333333332632e+01
9.764833333333332632e+01
9.764666666666666117e+01
9.764333333333333087e+01
9.764499999999999602e+01
9.764333333333333087e+01
9.765833333333333144e+01
9.765500000000000114e+01
9.765166666666667084e+01
9.765000000000000568e+01
9.765000000000000568e+01
9.764833333333332632e+01
9.764499999999999602e+01
9.764499999999999602e+01
9.767333333333333201e+01
9.767333333333333201e+01
9.767166666666666686e+01
9.766333333333332689e+01
9.766333333333332689e+01
9.766666666666667140e+01
9.766166666666666174e+01
9.766500000000000625e+01
9.765999999999999659e+01
9.765999999999999659e+01
9.765833333333333144e+01
9.765833333333333144e+01
9.765833333333333144e+01
9.765666666666666629e+01
9.765500000000000114e+01
9.766833333333333655e+01
9.766833333333333655e+01
9.767000000000000171e+01
9.766500000000000625e+01
9.765500000000000114e+01
9.765166666666667084e+01
9.768333333333333712e+01
9.768333333333333712e+01
9.768166666666667197e+01
9.768000000000000682e+01
9.768333333333333712e+01
9.768000000000000682e+01
9.767666666666666231e+01
9.767499999999999716e+01
9.767499999999999716e+01
9.767499999999999716e+01
9.767000000000000171e+01
9.766666666666667140e+01
9.766500000000000625e+01
9.767166666666666686e+01
9.767000000000000171e+01
9.766833333333333655e+01
9.767166666666666686e+01
9.767333333333333201e+01
9.766833333333333655e+01
9.766833333333333655e+01
9.769499999999999318e+01
9.769499999999999318e+01
9.769166666666666288e+01
9.768666666666666742e+01
9.768500000000000227e+01
9.768500000000000227e+01
9.768333333333333712e+01
9.768333333333333712e+01
9.768000000000000682e+01
9.768000000000000682e+01
9.767833333333332746e+01
9.767666666666666231e+01
9.768000000000000682e+01
9.768333333333333712e+01
9.768000000000000682e+01
9.767833333333332746e+01
9.767499999999999716e+01
9.767333333333333201e+01
9.767833333333332746e+01
9.768000000000000682e+01
9.768000000000000682e+01
9.767666666666666231e+01
9.771333333333333826e+01
9.770833333333332860e+01
9.770833333333332860e+01
9.770666666666666345e+01
9.770666666666666345e+01
9.770833333333332860e+01
9.770833333333332860e+01
9.770666666666666345e+01
9.770666666666666345e+01
9.770499999999999829e+01
9.770166666666666799e+01
9.770166666666666799e+01
9.770000000000000284e+01
9.770000000000000284e+01
9.769833333333333769e+01
9.769666666666667254e+01
9.769499999999999318e+01
9.769166666666666288e+01
9.769666666666667254e+01
9.769499999999999318e+01
9.769333333333332803e+01
9.769166666666666288e+01
9.770333333333333314e+01
9.770166666666666799e+01
9.770166666666666799e+01
9.769833333333333769e+01
9.769666666666667254e+01
9.769333333333332803e+01
9.769333333333332803e+01
9.769333333333332803e+01
9.771333333333333826e+01
9.770999999999999375e+01
9.770833333333332860e+01
9.770833333333332860e+01
9.770499999999999829e+01
9.770166666666666799e+01
9.770166666666666799e+01
9.770000000000000284e+01
9.769833333333333769e+01
9.770499999999999829e+01
9.770166666666666799e+01
9.769666666666667254e+01
9.769666666666667254e+01
9.769666666666667254e+01
9.770666666666666345e+01
9.770499999999999829e+01
9.770499999999999829e+01
9.770499999999999829e+01
9.770333333333333314e+01
9.770666666666666345e+01
9.770666666666666345e+01
9.770666666666666345e+01
9.770499999999999829e+01
9.770333333333333314e+01
9.770166666666666799e+01
9.771166666666667311e+01
9.770999999999999375e+01
9.770999999999999375e+01
9.770999999999999375e+01
9.770999999999999375e+01
9.770999999999999375e+01
9.770499999999999829e+01
9.770499999999999829e+01
9.770499999999999829e+01
9.772166666666666401e+01
9.772166666666666401e+01
9.771833333333333371e+01
9.771999999999999886e+01
9.771833333333333371e+01
9.771500000000000341e+01
9.771500000000000341e+01
9.771333333333333826e+01
9.771500000000000341e+01
9.771500000000000341e+01
9.771666666666666856e+01
9.771500000000000341e+01
9.771500000000000341e+01
9.771333333333333826e+01
9.772666666666665947e+01
9.772333333333332916e+01
9.772333333333332916e+01
9.772333333333332916e+01
9.772166666666666401e+01
9.772166666666666401e+01
9.771999999999999886e+01
9.771833333333333371e+01
9.771666666666666856e+01
9.771500000000000341e+01
9.771166666666667311e+01
9.772166666666666401e+01
9.772166666666666401e+01
9.771833333333333371e+01
9.771833333333333371e+01
9.773166666666666913e+01
9.773166666666666913e+01
9.773000000000000398e+01
9.772833333333333883e+01
9.772666666666665947e+01
9.772666666666665947e+01
9.772333333333332916e+01
9.772333333333332916e+01
9.772499999999999432e+01
9.772499999999999432e+01
9.772499999999999432e+01
9.772499999999999432e+01
9.772499999999999432e+01
9.772499999999999432e+01
9.772499999999999432e+01
9.772166666666666401e+01
9.772499999999999432e+01
9.772499999999999432e+01
9.772166666666666401e+01
9.772166666666666401e+01
9.771999999999999886e+01
9.771999999999999886e+01
9.774833333333333485e+01
9.774500000000000455e+01
9.774166666666666003e+01
9.773999999999999488e+01
9.773833333333332973e+01
9.773666666666666458e+01
9.773333333333333428e+01
9.773166666666666913e+01
9.773000000000000398e+01
9.772833333333333883e+01
9.773000000000000398e+01
9.773000000000000398e+01
9.773000000000000398e+01
9.772499999999999432e+01
9.772499999999999432e+01
9.772499999999999432e+01
9.772499999999999432e+01
9.771999999999999886e+01
9.771833333333333371e+01
9.773166666666666913e+01
9.773000000000000398e+01
9.772833333333333883e+01
9.772833333333333883e+01
9.772833333333333883e+01
9.772666666666665947e+01
9.772499999999999432e+01
9.772166666666666401e+01
9.772166666666666401e+01
9.772166666666666401e+01
9.774500000000000455e+01
9.774500000000000455e+01
9.774166666666666003e+01
9.773499999999999943e+01
9.773499999999999943e+01
9.773499999999999943e+01
9.773333333333333428e+01
9.773166666666666913e+01
9.773166666666666913e+01
9.773000000000000398e+01
9.773000000000000398e+01
9.773000000000000398e+01
9.773000000000000398e+01
9.773000000000000398e+01
9.773499999999999943e+01
9.773166666666666913e+01
9.773000000000000398e+01
9.773000000000000398e+01
9.773000000000000398e+01
9.773000000000000398e+01
9.773000000000000398e+01
9.772833333333333883e+01
9.773499999999999943e+01
9.773499999999999943e+01
9.773499999999999943e+01
9.773666666666666458e+01
9.773666666666666458e+01
9.773833333333332973e+01
9.773833333333332973e+01
9.773333333333333428e+01
9.773166666666666913e+01
9.773333333333333428e+01
9.773999999999999488e+01
9.773833333333332973e+01
9.773833333333332973e+01
9.773833333333332973e+01
9.773833333333332973e+01
9.773833333333332973e+01
9.773833333333332973e+01
9.773499999999999943e+01
9.773499999999999943e+01
9.774833333333333485e+01
9.774666666666666970e+01
9.774500000000000455e+01
9.774500000000000455e+01
9.774333333333333940e+01
9.774333333333333940e+01
9.773833333333332973e+01
9.773833333333332973e+01
9.774833333333333485e+01
9.774666666666666970e+01
9.774666666666666970e+01
9.774666666666666970e+01
9.774833333333333485e+01
9.774833333333333485e+01
9.774666666666666970e+01
9.774666666666666970e+01
9.774666666666666970e+01
9.774500000000000455e+01
9.774333333333333940e+01
9.774166666666666003e+01
9.774666666666666970e+01
9.774666666666666970e+01
9.774500000000000455e+01
9.774333333333333940e+01
9.774333333333333940e+01
9.774666666666666970e+01
9.774500000000000455e+01
9.774500000000000455e+01
9.774666666666666970e+01
9.774666666666666970e+01
9.774500000000000455e+01
9.774500000000000455e+01
9.774500000000000455e+01
9.774500000000000455e+01
9.774500000000000455e+01
9.775000000000000000e+01
9.775000000000000000e+01
9.775000000000000000e+01
9.775000000000000000e+01
9.775000000000000000e+01
9.774833333333333485e+01
9.774666666666666970e+01
9.774666666666666970e+01
9.774666666666666970e+01
9.774666666666666970e+01
9.774666666666666970e+01
9.775333333333333030e+01
9.775166666666666515e+01
9.775166666666666515e+01
9.775000000000000000e+01
9.774833333333333485e+01
9.774833333333333485e+01
9.774666666666666970e+01
9.776000000000000512e+01
9.776000000000000512e+01
9.776000000000000512e+01
9.776000000000000512e+01
9.776166666666667027e+01
9.776333333333333542e+01
9.776000000000000512e+01
9.775666666666666060e+01
9.775666666666666060e+01
9.775666666666666060e+01
9.775499999999999545e+01
9.775499999999999545e+01
9.775499999999999545e+01
9.775499999999999545e+01
9.775333333333333030e+01
9.775333333333333030e+01
9.775166666666666515e+01
9.775166666666666515e+01
9.775166666666666515e+01
9.775166666666666515e+01
9.775000000000000000e+01
9.775000000000000000e+01
9.775000000000000000e+01
9.775000000000000000e+01
9.775000000000000000e+01
9.775000000000000000e+01
9.775666666666666060e+01
9.775666666666666060e+01
9.775499999999999545e+01
9.775499999999999545e+01
9.775499999999999545e+01
9.775333333333333030e+01
9.775333333333333030e+01
9.775166666666666515e+01
9.775166666666666515e+01
9.775166666666666515e+01
9.775000000000000000e+01
9.775000000000000000e+01
9.775000000000000000e+01
9.775000000000000000e+01
9.776999999999999602e+01
9.776999999999999602e+01
9.776833333333333087e+01
9.776833333333333087e+01
9.776833333333333087e+01
9.776666666666666572e+01
9.776666666666666572e+01
9.776666666666666572e+01
9.776666666666666572e+01
9.776666666666666572e+01
9.776666666666666572e+01
9.776666666666666572e+01
9.776333333333333542e+01
9.776166666666667027e+01
9.776166666666667027e+01
9.776166666666667027e+01
9.776166666666667027e+01
9.776166666666667027e+01
9.776166666666667027e+01
9.775833333333333997e+01
9.775666666666666060e+01
9.775666666666666060e+01
9.775666666666666060e+01
9.775666666666666060e+01
9.775666666666666060e+01
9.775666666666666060e+01
9.775666666666666060e+01
9.775666666666666060e+01
9.775666666666666060e+01
9.775666666666666060e+01
9.775666666666666060e+01
9.775666666666666060e+01
9.775666666666666060e+01
9.775666666666666060e+01
9.775666666666666060e+01
9.775666666666666060e+01
9.775666666666666060e+01
9.775666666666666060e+01
9.775499999999999545e+01
9.775333333333333030e+01
9.775333333333333030e+01
9.775333333333333030e+01
9.776500000000000057e+01
9.776333333333333542e+01
9.776500000000000057e+01
9.776500000000000057e+01
9.776500000000000057e+01
9.776500000000000057e+01
9.776500000000000057e+01
9.776500000000000057e+01
9.776500000000000057e+01
9.776500000000000057e+01
9.776333333333333542e+01
9.776333333333333542e+01
9.776333333333333542e+01
9.776333333333333542e+01
9.776333333333333542e+01
9.776333333333333542e+01
9.776333333333333542e+01
9.776333333333333542e+01
9.776333333333333542e+01
9.776333333333333542e+01
9.776333333333333542e+01
9.776333333333333542e+01
9.776333333333333542e+01
9.776333333333333542e+01
9.776833333333333087e+01
9.776833333333333087e+01
9.776999999999999602e+01
9.776833333333333087e+01
9.776833333333333087e+01
9.776666666666666572e+01
9.776666666666666572e+01
9.776666666666666572e+01
9.776666666666666572e+01
9.776666666666666572e+01
9.776500000000000057e+01
9.776500000000000057e+01
9.776500000000000057e+01
9.776500000000000057e+01
9.776500000000000057e+01
9.776333333333333542e+01
9.776333333333333542e+01
9.776333333333333542e+01
9.776333333333333542e+01
9.776333333333333542e+01
9.776333333333333542e+01
9.776333333333333542e+01
9.776166666666667027e+01
9.776166666666667027e+01
9.777166666666666117e+01
9.777166666666666117e+01
9.776999999999999602e+01
9.776999999999999602e+01
9.776999999999999602e+01
9.776999999999999602e+01
9.776666666666666572e+01
9.776666666666666572e+01
9.776666666666666572e+01
9.776500000000000057e+01
9.776500000000000057e+01
9.776333333333333542e+01
9.776333333333333542e+01
9.776333333333333542e+01
9.776333333333333542e+01
9.776333333333333542e+01
9.776333333333333542e+01
9.776333333333333542e+01
9.776333333333333542e+01
9.777333333333334053e+01
9.777333333333334053e+01
9.777333333333334053e+01
9.777333333333334053e+01
9.777333333333334053e+01
9.777333333333334053e+01
9.777333333333334053e+01
9.777333333333334053e+01
9.777333333333334053e+01
9.777333333333334053e+01
9.777333333333334053e+01
9.777333333333334053e+01
9.777333333333334053e+01
9.777333333333334053e+01
9.777333333333334053e+01
9.777166666666666117e+01
9.777166666666666117e+01
9.777166666666666117e+01
9.777166666666666117e+01
9.777166666666666117e+01
9.777166666666666117e+01
9.776999999999999602e+01
9.776999999999999602e+01
9.777666666666667084e+01
9.777500000000000568e+01
9.777166666666666117e+01
9.777166666666666117e+01
9.777166666666666117e+01
9.777166666666666117e+01
9.777166666666666117e+01
9.777166666666666117e+01
9.777166666666666117e+01
9.777166666666666117e+01
9.777166666666666117e+01
9.777166666666666117e+01
9.777166666666666117e+01
9.777166666666666117e+01
9.777166666666666117e+01
9.777166666666666117e+01
9.777166666666666117e+01
9.777166666666666117e+01
9.777166666666666117e+01
9.777166666666666117e+01
9.777166666666666117e+01
9.777166666666666117e+01
9.776999999999999602e+01
9.776999999999999602e+01
9.776999999999999602e+01
9.776999999999999602e+01
9.776999999999999602e+01
9.776999999999999602e+01
9.776999999999999602e+01
9.776999999999999602e+01
9.776999999999999602e+01
9.776833333333333087e+01
9.776833333333333087e+01
9.776833333333333087e+01
9.776833333333333087e+01
9.776833333333333087e+01
9.777333333333334053e+01
9.777333333333334053e+01
9.777333333333334053e+01
9.777333333333334053e+01
9.777333333333334053e+01
9.777333333333334053e+01
9.777333333333334053e+01
9.777333333333334053e+01
9.777333333333334053e+01
9.777333333333334053e+01
9.777333333333334053e+01
9.777333333333334053e+01
9.777500000000000568e+01
9.777166666666666117e+01
9.777166666666666117e+01
9.777166666666666117e+01
9.777166666666666117e+01
9.777166666666666117e+01
9.777166666666666117e+01
9.777166666666666117e+01
9.777166666666666117e+01
9.777166666666666117e+01
9.777166666666666117e+01
9.777166666666666117e+01
9.777166666666666117e+01
9.777166666666666117e+01
9.777166666666666117e+01
9.777166666666666117e+01
9.777166666666666117e+01
9.776999999999999602e+01
9.776833333333333087e+01
9.776833333333333087e+01
9.776833333333333087e+01
9.776833333333333087e+01
9.776833333333333087e+01
9.776833333333333087e+01
9.776833333333333087e+01
9.776833333333333087e+01
9.777500000000000568e+01
9.777666666666667084e+01
9.777666666666667084e+01
9.777666666666667084e+01
9.777666666666667084e+01
9.777666666666667084e+01
9.777666666666667084e+01
9.777666666666667084e+01
9.777666666666667084e+01
9.777666666666667084e+01
9.777666666666667084e+01
9.777666666666667084e+01
9.777666666666667084e+01
9.777500000000000568e+01
9.777500000000000568e+01
9.777500000000000568e+01
9.777500000000000568e+01
9.777500000000000568e+01
9.777500000000000568e+01
9.777500000000000568e+01
9.777500000000000568e+01
9.777500000000000568e+01
9.777500000000000568e+01
9.777500000000000568e+01
9.777500000000000568e+01
9.777500000000000568e+01
9.777333333333334053e+01
9.777333333333334053e+01
9.777333333333334053e+01
9.777333333333334053e+01
9.778333333333333144e+01
9.778166666666666629e+01
9.778166666666666629e+01
9.778166666666666629e+01
9.778166666666666629e+01
9.778166666666666629e+01
9.778166666666666629e+01
9.778166666666666629e+01
9.778166666666666629e+01
9.778166666666666629e+01
9.778166666666666629e+01
9.778166666666666629e+01
9.778166666666666629e+01
9.778166666666666629e+01
9.778166666666666629e+01
9.778166666666666629e+01
9.778166666666666629e+01
9.778166666666666629e+01
9.778166666666666629e+01
9.778166666666666629e+01
9.778166666666666629e+01
9.778166666666666629e+01
9.778166666666666629e+01
9.778166666666666629e+01
9.778166666666666629e+01
9.778166666666666629e+01
9.778166666666666629e+01
9.778166666666666629e+01
9.778166666666666629e+01
9.778166666666666629e+01
9.778166666666666629e+01
9.778000000000000114e+01
9.778000000000000114e+01
9.778000000000000114e+01
9.778000000000000114e+01
9.778000000000000114e+01
9.778000000000000114e+01
9.778000000000000114e+01
9.778000000000000114e+01
9.778000000000000114e+01
9.778000000000000114e+01
9.778000000000000114e+01
9.778000000000000114e+01
9.778166666666666629e+01
9.778166666666666629e+01
9.778166666666666629e+01
9.778166666666666629e+01
9.778166666666666629e+01
9.778166666666666629e+01
9.778000000000000114e+01
9.778000000000000114e+01
9.778000000000000114e+01
9.778000000000000114e+01
9.778000000000000114e+01
9.778000000000000114e+01
9.778000000000000114e+01
9.778000000000000114e+01
9.778000000000000114e+01
9.778000000000000114e+01
9.778000000000000114e+01
9.778000000000000114e+01
9.778000000000000114e+01
9.778000000000000114e+01
9.778000000000000114e+01
9.778000000000000114e+01
9.778000000000000114e+01
9.777833333333333599e+01
9.777833333333333599e+01
9.778499999999999659e+01
9.778499999999999659e+01
9.778499999999999659e+01
9.778499999999999659e+01
9.778499999999999659e+01
9.778499999999999659e+01
9.778499999999999659e+01
9.778499999999999659e+01
9.778499999999999659e+01
9.778499999999999659e+01
9.778499999999999659e+01
9.778499999999999659e+01
9.778499999999999659e+01
9.778499999999999659e+01
9.778499999999999659e+01
9.778499999999999659e+01
9.778499999999999659e+01
9.778499999999999659e+01
9.778499999999999659e+01
9.778499999999999659e+01
9.778499999999999659e+01
9.778499999999999659e+01
9.778499999999999659e+01
9.778499999999999659e+01
9.778499999999999659e+01
9.778499999999999659e+01
9.778499999999999659e+01
9.778499999999999659e+01
9.778499999999999659e+01
9.778499999999999659e+01
9.778499999999999659e+01
9.778499999999999659e+01
9.778499999999999659e+01
9.778499999999999659e+01
9.778166666666666629e+01
9.778166666666666629e+01
9.778166666666666629e+01
9.778166666666666629e+01
9.778166666666666629e+01
9.778166666666666629e+01
9.778166666666666629e+01
9.778166666666666629e+01
9.778166666666666629e+01
9.778166666666666629e+01
9.778166666666666629e+01
9.778166666666666629e+01
9.778166666666666629e+01
9.778166666666666629e+01
9.778166666666666629e+01
9.778166666666666629e+01
9.778166666666666629e+01
9.778166666666666629e+01
9.778166666666666629e+01
9.778166666666666629e+01
9.778166666666666629e+01
9.778166666666666629e+01
9.778166666666666629e+01
9.778166666666666629e+01
9.778166666666666629e+01
9.778166666666666629e+01
9.778166666666666629e+01
9.778166666666666629e+01
9.778166666666666629e+01
9.778166666666666629e+01
9.778166666666666629e+01
9.778166666666666629e+01
9.778166666666666629e+01
9.778166666666666629e+01
9.778166666666666629e+01
9.778166666666666629e+01
9.778166666666666629e+01
9.778166666666666629e+01
9.778166666666666629e+01
9.778166666666666629e+01
9.778166666666666629e+01
9.778166666666666629e+01
9.778166666666666629e+01
9.778166666666666629e+01
9.778166666666666629e+01
9.778166666666666629e+01
9.778166666666666629e+01
9.778166666666666629e+01
9.778166666666666629e+01
9.778166666666666629e+01
9.778166666666666629e+01
9.778166666666666629e+01
9.778000000000000114e+01
9.778333333333333144e+01
9.778333333333333144e+01
9.778333333333333144e+01
9.778499999999999659e+01
9.778499999999999659e+01
9.778499999999999659e+01
9.778499999999999659e+01
9.778499999999999659e+01
9.778499999999999659e+01
9.778499999999999659e+01
9.778499999999999659e+01
9.778499999999999659e+01
9.778499999999999659e+01
9.778499999999999659e+01
9.778499999999999659e+01
9.778499999999999659e+01
9.778333333333333144e+01
9.778333333333333144e+01
9.778333333333333144e+01
9.778333333333333144e+01
9.778333333333333144e+01
9.778333333333333144e+01
9.778499999999999659e+01
9.778499999999999659e+01
9.778499999999999659e+01
9.778499999999999659e+01
9.778499999999999659e+01
9.778499999999999659e+01
9.778499999999999659e+01
9.778499999999999659e+01
9.778499999999999659e+01
9.778499999999999659e+01
9.778499999999999659e+01
9.778499999999999659e+01
9.778333333333333144e+01
9.778333333333333144e+01
9.778333333333333144e+01
9.778333333333333144e+01
9.778333333333333144e+01
9.778333333333333144e+01
9.778333333333333144e+01
9.778333333333333144e+01
9.778333333333333144e+01
9.778333333333333144e+01
9.778333333333333144e+01
9.778333333333333144e+01
9.778166666666666629e+01
9.778166666666666629e+01
9.778166666666666629e+01
9.778166666666666629e+01
9.778166666666666629e+01
9.778166666666666629e+01
9.778166666666666629e+01
9.778166666666666629e+01
9.778166666666666629e+01
9.778166666666666629e+01
9.778166666666666629e+01
9.778166666666666629e+01
9.778166666666666629e+01
9.778166666666666629e+01
9.778166666666666629e+01
9.778166666666666629e+01
9.778166666666666629e+01
9.778166666666666629e+01
9.778166666666666629e+01
9.778166666666666629e+01
9.778166666666666629e+01
9.778166666666666629e+01
9.778166666666666629e+01
9.778166666666666629e+01
9.778166666666666629e+01
9.778166666666666629e+01
9.778166666666666629e+01
9.778166666666666629e+01
9.778166666666666629e+01
9.778166666666666629e+01
9.778166666666666629e+01
9.778166666666666629e+01
9.778166666666666629e+01
9.778166666666666629e+01
9.778166666666666629e+01
9.778166666666666629e+01
9.778166666666666629e+01
9.778166666666666629e+01
9.778166666666666629e+01
9.778166666666666629e+01
9.778166666666666629e+01
9.778166666666666629e+01
9.778166666666666629e+01
9.778166666666666629e+01
9.778166666666666629e+01
9.778166666666666629e+01
9.778166666666666629e+01
9.778166666666666629e+01
9.778166666666666629e+01
9.778166666666666629e+01
9.778166666666666629e+01
9.778166666666666629e+01
9.778166666666666629e+01
9.778166666666666629e+01
9.778166666666666629e+01
9.778166666666666629e+01
9.778166666666666629e+01
9.778166666666666629e+01
9.778166666666666629e+01
9.778166666666666629e+01
9.778166666666666629e+01
9.778166666666666629e+01
9.778166666666666629e+01
9.778166666666666629e+01
9.778166666666666629e+01
9.778166666666666629e+01
9.778166666666666629e+01
9.778166666666666629e+01
9.778499999999999659e+01
9.778333333333333144e+01
9.778333333333333144e+01
9.778333333333333144e+01
9.778333333333333144e+01
9.778333333333333144e+01
9.778333333333333144e+01
9.778333333333333144e+01
9.778333333333333144e+01
9.778333333333333144e+01
9.778333333333333144e+01
9.778166666666666629e+01
9.778166666666666629e+01
9.778166666666666629e+01
9.778166666666666629e+01
9.778166666666666629e+01
9.778166666666666629e+01
9.778166666666666629e+01
9.778166666666666629e+01
9.778166666666666629e+01
9.778166666666666629e+01
9.778166666666666629e+01
9.778166666666666629e+01
9.778166666666666629e+01
9.778166666666666629e+01
9.778166666666666629e+01
9.778166666666666629e+01
9.778166666666666629e+01
9.778166666666666629e+01
9.778166666666666629e+01
9.778166666666666629e+01
9.778166666666666629e+01
9.778166666666666629e+01
9.778166666666666629e+01
9.778166666666666629e+01
9.778166666666666629e+01
9.778166666666666629e+01
9.778166666666666629e+01
9.778166666666666629e+01
9.778166666666666629e+01
9.778166666666666629e+01
9.778166666666666629e+01
9.778166666666666629e+01
9.778166666666666629e+01
9.778166666666666629e+01
9.778166666666666629e+01
9.778166666666666629e+01
9.778166666666666629e+01
9.778166666666666629e+01
9.778166666666666629e+01
9.778166666666666629e+01
9.778166666666666629e+01
9.778333333333333144e+01
9.778333333333333144e+01
9.778333333333333144e+01
9.778333333333333144e+01
9.778333333333333144e+01
9.778333333333333144e+01
9.778333333333333144e+01
9.778333333333333144e+01
9.778333333333333144e+01
9.778333333333333144e+01
9.778333333333333144e+01
9.778333333333333144e+01
9.778333333333333144e+01
9.778333333333333144e+01
9.778333333333333144e+01
9.778333333333333144e+01
9.778333333333333144e+01
9.778333333333333144e+01
9.778333333333333144e+01
9.778333333333333144e+01
9.778333333333333144e+01
9.778333333333333144e+01
9.778333333333333144e+01
9.778333333333333144e+01
9.778333333333333144e+01
9.778333333333333144e+01
9.778333333333333144e+01
9.778333333333333144e+01
9.778333333333333144e+01
9.778333333333333144e+01
9.778333333333333144e+01
9.778333333333333144e+01
9.778333333333333144e+01
9.778333333333333144e+01
9.778333333333333144e+01
9.778333333333333144e+01
9.778333333333333144e+01
9.778333333333333144e+01
9.778333333333333144e+01
9.778333333333333144e+01
9.778333333333333144e+01
9.778333333333333144e+01
9.778333333333333144e+01
9.778333333333333144e+01
9.778333333333333144e+01
9.778333333333333144e+01
9.778333333333333144e+01
9.778333333333333144e+01
9.778333333333333144e+01
9.778333333333333144e+01
9.778333333333333144e+01
9.778333333333333144e+01
9.778333333333333144e+01
9.778333333333333144e+01
9.778333333333333144e+01
9.778333333333333144e+01
