6.039000000000000057e+01
6.155999999999999517e+01
6.260499999999999687e+01
6.363500000000000512e+01
6.456833333333332803e+01
6.553000000000000114e+01
6.634999999999999432e+01
6.714833333333334053e+01
6.784333333333333371e+01
6.857333333333332348e+01
6.927333333333332632e+01
6.997666666666665947e+01
7.056333333333333258e+01
7.107500000000000284e+01
7.167499999999999716e+01
7.218333333333333712e+01
7.272166666666666401e+01
7.317166666666666686e+01
7.360333333333332462e+01
7.405833333333333712e+01
7.447333333333332916e+01
7.494666666666665833e+01
7.534166666666666856e+01
7.570666666666666345e+01
7.609166666666666856e+01
7.643833333333333258e+01
7.672833333333333883e+01
7.706166666666666742e+01
7.743666666666666742e+01
7.773833333333332973e+01
7.803833333333332689e+01
7.831833333333332803e+01
7.862166666666666970e+01
7.892833333333334167e+01
7.921166666666667311e+01
7.951000000000000512e+01
7.977833333333333599e+01
8.004166666666667140e+01
8.031166666666666742e+01
8.059166666666666856e+01
8.082500000000000284e+01
8.115666666666666629e+01
8.142166666666666686e+01
8.168833333333333258e+01
8.194333333333332803e+01
8.220833333333332860e+01
8.244666666666665833e+01
8.270499999999999829e+01
8.294333333333332803e+01
8.319333333333332803e+01
8.345166666666666799e+01
8.371333333333333826e+01
8.398333333333333428e+01
8.421500000000000341e+01
8.446500000000000341e+01
8.466166666666666174e+01
8.489499999999999602e+01
8.512000000000000455e+01
8.531166666666666742e+01
8.554833333333333201e+01
8.576500000000000057e+01
8.596666666666666856e+01
8.620166666666666799e+01
8.642000000000000171e+01
8.661333333333332973e+01
8.682333333333333769e+01
8.700833333333332575e+01
8.721500000000000341e+01
8.744333333333332803e+01
8.765000000000000568e+01
8.784166666666666856e+01
8.802833333333333599e+01
8.824333333333333940e+01
8.844666666666667254e+01
8.865333333333333599e+01
8.879999999999999716e+01
8.897833333333333883e+01
8.917000000000000171e+01
8.933833333333333826e+01
8.952333333333334053e+01
8.968333333333333712e+01
8.985333333333333883e+01
9.001333333333333542e+01
9.018000000000000682e+01
9.034333333333333371e+01
9.049166666666666003e+01
9.061499999999999488e+01
9.075666666666666060e+01
9.090000000000000568e+01
9.104666666666666686e+01
9.120666666666666345e+01
9.131666666666666288e+01
9.146500000000000341e+01
9.160166666666665947e+01
9.172166666666666401e+01
9.185666666666666913e+01
9.199666666666666970e+01
9.213166666666666060e+01
9.227166666666666117e+01
9.239333333333333087e+01
