6.328500000000000369e+01
6.979500000000000171e+01
7.055833333333333712e+01
7.139000000000000057e+01
7.221500000000000341e+01
7.297666666666665947e+01
7.370833333333332860e+01
7.436666666666666003e+01
7.501833333333333087e+01
7.565500000000000114e+01
7.620333333333333314e+01
7.671666666666666856e+01
7.725833333333332575e+01
7.781333333333333258e+01
7.828666666666666174e+01
7.878833333333332689e+01
7.926166666666667027e+01
7.973166666666666913e+01
8.009999999999999432e+01
8.050000000000000000e+01
8.087000000000000455e+01
8.123166666666666913e+01
8.159833333333332916e+01
8.193166666666667197e+01
8.223166666666666913e+01
8.255166666666667652e+01
8.283833333333333826e+01
8.315166666666667084e+01
8.341666666666667140e+01
8.369166666666666288e+01
8.392333333333333201e+01
8.417833333333332746e+01
8.440666666666666629e+01
8.459499999999999886e+01
8.482833333333333314e+01
8.504833333333333201e+01
8.526333333333333542e+01
8.546500000000000341e+01
8.564333333333333087e+01
8.578999999999999204e+01
8.595000000000000284e+01
8.612833333333333030e+01
8.630333333333334167e+01
8.643166666666667197e+01
8.657166666666665833e+01
8.670166666666666799e+01
8.681833333333332803e+01
8.693999999999999773e+01
8.704500000000000171e+01
8.714666666666666117e+01
8.725000000000000000e+01
8.737833333333333030e+01
8.750000000000000000e+01
8.760666666666666913e+01
8.768999999999999773e+01
8.778666666666666174e+01
8.786833333333333940e+01
8.795166666666666799e+01
8.803166666666666629e+01
8.811833333333333940e+01
8.820666666666666345e+01
8.828333333333333144e+01
8.836499999999999488e+01
8.843666666666666742e+01
8.851333333333333542e+01
8.859166666666666856e+01
8.865833333333333144e+01
8.871666666666666856e+01
8.876000000000000512e+01
8.882333333333333769e+01
8.888833333333333542e+01
8.894333333333332803e+01
8.898666666666666458e+01
8.903999999999999204e+01
8.908666666666667311e+01
8.914499999999999602e+01
8.919333333333332803e+01
8.924833333333333485e+01
8.928666666666666174e+01
8.933166666666666345e+01
8.934999999999999432e+01
8.939333333333333087e+01
8.941666666666667140e+01
8.944499999999999318e+01
8.946999999999999886e+01
8.949666666666666970e+01
8.952666666666667084e+01
8.956166666666666742e+01
8.959000000000000341e+01
8.961333333333332973e+01
8.962999999999999545e+01
8.965833333333333144e+01
8.967499999999999716e+01
8.970166666666666799e+01
8.971666666666666856e+01
8.973000000000000398e+01
8.975499999999999545e+01
8.976333333333333542e+01
8.977500000000000568e+01
8.978333333333333144e+01
