3.326333333333333542e+01
4.517333333333333201e+01
5.614333333333333087e+01
6.549166666666667425e+01
7.250833333333333997e+01
7.726833333333333087e+01
7.991666666666667140e+01
8.112166666666666970e+01
8.196833333333333371e+01
8.268333333333333712e+01
8.329666666666666686e+01
8.405833333333333712e+01
8.504999999999999716e+01
8.605500000000000682e+01
8.728166666666666629e+01
8.845833333333332860e+01
8.955166666666666231e+01
9.064000000000000057e+01
9.159000000000000341e+01
9.246500000000000341e+01
9.297833333333333883e+01
9.370833333333332860e+01
9.400166666666666515e+01
9.450666666666666060e+01
9.470666666666666345e+01
9.512000000000000455e+01
9.529166666666667140e+01
9.556833333333332803e+01
9.567166666666666686e+01
9.593500000000000227e+01
9.600333333333333030e+01
9.621833333333333371e+01
9.626500000000000057e+01
9.649333333333333940e+01
9.652666666666667084e+01
9.673999999999999488e+01
9.676666666666666572e+01
9.691833333333333655e+01
9.695166666666666799e+01
9.710333333333333883e+01
9.712666666666666515e+01
9.722833333333333883e+01
9.728000000000000114e+01
9.740666666666666629e+01
9.738500000000000512e+01
9.748333333333333428e+01
9.750000000000000000e+01
9.760500000000000398e+01
9.756833333333332803e+01
9.768333333333333712e+01
9.763333333333333997e+01
9.776500000000000057e+01
9.768999999999999773e+01
9.781000000000000227e+01
9.775000000000000000e+01
9.790000000000000568e+01
9.780333333333332746e+01
9.795166666666666799e+01
9.788333333333333997e+01
9.800166666666666515e+01
9.793166666666667197e+01
9.803666666666666174e+01
9.797499999999999432e+01
9.809166666666666856e+01
9.801333333333333542e+01
9.811666666666666003e+01
9.805833333333333712e+01
9.817499999999999716e+01
9.807833333333333314e+01
9.819166666666666288e+01
9.812833333333333030e+01
9.821833333333333371e+01
9.814833333333332632e+01
9.823499999999999943e+01
9.816333333333332689e+01
9.828666666666666174e+01
9.816833333333333655e+01
9.830666666666667197e+01
9.818999999999999773e+01
9.832833333333333314e+01
9.820999999999999375e+01
9.834833333333332916e+01
9.823166666666666913e+01
9.835833333333333428e+01
9.824500000000000455e+01
9.836499999999999488e+01
9.826333333333333542e+01
9.837166666666666970e+01
9.827666666666667084e+01
9.837833333333333030e+01
9.829000000000000625e+01
9.839333333333333087e+01
9.830500000000000682e+01
9.840833333333333144e+01
9.831166666666666742e+01
9.841333333333332689e+01
9.832833333333333314e+01
9.841833333333333655e+01
9.833333333333332860e+01
9.842499999999999716e+01
9.833499999999999375e+01
9.843666666666666742e+01
9.833666666666667311e+01
9.844666666666667254e+01
9.834833333333332916e+01
9.845000000000000284e+01
9.835333333333333883e+01
9.845999999999999375e+01
9.836333333333332973e+01
9.845833333333332860e+01
9.837166666666666970e+01
9.846833333333333371e+01
9.837166666666666970e+01
9.846666666666666856e+01
9.839166666666666572e+01
9.846999999999999886e+01
9.840000000000000568e+01
9.848000000000000398e+01
9.840500000000000114e+01
9.847666666666667368e+01
9.840833333333333144e+01
9.848499999999999943e+01
9.841166666666666174e+01
9.848833333333332973e+01
9.842166666666666686e+01
9.848666666666666458e+01
9.842333333333333201e+01
9.848666666666666458e+01
9.842833333333332746e+01
9.849166666666666003e+01
9.842666666666666231e+01
9.849500000000000455e+01
9.843000000000000682e+01
9.849666666666666970e+01
9.843333333333333712e+01
9.850333333333333030e+01
9.843166666666667197e+01
9.850666666666666060e+01
9.843333333333333712e+01
9.850666666666666060e+01
9.843666666666666742e+01
9.851000000000000512e+01
9.843500000000000227e+01
9.851166666666667027e+01
9.843833333333333258e+01
9.851333333333333542e+01
9.843833333333333258e+01
9.851333333333333542e+01
9.843833333333333258e+01
9.851333333333333542e+01
9.843833333333333258e+01
9.851500000000000057e+01
9.843833333333333258e+01
9.851166666666667027e+01
9.843999999999999773e+01
9.851166666666667027e+01
9.843833333333333258e+01
9.851000000000000512e+01
9.843833333333333258e+01
9.851000000000000512e+01
9.843833333333333258e+01
9.851000000000000512e+01
9.843833333333333258e+01
9.851166666666667027e+01
9.843666666666666742e+01
9.851000000000000512e+01
9.843666666666666742e+01
9.851999999999999602e+01
9.843999999999999773e+01
9.851833333333333087e+01
9.843999999999999773e+01
9.851833333333333087e+01
9.844166666666666288e+01
9.851833333333333087e+01
9.844333333333332803e+01
9.851833333333333087e+01
9.844333333333332803e+01
9.851999999999999602e+01
9.844333333333332803e+01
9.851999999999999602e+01
9.844333333333332803e+01
9.852166666666666117e+01
9.844333333333332803e+01
9.851999999999999602e+01
9.845000000000000284e+01
9.851999999999999602e+01
9.845000000000000284e+01
9.851999999999999602e+01
9.845000000000000284e+01
9.851999999999999602e+01
9.845166666666666799e+01
9.851999999999999602e+01
9.845166666666666799e+01
9.851999999999999602e+01
9.845166666666666799e+01
9.851999999999999602e+01
9.845166666666666799e+01
9.851999999999999602e+01
9.845166666666666799e+01
9.851999999999999602e+01
9.845333333333333314e+01
9.851999999999999602e+01
9.845333333333333314e+01
9.852166666666666117e+01
9.845333333333333314e+01
9.852166666666666117e+01
9.845333333333333314e+01
9.852333333333332632e+01
9.845333333333333314e+01
9.852333333333332632e+01
9.845333333333333314e+01
9.852333333333332632e+01
9.845333333333333314e+01
9.852333333333332632e+01
9.845333333333333314e+01
9.852333333333332632e+01
9.845333333333333314e+01
9.852333333333332632e+01
9.845333333333333314e+01
9.852333333333332632e+01
9.845333333333333314e+01
9.851999999999999602e+01
9.845333333333333314e+01
9.851999999999999602e+01
9.845333333333333314e+01
9.851999999999999602e+01
9.845333333333333314e+01
9.851999999999999602e+01
9.845333333333333314e+01
9.851999999999999602e+01
9.845499999999999829e+01
9.851999999999999602e+01
9.845499999999999829e+01
9.851999999999999602e+01
9.845499999999999829e+01
9.851999999999999602e+01
9.845499999999999829e+01
9.851999999999999602e+01
9.845499999999999829e+01
9.851999999999999602e+01
9.845499999999999829e+01
9.851999999999999602e+01
9.845499999999999829e+01
9.852166666666666117e+01
9.845499999999999829e+01
9.852166666666666117e+01
9.845499999999999829e+01
9.852166666666666117e+01
9.845499999999999829e+01
9.852166666666666117e+01
9.845499999999999829e+01
9.852166666666666117e+01
9.845499999999999829e+01
9.852166666666666117e+01
9.845499999999999829e+01
9.852166666666666117e+01
9.845499999999999829e+01
9.852166666666666117e+01
9.845499999999999829e+01
9.852166666666666117e+01
9.845499999999999829e+01
9.851999999999999602e+01
9.845666666666666345e+01
9.851999999999999602e+01
9.845666666666666345e+01
9.851999999999999602e+01
9.845666666666666345e+01
9.851999999999999602e+01
9.845666666666666345e+01
9.851999999999999602e+01
9.845666666666666345e+01
9.851999999999999602e+01
9.845666666666666345e+01
9.851999999999999602e+01
9.845666666666666345e+01
9.851999999999999602e+01
9.845666666666666345e+01
9.851999999999999602e+01
9.845666666666666345e+01
9.851999999999999602e+01
9.845666666666666345e+01
9.851999999999999602e+01
9.845666666666666345e+01
9.851999999999999602e+01
9.845666666666666345e+01
9.851999999999999602e+01
9.845666666666666345e+01
9.851999999999999602e+01
9.845666666666666345e+01
9.851999999999999602e+01
9.845499999999999829e+01
9.851999999999999602e+01
9.845499999999999829e+01
9.851999999999999602e+01
9.845499999999999829e+01
9.851999999999999602e+01
9.845333333333333314e+01
9.851999999999999602e+01
9.845333333333333314e+01
9.851999999999999602e+01
9.845333333333333314e+01
9.851999999999999602e+01
9.845333333333333314e+01
9.851999999999999602e+01
9.845333333333333314e+01
9.851999999999999602e+01
9.845333333333333314e+01
9.851999999999999602e+01
9.845333333333333314e+01
9.851999999999999602e+01
9.845333333333333314e+01
9.851999999999999602e+01
9.845333333333333314e+01
9.851999999999999602e+01
9.845333333333333314e+01
9.851999999999999602e+01
9.845333333333333314e+01
9.851999999999999602e+01
9.845333333333333314e+01
9.851999999999999602e+01
9.845333333333333314e+01
9.851999999999999602e+01
9.845333333333333314e+01
9.851999999999999602e+01
9.845333333333333314e+01
9.851999999999999602e+01
9.845333333333333314e+01
9.851999999999999602e+01
9.845333333333333314e+01
9.851999999999999602e+01
9.845333333333333314e+01
9.851999999999999602e+01
9.845333333333333314e+01
9.851999999999999602e+01
9.845333333333333314e+01
9.851999999999999602e+01
9.845333333333333314e+01
9.851999999999999602e+01
9.845333333333333314e+01
9.851999999999999602e+01
9.845333333333333314e+01
9.851999999999999602e+01
9.845333333333333314e+01
9.851999999999999602e+01
9.845333333333333314e+01
9.851999999999999602e+01
9.845333333333333314e+01
9.851999999999999602e+01
9.845333333333333314e+01
9.851999999999999602e+01
9.845333333333333314e+01
9.851999999999999602e+01
9.845333333333333314e+01
9.851999999999999602e+01
9.845333333333333314e+01
9.851999999999999602e+01
9.845333333333333314e+01
9.851999999999999602e+01
9.845333333333333314e+01
9.851999999999999602e+01
9.845333333333333314e+01
9.851999999999999602e+01
9.845333333333333314e+01
9.851999999999999602e+01
9.845499999999999829e+01
9.851999999999999602e+01
9.845499999999999829e+01
9.851999999999999602e+01
9.845499999999999829e+01
9.851999999999999602e+01
9.845499999999999829e+01
9.851999999999999602e+01
9.845499999999999829e+01
9.852166666666666117e+01
9.845499999999999829e+01
9.852166666666666117e+01
9.845499999999999829e+01
9.852166666666666117e+01
9.845499999999999829e+01
9.852166666666666117e+01
9.845499999999999829e+01
9.852166666666666117e+01
9.845499999999999829e+01
9.852166666666666117e+01
9.845333333333333314e+01
9.852166666666666117e+01
9.845333333333333314e+01
9.852166666666666117e+01
9.845333333333333314e+01
9.852166666666666117e+01
9.845333333333333314e+01
9.852166666666666117e+01
9.845333333333333314e+01
9.852166666666666117e+01
9.845333333333333314e+01
9.852166666666666117e+01
9.845333333333333314e+01
9.852166666666666117e+01
9.845333333333333314e+01
9.852166666666666117e+01
9.845333333333333314e+01
9.852166666666666117e+01
9.845333333333333314e+01
9.852166666666666117e+01
9.845333333333333314e+01
9.852166666666666117e+01
9.845333333333333314e+01
9.852166666666666117e+01
9.845333333333333314e+01
9.852166666666666117e+01
9.845333333333333314e+01
9.852166666666666117e+01
9.845166666666666799e+01
9.852166666666666117e+01
9.845166666666666799e+01
9.852166666666666117e+01
9.845166666666666799e+01
9.852166666666666117e+01
9.845166666666666799e+01
9.852166666666666117e+01
9.845166666666666799e+01
9.852166666666666117e+01
9.845166666666666799e+01
9.852166666666666117e+01
9.845166666666666799e+01
9.852166666666666117e+01
9.845166666666666799e+01
9.852166666666666117e+01
9.845166666666666799e+01
9.852166666666666117e+01
9.845166666666666799e+01
9.852166666666666117e+01
9.845166666666666799e+01
9.852166666666666117e+01
9.845166666666666799e+01
9.852166666666666117e+01
9.845166666666666799e+01
9.852166666666666117e+01
9.845166666666666799e+01
9.852166666666666117e+01
9.845166666666666799e+01
9.852166666666666117e+01
9.845166666666666799e+01
9.852166666666666117e+01
9.845166666666666799e+01
9.852166666666666117e+01
9.845166666666666799e+01
9.852166666666666117e+01
9.845166666666666799e+01
9.852166666666666117e+01
9.845166666666666799e+01
9.852166666666666117e+01
9.845166666666666799e+01
9.852166666666666117e+01
9.845166666666666799e+01
9.852166666666666117e+01
9.845166666666666799e+01
9.852166666666666117e+01
9.845166666666666799e+01
9.852166666666666117e+01
9.845166666666666799e+01
9.852166666666666117e+01
9.845166666666666799e+01
9.852166666666666117e+01
9.845166666666666799e+01
9.852166666666666117e+01
9.845166666666666799e+01
9.852166666666666117e+01
9.845166666666666799e+01
9.852166666666666117e+01
9.845166666666666799e+01
9.852166666666666117e+01
9.845166666666666799e+01
9.852166666666666117e+01
9.845166666666666799e+01
9.852166666666666117e+01
9.845166666666666799e+01
9.852166666666666117e+01
9.845166666666666799e+01
9.852166666666666117e+01
9.845166666666666799e+01
9.852166666666666117e+01
9.845166666666666799e+01
9.852166666666666117e+01
9.845166666666666799e+01
9.852166666666666117e+01
9.845166666666666799e+01
9.852166666666666117e+01
9.845166666666666799e+01
9.852166666666666117e+01
9.845166666666666799e+01
9.852166666666666117e+01
9.845166666666666799e+01
9.852166666666666117e+01
9.845166666666666799e+01
9.852166666666666117e+01
9.845166666666666799e+01
9.852166666666666117e+01
9.845166666666666799e+01
9.852166666666666117e+01
9.845166666666666799e+01
9.852166666666666117e+01
9.845166666666666799e+01
9.852166666666666117e+01
9.845166666666666799e+01
9.852166666666666117e+01
9.845166666666666799e+01
9.852166666666666117e+01
9.845166666666666799e+01
9.852166666666666117e+01
9.845166666666666799e+01
9.852166666666666117e+01
9.845166666666666799e+01
9.852166666666666117e+01
9.845166666666666799e+01
9.852166666666666117e+01
9.845166666666666799e+01
9.852166666666666117e+01
9.845166666666666799e+01
9.852166666666666117e+01
9.845166666666666799e+01
9.852166666666666117e+01
9.845166666666666799e+01
9.852166666666666117e+01
9.845166666666666799e+01
9.852166666666666117e+01
9.845166666666666799e+01
9.852166666666666117e+01
9.845166666666666799e+01
9.852166666666666117e+01
9.845166666666666799e+01
9.852166666666666117e+01
9.845166666666666799e+01
9.852166666666666117e+01
9.845166666666666799e+01
9.852166666666666117e+01
9.845166666666666799e+01
9.852166666666666117e+01
9.845166666666666799e+01
9.852166666666666117e+01
9.845166666666666799e+01
9.852166666666666117e+01
9.845166666666666799e+01
9.852166666666666117e+01
9.845166666666666799e+01
9.852166666666666117e+01
9.845166666666666799e+01
9.852166666666666117e+01
9.845166666666666799e+01
9.852166666666666117e+01
9.845166666666666799e+01
9.852166666666666117e+01
9.845166666666666799e+01
9.852166666666666117e+01
9.845166666666666799e+01
9.852166666666666117e+01
9.845166666666666799e+01
9.852166666666666117e+01
9.845166666666666799e+01
9.852166666666666117e+01
9.845166666666666799e+01
9.852166666666666117e+01
9.845166666666666799e+01
9.852166666666666117e+01
9.845166666666666799e+01
9.852166666666666117e+01
9.845166666666666799e+01
9.852166666666666117e+01
9.845166666666666799e+01
9.852166666666666117e+01
9.845166666666666799e+01
9.852166666666666117e+01
9.845166666666666799e+01
9.852166666666666117e+01
9.845166666666666799e+01
9.852166666666666117e+01
9.845166666666666799e+01
9.852166666666666117e+01
9.845166666666666799e+01
9.852166666666666117e+01
9.845166666666666799e+01
9.852166666666666117e+01
9.845166666666666799e+01
9.852166666666666117e+01
9.845166666666666799e+01
9.852166666666666117e+01
9.845166666666666799e+01
9.852166666666666117e+01
9.845166666666666799e+01
9.852166666666666117e+01
9.845166666666666799e+01
9.852166666666666117e+01
9.845166666666666799e+01
9.852166666666666117e+01
9.845166666666666799e+01
9.852166666666666117e+01
9.845166666666666799e+01
9.852166666666666117e+01
9.845166666666666799e+01
9.852166666666666117e+01
9.845166666666666799e+01
9.852166666666666117e+01
9.845166666666666799e+01
9.852166666666666117e+01
9.845166666666666799e+01
9.852166666666666117e+01
9.845166666666666799e+01
9.852166666666666117e+01
9.845166666666666799e+01
9.852166666666666117e+01
9.845166666666666799e+01
9.852166666666666117e+01
9.845166666666666799e+01
9.852166666666666117e+01
9.845166666666666799e+01
9.852166666666666117e+01
9.845166666666666799e+01
9.852166666666666117e+01
9.845166666666666799e+01
9.852166666666666117e+01
9.845166666666666799e+01
9.852166666666666117e+01
9.845166666666666799e+01
9.852166666666666117e+01
9.845166666666666799e+01
9.852166666666666117e+01
9.845166666666666799e+01
9.852166666666666117e+01
9.845166666666666799e+01
9.852166666666666117e+01
9.845166666666666799e+01
9.852166666666666117e+01
9.845166666666666799e+01
9.852166666666666117e+01
9.845166666666666799e+01
9.852166666666666117e+01
9.845166666666666799e+01
9.852166666666666117e+01
9.845166666666666799e+01
9.852166666666666117e+01
9.845166666666666799e+01
9.852166666666666117e+01
9.845166666666666799e+01
9.852166666666666117e+01
9.845166666666666799e+01
9.852166666666666117e+01
9.845166666666666799e+01
9.852166666666666117e+01
9.845166666666666799e+01
9.852166666666666117e+01
9.845166666666666799e+01
9.852166666666666117e+01
9.845166666666666799e+01
9.852166666666666117e+01
9.845166666666666799e+01
9.852166666666666117e+01
9.845166666666666799e+01
9.852166666666666117e+01
9.845166666666666799e+01
9.852166666666666117e+01
9.845166666666666799e+01
9.852166666666666117e+01
9.845166666666666799e+01
9.852166666666666117e+01
9.845166666666666799e+01
9.852166666666666117e+01
9.845166666666666799e+01
9.852166666666666117e+01
9.845166666666666799e+01
9.852166666666666117e+01
9.845166666666666799e+01
9.852166666666666117e+01
9.845166666666666799e+01
9.852166666666666117e+01
9.845166666666666799e+01
9.852166666666666117e+01
9.845166666666666799e+01
9.852166666666666117e+01
9.845166666666666799e+01
9.852166666666666117e+01
9.845166666666666799e+01
9.852166666666666117e+01
9.845166666666666799e+01
9.852166666666666117e+01
9.845166666666666799e+01
9.852166666666666117e+01
9.845166666666666799e+01
9.852166666666666117e+01
9.845166666666666799e+01
9.852166666666666117e+01
9.845166666666666799e+01
9.852166666666666117e+01
9.845166666666666799e+01
9.852166666666666117e+01
9.845166666666666799e+01
9.852166666666666117e+01
9.845166666666666799e+01
9.852166666666666117e+01
9.845166666666666799e+01
9.852166666666666117e+01
9.845166666666666799e+01
9.852166666666666117e+01
9.845166666666666799e+01
9.852166666666666117e+01
9.845166666666666799e+01
9.852166666666666117e+01
9.845166666666666799e+01
9.852166666666666117e+01
9.845166666666666799e+01
9.852166666666666117e+01
9.845166666666666799e+01
9.852166666666666117e+01
9.845166666666666799e+01
9.852166666666666117e+01
9.845166666666666799e+01
9.852166666666666117e+01
9.845166666666666799e+01
9.852166666666666117e+01
9.845166666666666799e+01
9.852166666666666117e+01
9.845166666666666799e+01
9.852166666666666117e+01
9.845166666666666799e+01
9.852166666666666117e+01
9.845166666666666799e+01
9.852166666666666117e+01
9.845166666666666799e+01
9.852166666666666117e+01
9.845166666666666799e+01
9.852166666666666117e+01
9.845166666666666799e+01
9.852166666666666117e+01
9.845166666666666799e+01
9.852166666666666117e+01
9.845166666666666799e+01
9.852166666666666117e+01
9.845166666666666799e+01
9.852166666666666117e+01
9.845166666666666799e+01
9.852166666666666117e+01
9.845166666666666799e+01
9.852166666666666117e+01
9.845166666666666799e+01
9.852166666666666117e+01
9.845166666666666799e+01
9.852166666666666117e+01
9.845166666666666799e+01
9.852166666666666117e+01
9.845166666666666799e+01
9.852166666666666117e+01
9.845166666666666799e+01
9.852166666666666117e+01
9.845166666666666799e+01
9.852166666666666117e+01
9.845166666666666799e+01
9.852166666666666117e+01
9.845166666666666799e+01
9.852166666666666117e+01
9.845166666666666799e+01
9.852166666666666117e+01
9.845166666666666799e+01
9.852166666666666117e+01
9.845166666666666799e+01
9.852166666666666117e+01
9.845166666666666799e+01
9.852166666666666117e+01
9.845166666666666799e+01
9.852166666666666117e+01
9.845166666666666799e+01
9.852166666666666117e+01
9.845166666666666799e+01
9.852166666666666117e+01
9.845166666666666799e+01
9.852166666666666117e+01
9.845166666666666799e+01
9.852166666666666117e+01
9.845166666666666799e+01
9.852166666666666117e+01
9.845166666666666799e+01
9.852166666666666117e+01
9.845166666666666799e+01
9.852166666666666117e+01
9.845166666666666799e+01
9.852166666666666117e+01
9.845166666666666799e+01
9.852166666666666117e+01
9.845166666666666799e+01
9.852166666666666117e+01
9.845166666666666799e+01
9.852166666666666117e+01
9.845166666666666799e+01
9.852166666666666117e+01
9.845166666666666799e+01
9.852166666666666117e+01
9.845166666666666799e+01
9.852166666666666117e+01
9.845166666666666799e+01
9.852166666666666117e+01
9.845166666666666799e+01
9.852166666666666117e+01
9.845166666666666799e+01
9.852166666666666117e+01
9.845166666666666799e+01
9.852166666666666117e+01
9.845166666666666799e+01
9.852166666666666117e+01
9.845166666666666799e+01
9.852166666666666117e+01
9.845166666666666799e+01
9.852166666666666117e+01
9.845166666666666799e+01
9.852166666666666117e+01
9.845166666666666799e+01
9.852166666666666117e+01
9.845166666666666799e+01
9.852166666666666117e+01
9.845166666666666799e+01
9.852166666666666117e+01
9.845166666666666799e+01
9.852166666666666117e+01
9.845166666666666799e+01
9.852166666666666117e+01
9.845166666666666799e+01
9.852166666666666117e+01
9.845166666666666799e+01
9.852166666666666117e+01
9.845166666666666799e+01
9.852166666666666117e+01
9.845166666666666799e+01
9.852166666666666117e+01
9.845166666666666799e+01
9.852166666666666117e+01
9.845166666666666799e+01
9.852166666666666117e+01
9.845166666666666799e+01
9.852166666666666117e+01
9.845166666666666799e+01
9.852166666666666117e+01
9.845166666666666799e+01
9.852166666666666117e+01
9.845166666666666799e+01
9.852166666666666117e+01
9.845166666666666799e+01
9.852166666666666117e+01
9.845166666666666799e+01
9.852166666666666117e+01
9.845166666666666799e+01
9.852166666666666117e+01
9.845166666666666799e+01
9.852166666666666117e+01
9.845166666666666799e+01
9.852166666666666117e+01
9.845166666666666799e+01
9.852166666666666117e+01
9.845166666666666799e+01
9.852166666666666117e+01
9.845166666666666799e+01
9.852166666666666117e+01
9.845166666666666799e+01
9.852166666666666117e+01
9.845166666666666799e+01
9.852166666666666117e+01
9.845166666666666799e+01
9.852166666666666117e+01
9.845166666666666799e+01
9.852166666666666117e+01
9.845166666666666799e+01
9.852166666666666117e+01
9.845166666666666799e+01
9.852166666666666117e+01
9.845166666666666799e+01
9.852166666666666117e+01
9.845166666666666799e+01
9.852166666666666117e+01
9.845166666666666799e+01
9.852166666666666117e+01
9.845166666666666799e+01
9.852166666666666117e+01
9.845166666666666799e+01
9.852166666666666117e+01
9.845166666666666799e+01
9.852166666666666117e+01
9.845166666666666799e+01
9.852166666666666117e+01
9.845166666666666799e+01
9.852166666666666117e+01
9.845166666666666799e+01
9.852166666666666117e+01
9.845166666666666799e+01
9.852166666666666117e+01
9.845166666666666799e+01
9.852166666666666117e+01
9.845166666666666799e+01
9.852166666666666117e+01
9.845166666666666799e+01
9.852166666666666117e+01
9.845166666666666799e+01
9.852166666666666117e+01
9.845166666666666799e+01
9.852166666666666117e+01
9.845166666666666799e+01
9.852166666666666117e+01
9.845166666666666799e+01
9.852166666666666117e+01
9.845166666666666799e+01
9.852166666666666117e+01
9.845166666666666799e+01
9.852166666666666117e+01
9.845166666666666799e+01
9.852166666666666117e+01
9.845166666666666799e+01
9.852166666666666117e+01
9.845166666666666799e+01
9.852166666666666117e+01
9.845166666666666799e+01
9.852166666666666117e+01
9.845166666666666799e+01
9.852166666666666117e+01
9.845166666666666799e+01
9.852166666666666117e+01
9.845166666666666799e+01
9.852166666666666117e+01
9.845166666666666799e+01
9.852166666666666117e+01
9.845166666666666799e+01
9.852166666666666117e+01
9.845166666666666799e+01
9.852166666666666117e+01
9.845166666666666799e+01
9.852166666666666117e+01
9.845166666666666799e+01
9.852166666666666117e+01
9.845166666666666799e+01
9.852166666666666117e+01
9.845166666666666799e+01
9.852166666666666117e+01
9.845166666666666799e+01
9.852166666666666117e+01
9.845166666666666799e+01
9.852166666666666117e+01
9.845166666666666799e+01
9.852166666666666117e+01
9.845166666666666799e+01
9.852166666666666117e+01
9.845166666666666799e+01
9.852166666666666117e+01
9.845166666666666799e+01
9.852166666666666117e+01
9.845166666666666799e+01
9.852166666666666117e+01
9.845166666666666799e+01
9.852166666666666117e+01
9.845166666666666799e+01
9.852166666666666117e+01
9.845166666666666799e+01
9.852166666666666117e+01
9.845166666666666799e+01
9.852166666666666117e+01
9.845166666666666799e+01
9.852166666666666117e+01
9.845166666666666799e+01
9.852166666666666117e+01
9.845166666666666799e+01
9.852166666666666117e+01
9.845166666666666799e+01
9.852166666666666117e+01
9.845166666666666799e+01
9.852166666666666117e+01
9.845166666666666799e+01
9.852166666666666117e+01
9.845166666666666799e+01
9.852166666666666117e+01
9.845166666666666799e+01
9.852166666666666117e+01
9.845166666666666799e+01
9.852166666666666117e+01
9.845166666666666799e+01
9.852166666666666117e+01
9.845166666666666799e+01
9.852166666666666117e+01
9.845166666666666799e+01
9.852166666666666117e+01
9.845166666666666799e+01
9.852166666666666117e+01
9.845166666666666799e+01
9.852166666666666117e+01
9.845166666666666799e+01
9.852166666666666117e+01
9.845166666666666799e+01
9.852166666666666117e+01
9.845166666666666799e+01
9.852166666666666117e+01
9.845166666666666799e+01
9.852166666666666117e+01
9.845166666666666799e+01
9.852166666666666117e+01
9.845166666666666799e+01
9.852166666666666117e+01
9.845166666666666799e+01
9.852166666666666117e+01
