4.019166666666666998e+01
4.256999999999999318e+01
4.486166666666666458e+01
4.712333333333332774e+01
4.926500000000000057e+01
5.140333333333333599e+01
5.326166666666667027e+01
5.522500000000000142e+01
5.701999999999999602e+01
5.862833333333333030e+01
6.013333333333333286e+01
6.156833333333333513e+01
6.284833333333333627e+01
6.405333333333334167e+01
6.512500000000000000e+01
6.607666666666666799e+01
6.703666666666666174e+01
6.797499999999999432e+01
6.877333333333332632e+01
6.964000000000000057e+01
7.033666666666665890e+01
7.095666666666666345e+01
8.876333333333333542e+01
8.876333333333333542e+01
8.876333333333333542e+01
8.876333333333333542e+01
8.876333333333333542e+01
8.876333333333333542e+01
8.876333333333333542e+01
8.876333333333333542e+01
8.876333333333333542e+01
8.876333333333333542e+01
8.876333333333333542e+01
8.876333333333333542e+01
8.876333333333333542e+01
8.876333333333333542e+01
8.876333333333333542e+01
8.876333333333333542e+01
8.876333333333333542e+01
8.876333333333333542e+01
8.876333333333333542e+01
8.876333333333333542e+01
8.876333333333333542e+01
8.876333333333333542e+01
8.876333333333333542e+01
8.876333333333333542e+01
8.876333333333333542e+01
8.876333333333333542e+01
8.876333333333333542e+01
8.876333333333333542e+01
8.876333333333333542e+01
8.876333333333333542e+01
8.876333333333333542e+01
8.876333333333333542e+01
8.876333333333333542e+01
8.876333333333333542e+01
8.876333333333333542e+01
8.876333333333333542e+01
8.876333333333333542e+01
8.876333333333333542e+01
8.876333333333333542e+01
8.876333333333333542e+01
8.876333333333333542e+01
8.876333333333333542e+01
8.876333333333333542e+01
8.876333333333333542e+01
8.876333333333333542e+01
8.876333333333333542e+01
8.876333333333333542e+01
8.876333333333333542e+01
8.876333333333333542e+01
8.876333333333333542e+01
8.876333333333333542e+01
8.876333333333333542e+01
8.876333333333333542e+01
8.876333333333333542e+01
8.876333333333333542e+01
8.876333333333333542e+01
8.876333333333333542e+01
8.876333333333333542e+01
8.876333333333333542e+01
8.876333333333333542e+01
8.876333333333333542e+01
8.876333333333333542e+01
8.876333333333333542e+01
8.876333333333333542e+01
8.876333333333333542e+01
8.876333333333333542e+01
8.876333333333333542e+01
8.876333333333333542e+01
8.876333333333333542e+01
8.876333333333333542e+01
8.876333333333333542e+01
8.876333333333333542e+01
8.876333333333333542e+01
8.876333333333333542e+01
8.876333333333333542e+01
8.876333333333333542e+01
8.876333333333333542e+01
8.876333333333333542e+01
