5.277499999999999858e+01
9.007833333333333314e+01
9.009666666666666401e+01
9.010500000000000398e+01
9.010999999999999943e+01
9.011499999999999488e+01
9.011833333333333940e+01
9.012000000000000455e+01
9.012166666666666970e+01
9.012666666666666515e+01
9.012833333333333030e+01
9.012833333333333030e+01
9.012833333333333030e+01
9.012833333333333030e+01
9.013333333333332575e+01
9.013333333333332575e+01
9.013500000000000512e+01
9.013500000000000512e+01
9.013500000000000512e+01
9.013500000000000512e+01
9.013500000000000512e+01
9.013666666666667027e+01
9.013666666666667027e+01
9.013666666666667027e+01
9.013666666666667027e+01
9.013666666666667027e+01
9.013666666666667027e+01
9.013666666666667027e+01
9.013666666666667027e+01
9.013666666666667027e+01
9.013666666666667027e+01
9.013666666666667027e+01
9.013666666666667027e+01
9.013666666666667027e+01
9.013666666666667027e+01
9.013666666666667027e+01
9.013666666666667027e+01
9.013666666666667027e+01
9.013666666666667027e+01
9.013666666666667027e+01
9.013666666666667027e+01
9.013666666666667027e+01
9.013666666666667027e+01
9.013666666666667027e+01
9.013666666666667027e+01
9.013666666666667027e+01
9.013666666666667027e+01
9.013666666666667027e+01
9.013666666666667027e+01
9.013666666666667027e+01
9.013666666666667027e+01
9.013666666666667027e+01
9.013666666666667027e+01
9.013666666666667027e+01
9.013666666666667027e+01
9.013666666666667027e+01
9.013666666666667027e+01
9.013666666666667027e+01
9.013666666666667027e+01
9.013666666666667027e+01
9.013666666666667027e+01
9.013666666666667027e+01
9.013666666666667027e+01
9.013666666666667027e+01
9.013666666666667027e+01
9.013666666666667027e+01
9.013666666666667027e+01
9.013666666666667027e+01
9.013666666666667027e+01
9.013666666666667027e+01
9.013666666666667027e+01
9.013666666666667027e+01
9.013666666666667027e+01
9.013666666666667027e+01
9.013666666666667027e+01
9.013666666666667027e+01
9.013666666666667027e+01
9.013666666666667027e+01
9.013666666666667027e+01
9.013666666666667027e+01
9.013666666666667027e+01
9.013666666666667027e+01
9.013666666666667027e+01
9.013666666666667027e+01
9.013666666666667027e+01
9.013666666666667027e+01
9.013666666666667027e+01
9.013666666666667027e+01
9.013666666666667027e+01
9.013666666666667027e+01
9.013666666666667027e+01
9.013666666666667027e+01
9.013666666666667027e+01
9.013666666666667027e+01
9.013666666666667027e+01
9.013666666666667027e+01
9.013666666666667027e+01
9.013666666666667027e+01
9.013666666666667027e+01
9.013666666666667027e+01
