1.932666666666666799e+01
2.021500000000000341e+01
2.112666666666666515e+01
2.204500000000000171e+01
2.295499999999999829e+01
2.396666666666666856e+01
2.497333333333332916e+01
2.593999999999999773e+01
2.682999999999999829e+01
2.769833333333333769e+01
2.865166666666667084e+01
2.959833333333334338e+01
3.052333333333334053e+01
3.136333333333332973e+01
3.226000000000000512e+01
3.314833333333334053e+01
3.400666666666666060e+01
3.501999999999999602e+01
3.585166666666667368e+01
3.671499999999999631e+01
3.756000000000000227e+01
3.838166666666666771e+01
3.920666666666667055e+01
4.003499999999999659e+01
4.088000000000000256e+01
4.176333333333332831e+01
4.259500000000000597e+01
4.340833333333333854e+01
4.420333333333332604e+01
4.493333333333333712e+01
4.562500000000000711e+01
4.641666666666666430e+01
4.714166666666667282e+01
4.785333333333333883e+01
4.854000000000000625e+01
4.926833333333333798e+01
4.993999999999999773e+01
5.066333333333333400e+01
5.131499999999999773e+01
5.200333333333333741e+01
5.269666666666667254e+01
5.341833333333333655e+01
5.400833333333333286e+01
5.464499999999999602e+01
5.525166666666666515e+01
5.587333333333333485e+01
5.642499999999999716e+01
5.700666666666666771e+01
5.754500000000000171e+01
5.808333333333332860e+01
5.858666666666666600e+01
5.910500000000000398e+01
5.959499999999999886e+01
6.007666666666666799e+01
6.053999999999999915e+01
6.099499999999999744e+01
6.146999999999999886e+01
6.192166666666666686e+01
6.240666666666666629e+01
6.287166666666666259e+01
6.332166666666666544e+01
6.376833333333333087e+01
6.420499999999999829e+01
6.466666666666665719e+01
6.509000000000000341e+01
6.546999999999999886e+01
6.581000000000000227e+01
6.618333333333333712e+01
6.653833333333332689e+01
6.687500000000000000e+01
6.716666666666667140e+01
6.747166666666666401e+01
6.773166666666666913e+01
6.800000000000000000e+01
6.831666666666666288e+01
6.861166666666666458e+01
6.889666666666667538e+01
6.919833333333333769e+01
6.948333333333333428e+01
6.976166666666667027e+01
7.007166666666665833e+01
7.032666666666666799e+01
7.059499999999999886e+01
7.083833333333333826e+01
7.105333333333334167e+01
7.129500000000000171e+01
7.156333333333333258e+01
7.178999999999999204e+01
7.198666666666666458e+01
7.216166666666666174e+01
7.233833333333333826e+01
7.255166666666666231e+01
7.274333333333333940e+01
7.293999999999999773e+01
7.309333333333333371e+01
7.326166666666667027e+01
7.343000000000000682e+01
7.358833333333333826e+01
7.376666666666666572e+01
7.394333333333332803e+01
