1.932666666666666799e+01
2.086666666666666003e+01
2.253833333333334110e+01
2.447666666666667368e+01
2.642666666666666231e+01
2.832500000000000284e+01
3.046333333333333826e+01
3.255833333333333712e+01
3.478166666666666629e+01
3.697166666666667112e+01
3.916500000000000625e+01
4.154666666666666686e+01
4.377666666666666373e+01
4.603833333333333400e+01
4.821333333333333115e+01
5.037666666666666515e+01
5.251666666666666572e+01
5.461166666666666458e+01
5.656499999999999773e+01
5.844333333333333513e+01
6.017999999999999972e+01
6.179999999999999716e+01
6.344000000000000483e+01
6.504666666666666686e+01
6.649500000000000455e+01
6.774000000000000909e+01
6.888666666666667027e+01
7.007999999999999829e+01
7.120000000000000284e+01
7.215166666666667084e+01
7.306166666666666742e+01
7.387000000000000455e+01
7.455833333333333712e+01
7.522166666666666401e+01
7.588499999999999091e+01
7.652166666666666117e+01
7.712333333333333485e+01
7.757999999999999829e+01
7.806166666666666742e+01
7.844666666666667254e+01
7.878833333333332689e+01
7.907833333333333314e+01
7.940666666666666629e+01
7.967499999999999716e+01
7.989166666666666572e+01
8.015000000000000568e+01
8.037333333333333485e+01
8.063333333333332575e+01
8.083333333333332860e+01
8.102333333333334053e+01
8.121666666666666856e+01
8.137333333333333485e+01
8.153333333333333144e+01
8.168000000000000682e+01
8.183833333333333826e+01
8.196999999999999886e+01
8.208500000000000796e+01
8.221333333333333826e+01
8.237666666666666515e+01
8.252666666666667084e+01
8.265166666666667084e+01
8.279166666666667140e+01
8.294166666666666288e+01
8.309000000000000341e+01
8.328999999999999204e+01
8.343000000000000682e+01
8.359833333333332916e+01
8.374333333333333940e+01
8.389166666666666572e+01
8.403666666666666174e+01
8.417833333333332746e+01
8.438833333333333542e+01
8.453166666666666629e+01
8.469499999999999318e+01
8.487333333333333485e+01
8.503166666666666629e+01
8.518166666666667197e+01
8.535833333333333428e+01
8.550166666666666515e+01
8.567333333333333201e+01
8.580833333333333712e+01
8.595666666666666345e+01
8.611666666666667425e+01
8.628000000000000114e+01
8.642000000000000171e+01
8.656666666666666288e+01
8.671166666666667311e+01
8.685500000000000398e+01
8.695166666666666799e+01
8.709999999999999432e+01
8.724666666666666970e+01
8.736499999999999488e+01
8.749166666666667425e+01
8.762833333333333030e+01
8.777333333333334053e+01
8.791666666666667140e+01
8.802833333333333599e+01
8.815500000000000114e+01
8.830833333333333712e+01
8.844499999999999318e+01
