1.932666666666666799e+01
2.415999999999999659e+01
3.033833333333333826e+01
3.779666666666666686e+01
4.629833333333333201e+01
5.484000000000000341e+01
6.263333333333333286e+01
6.926166666666667027e+01
7.426500000000000057e+01
7.768500000000000227e+01
7.986666666666667425e+01
8.120999999999999375e+01
8.200333333333333030e+01
8.237833333333333030e+01
8.283166666666666345e+01
8.339833333333334053e+01
8.417166666666666686e+01
8.487166666666666970e+01
8.583166666666666345e+01
8.681333333333333258e+01
8.765833333333333144e+01
8.848999999999999488e+01
8.933666666666667311e+01
9.023333333333333428e+01
9.095333333333333314e+01
9.163833333333333542e+01
9.218000000000000682e+01
9.282833333333333314e+01
9.311833333333333940e+01
9.370166666666666799e+01
9.390000000000000568e+01
9.439000000000000057e+01
9.456166666666666742e+01
9.497166666666666401e+01
9.511499999999999488e+01
9.539333333333333087e+01
9.549333333333333940e+01
9.579666666666666686e+01
9.582666666666666799e+01
9.612500000000000000e+01
9.613333333333333997e+01
9.634166666666666856e+01
9.639833333333332632e+01
9.659333333333333371e+01
9.665999999999999659e+01
9.680833333333333712e+01
9.685333333333333883e+01
9.701666666666666572e+01
9.703833333333332689e+01
9.719333333333332803e+01
9.721333333333333826e+01
9.733166666666666345e+01
9.737999999999999545e+01
9.743833333333333258e+01
9.751000000000000512e+01
9.757833333333333314e+01
9.763500000000000512e+01
9.763333333333333997e+01
9.775499999999999545e+01
9.776166666666667027e+01
9.785333333333333883e+01
9.780833333333333712e+01
9.795499999999999829e+01
9.796500000000000341e+01
9.802666666666667084e+01
9.799833333333333485e+01
9.810333333333333883e+01
9.807666666666666799e+01
9.818666666666666742e+01
9.812000000000000455e+01
9.824166666666666003e+01
9.822666666666665947e+01
9.830833333333333712e+01
9.825166666666666515e+01
9.837166666666666970e+01
9.831166666666666742e+01
9.842499999999999716e+01
9.834166666666666856e+01
9.845999999999999375e+01
9.838500000000000512e+01
9.849500000000000455e+01
9.840666666666666629e+01
9.853166666666666629e+01
9.847833333333333883e+01
9.856999999999999318e+01
9.848999999999999488e+01
9.859166666666666856e+01
9.851833333333333087e+01
9.862666666666666515e+01
9.854333333333333655e+01
9.865500000000000114e+01
9.861166666666666458e+01
9.868166666666667197e+01
9.861166666666666458e+01
9.871333333333333826e+01
9.865500000000000114e+01
9.873499999999999943e+01
9.865333333333333599e+01
9.876166666666667027e+01
9.867499999999999716e+01
