1.932666666666666799e+01
2.167833333333332746e+01
2.453333333333333144e+01
2.760333333333333883e+01
3.097499999999999432e+01
3.467833333333332746e+01
3.850833333333333286e+01
4.263833333333333542e+01
4.667166666666666686e+01
5.073166666666666913e+01
5.470499999999999829e+01
5.841333333333333400e+01
6.177666666666667084e+01
6.498166666666665492e+01
6.775666666666666060e+01
7.025166666666666515e+01
7.248833333333332973e+01
7.433500000000000796e+01
7.583333333333332860e+01
7.719499999999999318e+01
7.827500000000000568e+01
7.912166666666666970e+01
7.984333333333333371e+01
8.049333333333333940e+01
8.096166666666667311e+01
8.131166666666666742e+01
8.159000000000000341e+01
8.185333333333332462e+01
8.214833333333334053e+01
8.242333333333333201e+01
8.272333333333332916e+01
8.303666666666666174e+01
8.335333333333332462e+01
8.362000000000000455e+01
8.398499999999999943e+01
8.434499999999999886e+01
8.464333333333333087e+01
8.500666666666666060e+01
8.534499999999999886e+01
8.571166666666667311e+01
8.610333333333333883e+01
8.647499999999999432e+01
8.681666666666666288e+01
8.712999999999999545e+01
8.745999999999999375e+01
8.775499999999999545e+01
8.811166666666666458e+01
8.843666666666666742e+01
8.878666666666666174e+01
8.914833333333334053e+01
8.947833333333333883e+01
8.978166666666666629e+01
9.006666666666666288e+01
9.038500000000000512e+01
9.068833333333333258e+01
9.095833333333332860e+01
9.120999999999999375e+01
9.144166666666666288e+01
9.167499999999999716e+01
9.194166666666666288e+01
9.215166666666667084e+01
9.237166666666666970e+01
9.258333333333332860e+01
9.276500000000000057e+01
9.294833333333333769e+01
9.312999999999999545e+01
9.331499999999999773e+01
9.348666666666666458e+01
9.365500000000000114e+01
9.381000000000000227e+01
9.396833333333333371e+01
9.410500000000000398e+01
9.424666666666666970e+01
9.436833333333333940e+01
9.450666666666666060e+01
9.462999999999999545e+01
9.476166666666667027e+01
9.487166666666666970e+01
9.498666666666666458e+01
9.510333333333333883e+01
9.518833333333333258e+01
9.529999999999999716e+01
9.538500000000000512e+01
9.548999999999999488e+01
9.557999999999999829e+01
9.568166666666667197e+01
9.573333333333333428e+01
9.581000000000000227e+01
9.588333333333333997e+01
9.595833333333332860e+01
9.604166666666667140e+01
9.610333333333333883e+01
9.615999999999999659e+01
9.622833333333333883e+01
9.631333333333333258e+01
9.636666666666666003e+01
9.642333333333333201e+01
9.649500000000000455e+01
9.655500000000000682e+01
9.661166666666666458e+01
