1.932666666666666799e+01
2.047666666666665947e+01
2.165333333333333599e+01
2.283333333333334281e+01
2.423833333333332973e+01
2.561666666666666003e+01
2.690500000000000114e+01
2.819500000000000739e+01
2.958833333333333826e+01
3.095000000000000284e+01
3.226666666666666572e+01
3.365500000000000114e+01
3.510333333333332462e+01
3.644500000000000739e+01
3.777333333333333343e+01
3.910333333333333172e+01
4.049833333333333485e+01
4.189000000000000767e+01
4.322833333333333883e+01
4.456499999999999773e+01
4.579666666666666686e+01
4.704833333333333911e+01
4.827499999999999858e+01
4.947333333333333627e+01
5.071833333333333371e+01
5.193166666666666487e+01
5.308333333333333570e+01
5.421333333333333826e+01
5.537833333333333741e+01
5.641833333333332945e+01
5.740666666666666629e+01
5.841166666666666885e+01
5.934333333333333371e+01
6.021833333333333371e+01
6.108666666666666600e+01
6.193166666666666487e+01
6.280166666666666941e+01
6.366499999999999915e+01
6.449666666666666970e+01
6.528166666666666629e+01
6.599000000000000909e+01
6.669499999999999318e+01
6.731666666666666288e+01
6.793166666666667197e+01
6.848499999999999943e+01
6.902500000000000568e+01
6.962666666666666515e+01
7.018166666666667197e+01
7.070666666666666345e+01
7.122333333333332916e+01
7.168000000000000682e+01
7.212166666666666970e+01
7.256000000000000227e+01
7.296166666666667311e+01
7.331833333333332803e+01
7.367833333333334167e+01
7.401333333333333542e+01
7.430333333333332746e+01
7.461333333333332973e+01
7.492833333333334167e+01
7.523499999999999943e+01
7.554166666666665719e+01
7.587000000000000455e+01
7.612833333333333030e+01
7.638500000000000512e+01
7.663666666666667027e+01
7.689833333333334053e+01
7.713166666666666060e+01
7.737833333333333030e+01
7.762000000000000455e+01
7.783499999999999375e+01
7.801999999999999602e+01
7.822166666666666401e+01
7.839666666666667538e+01
7.856166666666666742e+01
7.871500000000000341e+01
7.885333333333333883e+01
7.897666666666665947e+01
7.910333333333333883e+01
7.922833333333333883e+01
7.933833333333333826e+01
7.943000000000000682e+01
7.951666666666666572e+01
7.961833333333333940e+01
7.971500000000000341e+01
7.984833333333332916e+01
7.995666666666666345e+01
8.005500000000000682e+01
8.014833333333334053e+01
8.024000000000000909e+01
8.034999999999999432e+01
8.045166666666666799e+01
8.054166666666667140e+01
8.062999999999999545e+01
8.072666666666665947e+01
8.084000000000000341e+01
8.092833333333332746e+01
8.101500000000000057e+01
8.109833333333332916e+01
8.120999999999999375e+01
