1.932666666666666799e+01
8.506999999999999318e+01
7.452666666666667084e+01
9.008833333333333826e+01
7.975833333333332575e+01
9.012999999999999545e+01
8.235333333333333883e+01
9.012666666666666515e+01
8.437666666666666515e+01
9.012666666666666515e+01
8.506333333333333258e+01
9.012833333333333030e+01
8.509666666666666401e+01
9.012833333333333030e+01
8.497166666666666401e+01
9.012833333333333030e+01
8.468500000000000227e+01
9.012833333333333030e+01
8.453000000000000114e+01
9.012833333333333030e+01
8.439000000000000057e+01
9.012833333333333030e+01
8.436500000000000909e+01
9.012833333333333030e+01
8.385166666666665947e+01
9.012833333333333030e+01
8.400833333333332575e+01
9.012833333333333030e+01
8.287500000000000000e+01
9.012833333333333030e+01
8.441333333333332689e+01
9.012833333333333030e+01
8.206166666666666742e+01
9.012833333333333030e+01
8.401500000000000057e+01
9.012833333333333030e+01
8.248999999999999488e+01
9.012833333333333030e+01
8.406666666666666288e+01
9.012833333333333030e+01
8.313166666666666060e+01
9.012833333333333030e+01
8.401333333333333542e+01
9.012833333333333030e+01
8.271000000000000796e+01
9.012833333333333030e+01
8.424333333333333940e+01
9.012833333333333030e+01
8.126999999999999602e+01
9.012833333333333030e+01
8.337500000000000000e+01
9.012833333333333030e+01
8.326333333333333542e+01
9.012833333333333030e+01
8.361166666666666458e+01
9.012833333333333030e+01
8.297166666666666401e+01
9.012833333333333030e+01
8.453499999999999659e+01
9.012833333333333030e+01
8.079500000000000171e+01
9.012833333333333030e+01
8.308166666666666345e+01
9.012833333333333030e+01
8.337500000000000000e+01
9.012833333333333030e+01
8.336166666666666458e+01
9.012833333333333030e+01
8.315166666666667084e+01
9.012833333333333030e+01
8.411333333333332973e+01
9.012833333333333030e+01
8.109000000000000341e+01
9.012833333333333030e+01
8.330500000000000682e+01
9.012833333333333030e+01
8.321999999999999886e+01
9.012833333333333030e+01
8.307666666666666799e+01
9.012833333333333030e+01
8.353666666666666174e+01
9.012833333333333030e+01
8.218666666666666742e+01
9.012833333333333030e+01
8.381833333333332803e+01
9.012833333333333030e+01
8.188833333333333542e+01
9.012833333333333030e+01
8.385166666666665947e+01
9.012833333333333030e+01
8.253333333333333144e+01
9.012833333333333030e+01
8.409166666666666856e+01
9.012833333333333030e+01
8.159000000000000341e+01
9.012833333333333030e+01
8.357666666666666799e+01
9.012833333333333030e+01
8.292833333333334167e+01
9.012833333333333030e+01
