1.932666666666666799e+01
3.840833333333333144e+01
6.370666666666666345e+01
7.940999999999999659e+01
8.282500000000000284e+01
8.216499999999999204e+01
8.528499999999999659e+01
8.637999999999999545e+01
8.984499999999999886e+01
9.011166666666666458e+01
9.166666666666667140e+01
9.231666666666666288e+01
9.269833333333333769e+01
9.367833333333332746e+01
9.381000000000000227e+01
9.453000000000000114e+01
9.428833333333332689e+01
9.521833333333333371e+01
9.528000000000000114e+01
9.563833333333333542e+01
9.540333333333333599e+01
9.601666666666666572e+01
9.557666666666666799e+01
9.633333333333332860e+01
9.586833333333333940e+01
9.655333333333332746e+01
9.594333333333332803e+01
9.674333333333333940e+01
9.618000000000000682e+01
9.689166666666666572e+01
9.621333333333333826e+01
9.704000000000000625e+01
9.645666666666666345e+01
9.714499999999999602e+01
9.651666666666666572e+01
9.723833333333332973e+01
9.660166666666667368e+01
9.726333333333333542e+01
9.661333333333332973e+01
9.733499999999999375e+01
9.668999999999999773e+01
9.735833333333333428e+01
9.669499999999999318e+01
9.741166666666666174e+01
9.675666666666666060e+01
9.744499999999999318e+01
9.675666666666666060e+01
9.748499999999999943e+01
9.684166666666666856e+01
9.750666666666666060e+01
9.684666666666666401e+01
9.754000000000000625e+01
9.685166666666665947e+01
9.756166666666666742e+01
9.689499999999999602e+01
9.759166666666666856e+01
9.689833333333332632e+01
9.760166666666665947e+01
9.689833333333332632e+01
9.761333333333332973e+01
9.690000000000000568e+01
9.761499999999999488e+01
9.690000000000000568e+01
9.761666666666666003e+01
9.691500000000000625e+01
9.761666666666666003e+01
9.691666666666667140e+01
9.762833333333333030e+01
9.691833333333333655e+01
9.763666666666667027e+01
9.692000000000000171e+01
9.763833333333333542e+01
9.692166666666666686e+01
9.764166666666666572e+01
9.692166666666666686e+01
9.764166666666666572e+01
9.695000000000000284e+01
9.765166666666667084e+01
9.695000000000000284e+01
9.765666666666666629e+01
9.695000000000000284e+01
9.765999999999999659e+01
9.695166666666666799e+01
9.766333333333332689e+01
9.695166666666666799e+01
9.766500000000000625e+01
9.695166666666666799e+01
9.766666666666667140e+01
9.695166666666666799e+01
9.766666666666667140e+01
9.695166666666666799e+01
9.767000000000000171e+01
9.696500000000000341e+01
9.766500000000000625e+01
9.696666666666666856e+01
9.766500000000000625e+01
9.696666666666666856e+01
9.766500000000000625e+01
9.696666666666666856e+01
9.766500000000000625e+01
