1.932666666666666799e+01
9.012833333333333030e+01
1.582000000000000739e+01
9.012833333333333030e+01
1.686833333333332519e+01
9.012833333333333030e+01
1.794499999999999318e+01
9.012833333333333030e+01
1.861500000000000909e+01
9.012833333333333030e+01
1.884833333333332916e+01
9.012833333333333030e+01
1.884833333333332916e+01
9.012833333333333030e+01
1.884833333333332916e+01
9.012833333333333030e+01
1.884833333333332916e+01
9.012833333333333030e+01
1.884833333333332916e+01
9.012833333333333030e+01
1.884833333333332916e+01
9.012833333333333030e+01
1.884833333333332916e+01
9.012833333333333030e+01
1.884833333333332916e+01
9.012833333333333030e+01
1.884833333333332916e+01
9.012833333333333030e+01
1.884833333333332916e+01
9.012833333333333030e+01
1.884833333333332916e+01
9.012833333333333030e+01
1.884833333333332916e+01
9.012833333333333030e+01
1.884833333333332916e+01
9.012833333333333030e+01
1.884833333333332916e+01
9.012833333333333030e+01
1.884833333333332916e+01
9.012833333333333030e+01
1.884833333333332916e+01
9.012833333333333030e+01
1.884833333333332916e+01
9.012833333333333030e+01
1.884833333333332916e+01
9.012833333333333030e+01
1.884833333333332916e+01
9.012833333333333030e+01
1.884833333333332916e+01
9.012833333333333030e+01
1.884833333333332916e+01
9.012833333333333030e+01
1.884833333333332916e+01
9.012833333333333030e+01
1.884833333333332916e+01
9.012833333333333030e+01
1.884833333333332916e+01
9.012833333333333030e+01
1.884833333333332916e+01
9.012833333333333030e+01
1.884833333333332916e+01
9.012833333333333030e+01
1.884833333333332916e+01
9.012833333333333030e+01
1.884833333333332916e+01
9.012833333333333030e+01
1.884833333333332916e+01
9.012833333333333030e+01
1.884833333333332916e+01
9.012833333333333030e+01
1.884833333333332916e+01
9.012833333333333030e+01
1.884833333333332916e+01
9.012833333333333030e+01
1.884833333333332916e+01
9.012833333333333030e+01
1.884833333333332916e+01
9.012833333333333030e+01
1.884833333333332916e+01
9.012833333333333030e+01
1.884833333333332916e+01
9.012833333333333030e+01
1.884833333333332916e+01
9.012833333333333030e+01
1.884833333333332916e+01
9.012833333333333030e+01
1.884833333333332916e+01
9.012833333333333030e+01
1.884833333333332916e+01
9.012833333333333030e+01
1.884833333333332916e+01
9.012833333333333030e+01
1.884833333333332916e+01
9.012833333333333030e+01
1.884833333333332916e+01
9.012833333333333030e+01
1.884833333333332916e+01
9.012833333333333030e+01
1.884833333333332916e+01
9.012833333333333030e+01
