2.304666666666666686e+01
8.683666666666667311e+01
8.749500000000000455e+01
9.099666666666666970e+01
8.127833333333333599e+01
9.100166666666666515e+01
7.564666666666667538e+01
9.099333333333333940e+01
6.811333333333332973e+01
9.098000000000000398e+01
5.898833333333332973e+01
9.096999999999999886e+01
4.852999999999999403e+01
9.096666666666666856e+01
3.866833333333333655e+01
9.096500000000000341e+01
3.016833333333333655e+01
9.096500000000000341e+01
2.430166666666666231e+01
9.096500000000000341e+01
2.900166666666666515e+01
9.096500000000000341e+01
2.354500000000000171e+01
9.096500000000000341e+01
2.852666666666667084e+01
9.096500000000000341e+01
2.362500000000000000e+01
9.096500000000000341e+01
3.087166666666666970e+01
9.096500000000000341e+01
2.535666666666666913e+01
9.096500000000000341e+01
3.012999999999999545e+01
9.096500000000000341e+01
2.535333333333333883e+01
9.096500000000000341e+01
3.159333333333333371e+01
9.096500000000000341e+01
2.648499999999999943e+01
9.096500000000000341e+01
3.126666666666666572e+01
9.096500000000000341e+01
2.654500000000000171e+01
9.096500000000000341e+01
3.291833333333333655e+01
9.096500000000000341e+01
2.735833333333333428e+01
9.096500000000000341e+01
3.307666666666666799e+01
9.096500000000000341e+01
2.774833333333333485e+01
9.096500000000000341e+01
3.271500000000000341e+01
9.096500000000000341e+01
2.781833333333332803e+01
9.096500000000000341e+01
3.366833333333333655e+01
9.096500000000000341e+01
2.770333333333333314e+01
9.096500000000000341e+01
3.416333333333334110e+01
9.096500000000000341e+01
2.822666666666665947e+01
9.096500000000000341e+01
2.954166666666667140e+01
9.096500000000000341e+01
2.741833333333333655e+01
9.096500000000000341e+01
3.462166666666665549e+01
9.096500000000000341e+01
2.842499999999999716e+01
9.096500000000000341e+01
3.003000000000000114e+01
9.096500000000000341e+01
2.765666666666666629e+01
9.096500000000000341e+01
3.542833333333332746e+01
9.096500000000000341e+01
2.865166666666667084e+01
9.096500000000000341e+01
2.825333333333333030e+01
9.096500000000000341e+01
3.095999999999999375e+01
9.096500000000000341e+01
2.827499999999999147e+01
9.096500000000000341e+01
3.328333333333333144e+01
9.096500000000000341e+01
2.785166666666665947e+01
9.096500000000000341e+01
3.420666666666666345e+01
9.096500000000000341e+01
2.800333333333333030e+01
9.096500000000000341e+01
3.304833333333333201e+01
9.096500000000000341e+01
2.793999999999999773e+01
9.096500000000000341e+01
3.402333333333334053e+01
9.096500000000000341e+01
