2.304666666666666686e+01
9.096500000000000341e+01
1.576500000000000057e+01
9.096500000000000341e+01
1.603499999999999659e+01
9.096500000000000341e+01
1.630166666666667652e+01
9.096500000000000341e+01
1.646833333333333371e+01
9.096500000000000341e+01
1.652166666666666117e+01
9.096500000000000341e+01
1.652166666666666117e+01
9.096500000000000341e+01
1.652166666666666117e+01
9.096500000000000341e+01
1.652166666666666117e+01
9.096500000000000341e+01
1.652166666666666117e+01
9.096500000000000341e+01
1.652166666666666117e+01
9.096500000000000341e+01
1.652166666666666117e+01
9.096500000000000341e+01
1.652166666666666117e+01
9.096500000000000341e+01
1.652166666666666117e+01
9.096500000000000341e+01
1.652166666666666117e+01
9.096500000000000341e+01
1.652166666666666117e+01
9.096500000000000341e+01
1.652166666666666117e+01
9.096500000000000341e+01
1.652166666666666117e+01
9.096500000000000341e+01
1.652166666666666117e+01
9.096500000000000341e+01
1.652166666666666117e+01
9.096500000000000341e+01
1.652166666666666117e+01
9.096500000000000341e+01
1.652166666666666117e+01
9.096500000000000341e+01
1.652166666666666117e+01
9.096500000000000341e+01
1.652166666666666117e+01
9.096500000000000341e+01
1.652166666666666117e+01
9.096500000000000341e+01
1.652166666666666117e+01
9.096500000000000341e+01
1.652166666666666117e+01
9.096500000000000341e+01
1.652166666666666117e+01
9.096500000000000341e+01
1.652166666666666117e+01
9.096500000000000341e+01
1.652166666666666117e+01
9.096500000000000341e+01
1.652166666666666117e+01
9.096500000000000341e+01
1.652166666666666117e+01
9.096500000000000341e+01
1.652166666666666117e+01
9.096500000000000341e+01
1.652166666666666117e+01
9.096500000000000341e+01
1.652166666666666117e+01
9.096500000000000341e+01
1.652166666666666117e+01
9.096500000000000341e+01
1.652166666666666117e+01
9.096500000000000341e+01
1.652166666666666117e+01
9.096500000000000341e+01
1.652166666666666117e+01
9.096500000000000341e+01
1.652166666666666117e+01
9.096500000000000341e+01
1.652166666666666117e+01
9.096500000000000341e+01
1.652166666666666117e+01
9.096500000000000341e+01
1.652166666666666117e+01
9.096500000000000341e+01
1.652166666666666117e+01
9.096500000000000341e+01
1.652166666666666117e+01
9.096500000000000341e+01
1.652166666666666117e+01
9.096500000000000341e+01
1.652166666666666117e+01
9.096500000000000341e+01
1.652166666666666117e+01
9.096500000000000341e+01
1.652166666666666117e+01
9.096500000000000341e+01
1.652166666666666117e+01
9.096500000000000341e+01
