2.304666666666666686e+01
2.420166666666666799e+01
2.536500000000000909e+01
2.653999999999999204e+01
2.769666666666667254e+01
2.890500000000000114e+01
3.009833333333334338e+01
3.126333333333333542e+01
3.233666666666667311e+01
3.336166666666666458e+01
3.446000000000000796e+01
3.551999999999999602e+01
3.662666666666666515e+01
3.756833333333333513e+01
3.864333333333333087e+01
3.962999999999999545e+01
4.060999999999999943e+01
4.163166666666666771e+01
4.259166666666666856e+01
4.351333333333333542e+01
4.444833333333333769e+01
4.533000000000000540e+01
4.618333333333333002e+01
4.710833333333332718e+01
4.805833333333333712e+01
4.896166666666667311e+01
4.982166666666666544e+01
5.061999999999999744e+01
5.144666666666666544e+01
5.222333333333332916e+01
5.298333333333333428e+01
5.366000000000000369e+01
5.435000000000000142e+01
5.506666666666666998e+01
5.578000000000000114e+01
5.646833333333333371e+01
5.714000000000000057e+01
5.789666666666666828e+01
5.861500000000000199e+01
5.929166666666666430e+01
5.992333333333333201e+01
6.053999999999999915e+01
6.118333333333333712e+01
6.182500000000000284e+01
6.240333333333333599e+01
6.295666666666666345e+01
6.349166666666666714e+01
6.407999999999999829e+01
6.461500000000000909e+01
6.512500000000000000e+01
6.560333333333333883e+01
6.604833333333333201e+01
6.653666666666666174e+01
6.703499999999999659e+01
6.750999999999999091e+01
6.796166666666667311e+01
6.840999999999999659e+01
6.885333333333332462e+01
6.929666666666666686e+01
6.975000000000000000e+01
7.011666666666667425e+01
7.052666666666667084e+01
7.094666666666667254e+01
7.136500000000000909e+01
7.172833333333332462e+01
7.212333333333333485e+01
7.253833333333332689e+01
7.288833333333333542e+01
7.324666666666666970e+01
7.356000000000000227e+01
7.390500000000000114e+01
7.422166666666666401e+01
7.450499999999999545e+01
7.480333333333334167e+01
7.510833333333333428e+01
7.542499999999999716e+01
7.571666666666666856e+01
7.600666666666666060e+01
7.630500000000000682e+01
7.657166666666665833e+01
7.686166666666666458e+01
7.711500000000000909e+01
7.732166666666665833e+01
7.757333333333333769e+01
7.782833333333333314e+01
7.805666666666667197e+01
7.830333333333334167e+01
7.850833333333332575e+01
7.875333333333333030e+01
7.898333333333333428e+01
7.918666666666666742e+01
7.937166666666666970e+01
7.955333333333334167e+01
7.974166666666667425e+01
7.990666666666666629e+01
8.005666666666667197e+01
8.020000000000000284e+01
8.033333333333334281e+01
8.047666666666665947e+01
8.065500000000000114e+01
