2.304666666666666686e+01
2.916833333333332234e+01
3.637000000000000455e+01
4.452833333333333599e+01
5.310500000000000398e+01
6.123000000000000398e+01
6.857666666666666799e+01
7.466333333333332689e+01
7.931166666666666742e+01
8.264000000000000057e+01
8.484499999999999886e+01
8.627666666666667084e+01
8.715333333333333599e+01
8.764333333333333087e+01
8.809666666666666401e+01
8.845666666666666345e+01
8.881666666666666288e+01
8.911499999999999488e+01
8.950666666666666060e+01
8.981999999999999318e+01
9.016333333333332689e+01
9.046166666666667311e+01
9.073166666666666913e+01
9.099166666666667425e+01
9.133333333333332860e+01
9.157333333333333769e+01
9.189000000000000057e+01
9.203333333333333144e+01
9.234499999999999886e+01
9.243166666666667197e+01
9.274333333333333940e+01
9.277500000000000568e+01
9.306999999999999318e+01
9.309333333333333371e+01
9.333166666666666345e+01
9.340000000000000568e+01
9.354999999999999716e+01
9.364333333333333087e+01
9.376500000000000057e+01
9.393166666666667197e+01
9.396500000000000341e+01
9.412500000000000000e+01
9.412333333333333485e+01
9.431666666666666288e+01
9.427500000000000568e+01
9.446500000000000341e+01
9.445999999999999375e+01
9.461666666666667425e+01
9.459000000000000341e+01
9.477333333333334053e+01
9.470999999999999375e+01
9.490333333333333599e+01
9.477666666666667084e+01
9.500666666666666060e+01
9.484666666666666401e+01
9.509666666666666401e+01
9.489499999999999602e+01
9.516666666666667140e+01
9.493666666666666742e+01
9.524166666666667425e+01
9.497833333333333883e+01
9.529833333333333201e+01
9.504166666666667140e+01
9.533166666666666345e+01
9.509833333333332916e+01
9.540000000000000568e+01
9.511666666666667425e+01
9.544833333333333769e+01
9.515333333333333599e+01
9.548000000000000398e+01
9.518999999999999773e+01
9.552166666666666117e+01
9.522333333333332916e+01
9.555833333333333712e+01
9.524333333333333940e+01
9.560166666666665947e+01
9.527500000000000568e+01
9.562999999999999545e+01
9.526833333333333087e+01
9.564833333333334053e+01
9.528333333333333144e+01
9.567333333333333201e+01
9.533666666666667311e+01
9.572499999999999432e+01
9.535166666666665947e+01
9.575666666666666060e+01
9.534999999999999432e+01
9.579666666666666686e+01
9.535833333333333428e+01
9.579833333333333201e+01
9.542333333333333201e+01
9.584999999999999432e+01
9.539499999999999602e+01
9.587000000000000455e+01
9.541833333333333655e+01
9.588166666666666060e+01
9.542333333333333201e+01
9.590666666666666629e+01
9.542833333333332746e+01
9.592499999999999716e+01
