2.304666666666666686e+01
2.607666666666666799e+01
2.960166666666667368e+01
3.324666666666666970e+01
3.717500000000000426e+01
4.122666666666666657e+01
4.536333333333332973e+01
4.958666666666666600e+01
5.361666666666666714e+01
5.751833333333333087e+01
6.131333333333333258e+01
6.482166666666665833e+01
6.797333333333332916e+01
7.102166666666666117e+01
7.368500000000000227e+01
7.607666666666666799e+01
7.817666666666666231e+01
7.993500000000000227e+01
8.137333333333333485e+01
8.258166666666666345e+01
8.357500000000000284e+01
8.442666666666666231e+01
8.518999999999999773e+01
8.568833333333333258e+01
8.616833333333333655e+01
8.659333333333333371e+01
8.695666666666666345e+01
8.728499999999999659e+01
8.755166666666666231e+01
8.778666666666666174e+01
8.799666666666666970e+01
8.819499999999999318e+01
8.836166666666666458e+01
8.851333333333333542e+01
8.869166666666666288e+01
8.883666666666667311e+01
8.899166666666666003e+01
8.913833333333333542e+01
8.929333333333333655e+01
8.942333333333333201e+01
8.955666666666667197e+01
8.973833333333332973e+01
8.985166666666665947e+01
8.998499999999999943e+01
9.012500000000000000e+01
9.025000000000000000e+01
9.039833333333334053e+01
9.053666666666666174e+01
9.064833333333334053e+01
9.076500000000000057e+01
9.088833333333333542e+01
9.100333333333333030e+01
9.108833333333333826e+01
9.120666666666666345e+01
9.131333333333333258e+01
9.138833333333333542e+01
9.150499999999999545e+01
9.157666666666666799e+01
9.170000000000000284e+01
9.179166666666667140e+01
9.190000000000000568e+01
9.198166666666666913e+01
9.207500000000000284e+01
9.215666666666666629e+01
9.223333333333333428e+01
9.231499999999999773e+01
9.239333333333333087e+01
9.245833333333332860e+01
9.253000000000000114e+01
9.262166666666666970e+01
9.267833333333332746e+01
9.274666666666666970e+01
9.281666666666666288e+01
9.288500000000000512e+01
9.294833333333333769e+01
9.301000000000000512e+01
9.306499999999999773e+01
9.314833333333334053e+01
9.319333333333332803e+01
9.325166666666666515e+01
9.329666666666666686e+01
9.333333333333332860e+01
9.340833333333333144e+01
9.346500000000000341e+01
9.350833333333333997e+01
9.359000000000000341e+01
9.361666666666666003e+01
9.371333333333333826e+01
9.374333333333333940e+01
9.382166666666667254e+01
9.385166666666665947e+01
9.390666666666666629e+01
9.394166666666666288e+01
9.401166666666667027e+01
9.403333333333333144e+01
9.408333333333332860e+01
9.409833333333332916e+01
9.416833333333333655e+01
9.419833333333333769e+01
9.426500000000000057e+01
