2.304666666666666686e+01
4.505000000000000426e+01
6.922166666666666401e+01
8.309000000000000341e+01
8.790166666666667084e+01
8.757666666666666799e+01
8.940999999999999659e+01
8.838333333333332575e+01
9.105166666666666231e+01
8.868500000000000227e+01
9.151166666666667027e+01
8.916666666666667140e+01
9.172166666666666401e+01
8.959833333333332916e+01
9.188833333333333542e+01
8.993833333333333258e+01
9.206833333333332803e+01
9.022499999999999432e+01
9.215999999999999659e+01
9.031666666666666288e+01
9.223666666666666458e+01
9.042833333333332746e+01
9.230500000000000682e+01
9.054999999999999716e+01
9.235500000000000398e+01
9.070499999999999829e+01
9.242000000000000171e+01
9.081499999999999773e+01
9.248666666666666458e+01
9.084999999999999432e+01
9.252166666666666117e+01
9.091499999999999204e+01
9.254333333333333655e+01
9.091499999999999204e+01
9.256166666666666742e+01
9.105166666666666231e+01
9.259999999999999432e+01
9.103166666666666629e+01
9.262833333333333030e+01
9.104833333333333201e+01
9.263666666666667027e+01
9.108166666666666345e+01
9.264833333333334053e+01
9.109333333333333371e+01
9.265999999999999659e+01
9.111333333333332973e+01
9.265666666666666629e+01
9.112000000000000455e+01
9.266666666666667140e+01
9.116166666666666174e+01
9.268166666666667197e+01
9.117000000000000171e+01
9.269333333333332803e+01
9.117333333333333201e+01
9.269666666666667254e+01
9.117833333333332746e+01
9.270499999999999829e+01
9.117333333333333201e+01
9.270999999999999375e+01
9.119333333333332803e+01
9.271999999999999886e+01
9.118666666666666742e+01
9.272166666666666401e+01
9.123499999999999943e+01
9.273499999999999943e+01
9.123833333333332973e+01
9.273999999999999488e+01
9.123833333333332973e+01
9.274500000000000455e+01
9.123833333333332973e+01
9.275000000000000000e+01
9.123999999999999488e+01
9.275666666666666060e+01
9.124333333333333940e+01
9.276166666666667027e+01
9.124333333333333940e+01
9.276666666666666572e+01
9.124666666666666970e+01
9.277333333333332632e+01
9.124833333333333485e+01
9.277166666666666117e+01
9.124833333333333485e+01
9.277166666666666117e+01
9.125000000000000000e+01
9.277166666666666117e+01
9.125499999999999545e+01
9.278000000000000114e+01
9.126000000000000512e+01
9.278000000000000114e+01
9.129999999999999716e+01
9.279333333333333655e+01
9.129333333333333655e+01
9.279500000000000171e+01
9.129166666666667140e+01
9.279333333333333655e+01
9.129166666666667140e+01
9.279333333333333655e+01
9.129166666666667140e+01
9.279333333333333655e+01
9.129166666666667140e+01
