2.304666666666666686e+01
2.500166666666666515e+01
2.716666666666665719e+01
2.950833333333333997e+01
3.184333333333333371e+01
3.409000000000000341e+01
3.653499999999999659e+01
3.889666666666666828e+01
4.137999999999999545e+01
4.372666666666666657e+01
4.610166666666665947e+01
4.857833333333333314e+01
5.087333333333333485e+01
5.311500000000000199e+01
5.518500000000000227e+01
5.738166666666666060e+01
5.942166666666666686e+01
6.142333333333333201e+01
6.328666666666666885e+01
6.507333333333332348e+01
6.668500000000000227e+01
6.831499999999999773e+01
6.988833333333333542e+01
7.133166666666666345e+01
7.270166666666666799e+01
7.399500000000000455e+01
7.512999999999999545e+01
7.623999999999999488e+01
7.731666666666666288e+01
7.825666666666666060e+01
7.917166666666666686e+01
7.990500000000000114e+01
8.054666666666666686e+01
8.123000000000000398e+01
8.181833333333332803e+01
8.237833333333333030e+01
8.283666666666667311e+01
8.324666666666666970e+01
8.362666666666666515e+01
8.401166666666667027e+01
8.436333333333332973e+01
8.468000000000000682e+01
8.501666666666666572e+01
8.523833333333332973e+01
8.548333333333333428e+01
8.569666666666665833e+01
8.593333333333333712e+01
8.610999999999999943e+01
8.629999999999999716e+01
8.647333333333332916e+01
8.666666666666667140e+01
8.680833333333333712e+01
8.696000000000000796e+01
8.710166666666665947e+01
8.727666666666667084e+01
8.741666666666667140e+01
8.755500000000000682e+01
8.767000000000000171e+01
8.777166666666666117e+01
8.788666666666667027e+01
8.800000000000000000e+01
8.812000000000000455e+01
8.823333333333333428e+01
8.832166666666667254e+01
8.838833333333333542e+01
8.847499999999999432e+01
8.856666666666666288e+01
8.864000000000000057e+01
8.872333333333332916e+01
8.878833333333332689e+01
8.887166666666666970e+01
8.893500000000000227e+01
8.900499999999999545e+01
8.906499999999999773e+01
8.914499999999999602e+01
8.920833333333332860e+01
8.926833333333333087e+01
8.934000000000000341e+01
8.941833333333333655e+01
8.945833333333332860e+01
8.951833333333333087e+01
8.958499999999999375e+01
8.966166666666666174e+01
8.970833333333332860e+01
8.979000000000000625e+01
8.981999999999999318e+01
8.988166666666666060e+01
8.994166666666666288e+01
8.999666666666666970e+01
9.005166666666666231e+01
9.010666666666666913e+01
9.016499999999999204e+01
9.021166666666667311e+01
9.026333333333333542e+01
9.032500000000000284e+01
9.036833333333333940e+01
9.043666666666666742e+01
9.049166666666666003e+01
9.055166666666666231e+01
9.059333333333333371e+01
