2.304666666666666686e+01
2.454499999999998749e+01
2.604500000000000171e+01
2.755333333333332746e+01
2.926500000000000057e+01
3.090500000000000114e+01
3.242166666666666686e+01
3.395499999999999829e+01
3.550833333333332575e+01
3.709833333333333627e+01
3.864499999999999602e+01
4.015833333333333144e+01
4.171833333333333371e+01
4.317666666666666231e+01
4.463666666666667027e+01
4.606499999999999773e+01
4.757500000000000284e+01
4.900499999999999545e+01
5.034666666666666401e+01
5.172833333333333172e+01
5.299666666666666259e+01
5.415833333333333854e+01
5.536166666666666458e+01
5.657499999999999574e+01
5.782333333333333059e+01
5.903999999999999915e+01
6.011833333333333229e+01
6.125999999999999801e+01
6.231666666666666288e+01
6.330499999999999972e+01
6.431833333333332803e+01
6.527333333333334053e+01
6.608833333333333826e+01
6.696333333333333826e+01
6.783166666666667766e+01
6.867333333333333201e+01
6.950499999999999545e+01
7.026500000000000057e+01
7.103833333333332689e+01
7.178166666666666629e+01
7.246833333333333371e+01
7.320166666666666799e+01
7.382666666666666799e+01
7.443833333333333258e+01
7.499666666666666970e+01
7.554833333333333201e+01
7.617000000000000171e+01
7.670833333333334281e+01
7.721666666666666856e+01
7.765999999999999659e+01
7.813666666666667027e+01
7.859833333333332916e+01
7.905166666666666231e+01
7.946500000000000341e+01
7.982666666666666799e+01
8.014666666666666117e+01
8.043999999999999773e+01
8.074833333333333485e+01
8.104333333333333655e+01
8.136333333333332973e+01
8.163666666666667027e+01
8.188833333333333542e+01
8.217166666666666686e+01
8.241166666666666174e+01
8.262000000000000455e+01
8.281666666666666288e+01
8.301500000000000057e+01
8.321166666666667311e+01
8.337666666666666515e+01
8.353166666666666629e+01
8.371666666666666856e+01
8.387000000000000455e+01
8.403166666666666629e+01
8.421500000000000341e+01
8.435333333333333883e+01
8.449833333333333485e+01
8.466166666666666174e+01
8.477166666666667538e+01
8.489333333333333087e+01
8.504333333333333655e+01
8.518000000000000682e+01
8.530500000000000682e+01
8.538333333333332575e+01
8.548333333333333428e+01
8.559666666666666401e+01
8.568333333333333712e+01
8.576333333333333542e+01
8.583333333333332860e+01
8.590333333333333599e+01
8.601000000000000512e+01
8.609833333333332916e+01
8.618166666666667197e+01
8.628166666666666629e+01
8.634499999999999886e+01
8.643500000000000227e+01
8.650166666666666515e+01
8.657666666666666799e+01
8.663500000000000512e+01
8.671500000000000341e+01
8.678000000000000114e+01
