3.568333333333333712e+01
4.464000000000000057e+01
5.267833333333333456e+01
5.700666666666666771e+01
6.135666666666666202e+01
6.531000000000000227e+01
6.873333333333333428e+01
7.135333333333333883e+01
7.428666666666666174e+01
7.690999999999999659e+01
7.831499999999999773e+01
8.071500000000000341e+01
8.075666666666666060e+01
8.317666666666666231e+01
8.502833333333333599e+01
8.495833333333332860e+01
8.684166666666666856e+01
8.826166666666667027e+01
8.846666666666666856e+01
8.985999999999999943e+01
9.079666666666666686e+01
8.974500000000000455e+01
9.122333333333332916e+01
9.238166666666666060e+01
9.308833333333333826e+01
9.351666666666666572e+01
9.395000000000000284e+01
9.114833333333334053e+01
9.267333333333333201e+01
9.379166666666667140e+01
9.456499999999999773e+01
9.504500000000000171e+01
9.528499999999999659e+01
9.515500000000000114e+01
9.567333333333333201e+01
9.593000000000000682e+01
9.606999999999999318e+01
9.543666666666666742e+01
9.593333333333333712e+01
9.629500000000000171e+01
9.647666666666667368e+01
9.659999999999999432e+01
9.663666666666667027e+01
8.942166666666666686e+01
9.143833333333333258e+01
9.308833333333333826e+01
9.439499999999999602e+01
9.529333333333333655e+01
9.602500000000000568e+01
9.658166666666666345e+01
9.698166666666666913e+01
9.723833333333332973e+01
9.729166666666667140e+01
9.730500000000000682e+01
9.734166666666666856e+01
9.548000000000000398e+01
9.623666666666666458e+01
9.681666666666666288e+01
9.720499999999999829e+01
9.744333333333332803e+01
9.757500000000000284e+01
9.758833333333333826e+01
9.734833333333332916e+01
9.755833333333333712e+01
9.771333333333333826e+01
9.773833333333332973e+01
9.776166666666667027e+01
9.775333333333333030e+01
9.340000000000000568e+01
9.463333333333332575e+01
9.558333333333332860e+01
9.635666666666666913e+01
9.698333333333333428e+01
9.733499999999999375e+01
9.768333333333333712e+01
9.788333333333333997e+01
9.795000000000000284e+01
9.797166666666666401e+01
9.785500000000000398e+01
9.799166666666666003e+01
9.801833333333333087e+01
9.797833333333333883e+01
9.428333333333333144e+01
9.528499999999999659e+01
9.616666666666667140e+01
9.680333333333332746e+01
9.731166666666666742e+01
9.768333333333333712e+01
9.795333333333333314e+01
9.806333333333333258e+01
9.813166666666666060e+01
9.816833333333333655e+01
9.792833333333332746e+01
9.807999999999999829e+01
9.819833333333333769e+01
9.822166666666666401e+01
9.822166666666666401e+01
9.818000000000000682e+01
9.672333333333332916e+01
9.726833333333333087e+01
9.766166666666666174e+01
9.794666666666667254e+01
9.815000000000000568e+01
9.823999999999999488e+01
9.829000000000000625e+01
9.828000000000000114e+01
9.831666666666666288e+01
9.830666666666667197e+01
9.386833333333333940e+01
9.489166666666666572e+01
9.577500000000000568e+01
9.644166666666666288e+01
9.705333333333332746e+01
9.753499999999999659e+01
9.786333333333332973e+01
9.812500000000000000e+01
9.831000000000000227e+01
9.840500000000000114e+01
9.840500000000000114e+01
9.835166666666667368e+01
9.844333333333332803e+01
9.838833333333333542e+01
9.702666666666667084e+01
9.747499999999999432e+01
9.781333333333333258e+01
9.809999999999999432e+01
9.829666666666666686e+01
9.842000000000000171e+01
9.845166666666666799e+01
9.846999999999999886e+01
9.848166666666666913e+01
9.846166666666667311e+01
9.847499999999999432e+01
9.582833333333333314e+01
9.651999999999999602e+01
9.706166666666666742e+01
9.752333333333334053e+01
9.786833333333333940e+01
9.812999999999999545e+01
9.832333333333333769e+01
9.845166666666666799e+01
9.848000000000000398e+01
9.852500000000000568e+01
9.788666666666667027e+01
9.814499999999999602e+01
9.830500000000000682e+01
9.843333333333333712e+01
9.850499999999999545e+01
9.851999999999999602e+01
9.552833333333333599e+01
9.624166666666666003e+01
9.685166666666665947e+01
9.734833333333332916e+01
9.774500000000000455e+01
9.806833333333332803e+01
9.828833333333332689e+01
9.843999999999999773e+01
9.854666666666666686e+01
9.857999999999999829e+01
9.823166666666666913e+01
9.841333333333332689e+01
9.848999999999999488e+01
9.851833333333333087e+01
9.826166666666667027e+01
9.841333333333332689e+01
9.851666666666666572e+01
9.856333333333333258e+01
9.848833333333332973e+01
9.855166666666666231e+01
9.858833333333333826e+01
9.838500000000000512e+01
9.852166666666666117e+01
9.858333333333332860e+01
9.858666666666667311e+01
9.649500000000000455e+01
9.701333333333333542e+01
9.747833333333333883e+01
9.785166666666665947e+01
9.814000000000000057e+01
9.831166666666666742e+01
9.844333333333332803e+01
9.857999999999999829e+01
9.859499999999999886e+01
9.800000000000000000e+01
9.824833333333333485e+01
9.844833333333333769e+01
9.854999999999999716e+01
9.860500000000000398e+01
9.860333333333333883e+01
9.860333333333333883e+01
9.647499999999999432e+01
9.701666666666666572e+01
9.745999999999999375e+01
9.784666666666666401e+01
9.812999999999999545e+01
9.835333333333333883e+01
9.848499999999999943e+01
9.860166666666665947e+01
9.864333333333333087e+01
9.854666666666666686e+01
9.862500000000000000e+01
9.864833333333334053e+01
9.707166666666667254e+01
9.748666666666666458e+01
9.787500000000000000e+01
9.817166666666666686e+01
9.835666666666666913e+01
9.850000000000000000e+01
9.859999999999999432e+01
9.864333333333333087e+01
9.846500000000000341e+01
9.856000000000000227e+01
9.865000000000000568e+01
9.862833333333333030e+01
9.862833333333333030e+01
9.861833333333333940e+01
9.863333333333333997e+01
9.726000000000000512e+01
9.767499999999999716e+01
9.801999999999999602e+01
9.823166666666666913e+01
9.842499999999999716e+01
9.857333333333333769e+01
9.866166666666666174e+01
9.867833333333332746e+01
9.814666666666666117e+01
9.835666666666666913e+01
9.850000000000000000e+01
9.860833333333333428e+01
9.865333333333333599e+01
9.861833333333333940e+01
9.865999999999999659e+01
9.862833333333333030e+01
9.864833333333334053e+01
9.808666666666667311e+01
9.831499999999999773e+01
9.847166666666666401e+01
9.854500000000000171e+01
9.865666666666666629e+01
9.865999999999999659e+01
9.866666666666667140e+01
9.703333333333333144e+01
9.743833333333333258e+01
9.783499999999999375e+01
9.813333333333333997e+01
9.834999999999999432e+01
9.850333333333333030e+01
9.862000000000000455e+01
9.867666666666666231e+01
9.869499999999999318e+01
9.744166666666666288e+01
9.778166666666666629e+01
9.811166666666666458e+01
9.834166666666666856e+01
9.850000000000000000e+01
9.860333333333333883e+01
9.865000000000000568e+01
9.863500000000000512e+01
9.866333333333332689e+01
9.701333333333333542e+01
9.743500000000000227e+01
9.781999999999999318e+01
9.812166666666666970e+01
9.836166666666666458e+01
9.852333333333332632e+01
9.860833333333333428e+01
9.867166666666666686e+01
9.866666666666667140e+01
9.867666666666666231e+01
9.869499999999999318e+01
9.505166666666666231e+01
9.580500000000000682e+01
9.649166666666666003e+01
9.700499999999999545e+01
9.745833333333332860e+01
9.785833333333333428e+01
9.814499999999999602e+01
9.841333333333332689e+01
9.852166666666666117e+01
9.862999999999999545e+01
9.870833333333332860e+01
9.868833333333333258e+01
9.868666666666666742e+01
9.673333333333333428e+01
9.719666666666667254e+01
9.762166666666666970e+01
9.794666666666667254e+01
9.821999999999999886e+01
9.843166666666667197e+01
9.855166666666666231e+01
9.864499999999999602e+01
9.870499999999999829e+01
9.820499999999999829e+01
9.841833333333333655e+01
9.853833333333332689e+01
9.863666666666667027e+01
9.870833333333332860e+01
9.822166666666666401e+01
9.840666666666666629e+01
9.853000000000000114e+01
9.861499999999999488e+01
9.864000000000000057e+01
9.848333333333333428e+01
9.858499999999999375e+01
9.868666666666666742e+01
9.870666666666666345e+01
9.604166666666667140e+01
9.665166666666667084e+01
9.713833333333333542e+01
9.753499999999999659e+01
9.791500000000000625e+01
9.820833333333332860e+01
9.842499999999999716e+01
9.855333333333332746e+01
9.865500000000000114e+01
9.869833333333333769e+01
9.857500000000000284e+01
9.866166666666666174e+01
9.868166666666667197e+01
9.744333333333332803e+01
9.780666666666667197e+01
9.811499999999999488e+01
9.835333333333333883e+01
9.851166666666667027e+01
9.861666666666666003e+01
9.870333333333333314e+01
9.868833333333333258e+01
9.870833333333332860e+01
9.757666666666666799e+01
9.793000000000000682e+01
9.819166666666666288e+01
9.839833333333334053e+01
9.854000000000000625e+01
9.861833333333333940e+01
9.867333333333333201e+01
9.862000000000000455e+01
9.870166666666666799e+01
9.870999999999999375e+01
9.872166666666666401e+01
9.590833333333333144e+01
9.651333333333333542e+01
9.706999999999999318e+01
9.749333333333333940e+01
9.784666666666666401e+01
9.818333333333333712e+01
9.838333333333333997e+01
9.854666666666666686e+01
9.865999999999999659e+01
9.873499999999999943e+01
9.873333333333333428e+01
9.873833333333332973e+01
9.758833333333333826e+01
9.791833333333333655e+01
9.821833333333333371e+01
9.840666666666666629e+01
9.853499999999999659e+01
9.862999999999999545e+01
9.869333333333332803e+01
9.859999999999999432e+01
9.868666666666666742e+01
9.870833333333332860e+01
9.557166666666667254e+01
9.631666666666666288e+01
9.689333333333333087e+01
9.737166666666666970e+01
9.774166666666666003e+01
9.807666666666666799e+01
9.831999999999999318e+01
9.848833333333332973e+01
9.863833333333333542e+01
9.869666666666667254e+01
9.872333333333332916e+01
9.841166666666666174e+01
9.853000000000000114e+01
9.864833333333334053e+01
9.870666666666666345e+01
9.865999999999999659e+01
9.869166666666666288e+01
9.676999999999999602e+01
9.729333333333333655e+01
9.771833333333333371e+01
9.801000000000000512e+01
9.826166666666667027e+01
9.846166666666667311e+01
9.855333333333332746e+01
9.865000000000000568e+01
9.867333333333333201e+01
9.872166666666666401e+01
9.750666666666666060e+01
9.785500000000000398e+01
9.816166666666666174e+01
9.836666666666666003e+01
9.851333333333333542e+01
9.862500000000000000e+01
9.869333333333332803e+01
9.862666666666666515e+01
9.868500000000000227e+01
9.873499999999999943e+01
9.748333333333333428e+01
9.785500000000000398e+01
9.815166666666667084e+01
9.835999999999999943e+01
9.851833333333333087e+01
9.862333333333333485e+01
9.869833333333333769e+01
9.871333333333333826e+01
9.839166666666666572e+01
9.853499999999999659e+01
9.862500000000000000e+01
9.869333333333332803e+01
9.869333333333332803e+01
9.872499999999999432e+01
9.744833333333333769e+01
9.782999999999999829e+01
9.811833333333333940e+01
9.834833333333332916e+01
9.852500000000000568e+01
9.864499999999999602e+01
9.870166666666666799e+01
9.873666666666666458e+01
9.670166666666666799e+01
9.714666666666666117e+01
9.753499999999999659e+01
9.789166666666666572e+01
9.816500000000000625e+01
9.837166666666666970e+01
9.850833333333333997e+01
9.862500000000000000e+01
9.869166666666666288e+01
9.871333333333333826e+01
9.872499999999999432e+01
9.871833333333333371e+01
9.846333333333333826e+01
9.859000000000000341e+01
9.866500000000000625e+01
9.871999999999999886e+01
9.833499999999999375e+01
9.848666666666666458e+01
9.861833333333333940e+01
9.867666666666666231e+01
9.872833333333333883e+01
9.585833333333333428e+01
9.649833333333333485e+01
9.704500000000000171e+01
9.745000000000000284e+01
9.783666666666667311e+01
9.813500000000000512e+01
9.837666666666666515e+01
9.854166666666667140e+01
9.866500000000000625e+01
9.870166666666666799e+01
9.866666666666667140e+01
9.871833333333333371e+01
9.866833333333333655e+01
9.872166666666666401e+01
9.833333333333332860e+01
9.850000000000000000e+01
9.862666666666666515e+01
9.868666666666666742e+01
9.871999999999999886e+01
9.598333333333333428e+01
9.663500000000000512e+01
9.709999999999999432e+01
9.751999999999999602e+01
9.789333333333333087e+01
9.816166666666666174e+01
9.839000000000000057e+01
9.853666666666666174e+01
9.865333333333333599e+01
9.869833333333333769e+01
9.870833333333332860e+01
9.869833333333333769e+01
9.873833333333332973e+01
9.774333333333333940e+01
9.803833333333332689e+01
9.828833333333332689e+01
9.846666666666666856e+01
9.861833333333333940e+01
9.867333333333333201e+01
9.871333333333333826e+01
9.751166666666667027e+01
9.787500000000000000e+01
9.814333333333333087e+01
9.838333333333333997e+01
9.856999999999999318e+01
9.863333333333333997e+01
9.871166666666667311e+01
9.865500000000000114e+01
9.870999999999999375e+01
9.858499999999999375e+01
9.867166666666666686e+01
9.871333333333333826e+01
9.819666666666667254e+01
9.838333333333333997e+01
9.854999999999999716e+01
9.867000000000000171e+01
9.869166666666666288e+01
9.871333333333333826e+01
9.873499999999999943e+01
9.510999999999999943e+01
9.583499999999999375e+01
9.650833333333333997e+01
9.707666666666666799e+01
9.751166666666667027e+01
9.787500000000000000e+01
9.817333333333333201e+01
9.837500000000000000e+01
9.854833333333333201e+01
9.867499999999999716e+01
9.871833333333333371e+01
9.870999999999999375e+01
9.862833333333333030e+01
9.868666666666666742e+01
9.873666666666666458e+01
9.745833333333332860e+01
9.782333333333333769e+01
9.809333333333333371e+01
9.832500000000000284e+01
9.848499999999999943e+01
9.861666666666666003e+01
9.869333333333332803e+01
9.871333333333333826e+01
9.774333333333333940e+01
9.808166666666666345e+01
9.831999999999999318e+01
9.850666666666666060e+01
9.860999999999999943e+01
9.867666666666666231e+01
9.870000000000000284e+01
9.874500000000000455e+01
9.701166666666667027e+01
9.747833333333333883e+01
9.780500000000000682e+01
9.811499999999999488e+01
9.834333333333333371e+01
9.849166666666666003e+01
9.860333333333333883e+01
9.869333333333332803e+01
9.870499999999999829e+01
9.862999999999999545e+01
9.870999999999999375e+01
9.875000000000000000e+01
9.648166666666666913e+01
9.698166666666666913e+01
9.743999999999999773e+01
9.776999999999999602e+01
9.813333333333333997e+01
9.833833333333333826e+01
9.851999999999999602e+01
9.862833333333333030e+01
9.870833333333332860e+01
9.874500000000000455e+01
9.776166666666667027e+01
9.807999999999999829e+01
9.830666666666667197e+01
9.848499999999999943e+01
9.860999999999999943e+01
9.870333333333333314e+01
9.876000000000000512e+01
9.799333333333333940e+01
9.823166666666666913e+01
9.841333333333332689e+01
9.857166666666667254e+01
9.866500000000000625e+01
9.871833333333333371e+01
9.850499999999999545e+01
9.860666666666666913e+01
9.869166666666666288e+01
9.874833333333333485e+01
9.745000000000000284e+01
9.777500000000000568e+01
9.804333333333333655e+01
9.829166666666667140e+01
9.848000000000000398e+01
9.858499999999999375e+01
9.864666666666666117e+01
9.868666666666666742e+01
9.868166666666667197e+01
9.873999999999999488e+01
9.666333333333332689e+01
9.716333333333332689e+01
9.755833333333333712e+01
9.787666666666666515e+01
9.820499999999999829e+01
9.843166666666667197e+01
9.859166666666666856e+01
9.868500000000000227e+01
9.871500000000000341e+01
9.871666666666666856e+01
9.875166666666666515e+01
9.751333333333333542e+01
9.787833333333333030e+01
9.815833333333333144e+01
9.838166666666666060e+01
9.852333333333332632e+01
9.862500000000000000e+01
9.869833333333333769e+01
9.873666666666666458e+01
9.874500000000000455e+01
9.764499999999999602e+01
9.794833333333333769e+01
9.823000000000000398e+01
9.840833333333333144e+01
9.860166666666665947e+01
9.869333333333332803e+01
9.874500000000000455e+01
9.840999999999999659e+01
9.858166666666666345e+01
9.866333333333332689e+01
9.874666666666666970e+01
9.789333333333333087e+01
9.816833333333333655e+01
9.838333333333333997e+01
9.853833333333332689e+01
9.863500000000000512e+01
9.872166666666666401e+01
9.873666666666666458e+01
9.875833333333333997e+01
9.784833333333332916e+01
9.813166666666666060e+01
9.833666666666667311e+01
9.851999999999999602e+01
9.862833333333333030e+01
9.872166666666666401e+01
9.875333333333333030e+01
9.621999999999999886e+01
9.685500000000000398e+01
9.727666666666667084e+01
9.767666666666666231e+01
9.801166666666667027e+01
9.826166666666667027e+01
9.845333333333333314e+01
9.861333333333332973e+01
9.871666666666666856e+01
9.874833333333333485e+01
9.768666666666666742e+01
9.800166666666666515e+01
9.822166666666666401e+01
9.844166666666666288e+01
9.855500000000000682e+01
9.865333333333333599e+01
9.868999999999999773e+01
9.871166666666667311e+01
9.874500000000000455e+01
9.691333333333332689e+01
9.733499999999999375e+01
9.771333333333333826e+01
9.802833333333333599e+01
9.827833333333333599e+01
9.848000000000000398e+01
9.861333333333332973e+01
9.867000000000000171e+01
9.870833333333332860e+01
9.870166666666666799e+01
9.871999999999999886e+01
9.734666666666666401e+01
9.770333333333333314e+01
9.801666666666666572e+01
9.823999999999999488e+01
9.843833333333333258e+01
9.857500000000000284e+01
9.865999999999999659e+01
9.873999999999999488e+01
9.824333333333333940e+01
9.843999999999999773e+01
9.858499999999999375e+01
9.865833333333333144e+01
9.872666666666667368e+01
9.838333333333333997e+01
9.857333333333333769e+01
9.866666666666667140e+01
9.871666666666666856e+01
9.775166666666666515e+01
9.804166666666667140e+01
9.829833333333333201e+01
9.847833333333333883e+01
9.862333333333333485e+01
9.867833333333332746e+01
9.872666666666667368e+01
9.844333333333332803e+01
9.855500000000000682e+01
9.868166666666667197e+01
9.872333333333332916e+01
9.835333333333333883e+01
9.851999999999999602e+01
9.864000000000000057e+01
9.871666666666666856e+01
9.875333333333333030e+01
9.717000000000000171e+01
9.755833333333333712e+01
9.787333333333333485e+01
9.817166666666666686e+01
9.837666666666666515e+01
9.852833333333333599e+01
9.862500000000000000e+01
9.868999999999999773e+01
9.861166666666666458e+01
9.871166666666667311e+01
9.875499999999999545e+01
9.811833333333333940e+01
9.833166666666666345e+01
9.851333333333333542e+01
9.864499999999999602e+01
9.870333333333333314e+01
9.875000000000000000e+01
9.656833333333332803e+01
9.703833333333332689e+01
9.747333333333332916e+01
9.790166666666667084e+01
9.814833333333332632e+01
9.835166666666667368e+01
9.857666666666666799e+01
9.868833333333333258e+01
9.873666666666666458e+01
9.875166666666666515e+01
9.846666666666666856e+01
9.862833333333333030e+01
9.870999999999999375e+01
9.874500000000000455e+01
9.846833333333333371e+01
9.860666666666666913e+01
9.870499999999999829e+01
9.874833333333333485e+01
9.865666666666666629e+01
9.873333333333333428e+01
9.876166666666667027e+01
9.628499999999999659e+01
9.685833333333333428e+01
9.728666666666666174e+01
9.769833333333333769e+01
9.804333333333333655e+01
9.829333333333333655e+01
9.848833333333332973e+01
9.860999999999999943e+01
9.868500000000000227e+01
9.874666666666666970e+01
9.874333333333333940e+01
9.876333333333333542e+01
9.855166666666666231e+01
9.866666666666667140e+01
9.870666666666666345e+01
9.877500000000000568e+01
9.532999999999999829e+01
9.604666666666666686e+01
9.666833333333333655e+01
9.719166666666666288e+01
9.761166666666666458e+01
9.796666666666666856e+01
9.824333333333333940e+01
9.845333333333333314e+01
9.862666666666666515e+01
9.872833333333333883e+01
9.877333333333332632e+01
9.870666666666666345e+01
9.875666666666666060e+01
9.874500000000000455e+01
9.753000000000000114e+01
9.784833333333332916e+01
9.812333333333333485e+01
9.836499999999999488e+01
9.851500000000000057e+01
9.863500000000000512e+01
9.870499999999999829e+01
9.873499999999999943e+01
9.864499999999999602e+01
9.872166666666666401e+01
9.876666666666666572e+01
9.620666666666666345e+01
9.684000000000000341e+01
9.732833333333333314e+01
9.768833333333333258e+01
9.801833333333333087e+01
9.827166666666666117e+01
9.846999999999999886e+01
9.858499999999999375e+01
9.869499999999999318e+01
9.873000000000000398e+01
9.820666666666666345e+01
9.844166666666666288e+01
9.859666666666666401e+01
9.869166666666666288e+01
9.873833333333332973e+01
9.858833333333333826e+01
9.868500000000000227e+01
9.873333333333333428e+01
9.780333333333332746e+01
9.810999999999999943e+01
9.833666666666667311e+01
9.853000000000000114e+01
9.862166666666666970e+01
9.870833333333332860e+01
9.875000000000000000e+01
9.842499999999999716e+01
9.855166666666666231e+01
9.867666666666666231e+01
9.872666666666667368e+01
9.865500000000000114e+01
9.874166666666666003e+01
9.876000000000000512e+01
9.578166666666666629e+01
9.650166666666666515e+01
9.704833333333333201e+01
9.749500000000000455e+01
9.784000000000000341e+01
9.813833333333333542e+01
9.837833333333333030e+01
9.854166666666667140e+01
9.865333333333333599e+01
9.875000000000000000e+01
9.873833333333332973e+01
9.874500000000000455e+01
9.871333333333333826e+01
9.875833333333333997e+01
9.846166666666667311e+01
9.859166666666666856e+01
9.869333333333332803e+01
9.875833333333333997e+01
9.818999999999999773e+01
9.839666666666666117e+01
9.856333333333333258e+01
9.866500000000000625e+01
9.873333333333333428e+01
9.869499999999999318e+01
9.874833333333333485e+01
9.855666666666667197e+01
9.869499999999999318e+01
9.873999999999999488e+01
9.875666666666666060e+01
9.701999999999999602e+01
9.742833333333332746e+01
9.779166666666667140e+01
9.808499999999999375e+01
9.832833333333333314e+01
9.850166666666666515e+01
9.862833333333333030e+01
9.868833333333333258e+01
9.873666666666666458e+01
9.785999999999999943e+01
9.813500000000000512e+01
9.834999999999999432e+01
9.851333333333333542e+01
9.866666666666667140e+01
9.873166666666666913e+01
9.878333333333333144e+01
9.662000000000000455e+01
9.718999999999999773e+01
9.760166666666665947e+01
9.788500000000000512e+01
9.820499999999999829e+01
9.840166666666667084e+01
9.856833333333332803e+01
9.867333333333333201e+01
9.875499999999999545e+01
9.869666666666667254e+01
9.875499999999999545e+01
9.875666666666666060e+01
9.873666666666666458e+01
9.876666666666666572e+01
9.534999999999999432e+01
9.608499999999999375e+01
9.675499999999999545e+01
9.723499999999999943e+01
9.767333333333333201e+01
9.800833333333333997e+01
9.826833333333333087e+01
9.845499999999999829e+01
9.862666666666666515e+01
9.872833333333333883e+01
9.875666666666666060e+01
9.853333333333333144e+01
9.865833333333333144e+01
9.872833333333333883e+01
9.876666666666666572e+01
9.717499999999999716e+01
9.759833333333332916e+01
9.793500000000000227e+01
9.820833333333332860e+01
9.844666666666667254e+01
9.859166666666666856e+01
9.869833333333333769e+01
9.873833333333332973e+01
9.867666666666666231e+01
9.874666666666666970e+01
9.865833333333333144e+01
9.872166666666666401e+01
9.877333333333332632e+01
9.581499999999999773e+01
9.653000000000000114e+01
9.706333333333333258e+01
9.748000000000000398e+01
9.791333333333332689e+01
9.818666666666666742e+01
9.841500000000000625e+01
9.856166666666666742e+01
9.868833333333333258e+01
9.873499999999999943e+01
9.872666666666667368e+01
9.872166666666666401e+01
9.875833333333333997e+01
9.624666666666666970e+01
9.684166666666666856e+01
9.737333333333333485e+01
9.777833333333333599e+01
9.807999999999999829e+01
9.831666666666666288e+01
9.848666666666666458e+01
9.865666666666666629e+01
9.872833333333333883e+01
9.879166666666667140e+01
9.766833333333333655e+01
9.799333333333333940e+01
9.824666666666666970e+01
9.844666666666667254e+01
9.859333333333333371e+01
9.870666666666666345e+01
9.875000000000000000e+01
9.832666666666666799e+01
9.851666666666666572e+01
9.862166666666666970e+01
9.872666666666667368e+01
9.874500000000000455e+01
9.705500000000000682e+01
9.747499999999999432e+01
9.786166666666666458e+01
9.814833333333332632e+01
9.837666666666666515e+01
9.853833333333332689e+01
9.865166666666667084e+01
9.872333333333332916e+01
9.874333333333333940e+01
9.860333333333333883e+01
9.870499999999999829e+01
9.874666666666666970e+01
9.839499999999999602e+01
9.854166666666667140e+01
9.867000000000000171e+01
9.872166666666666401e+01
9.876833333333333087e+01
9.584499999999999886e+01
9.650166666666666515e+01
9.701166666666667027e+01
9.743500000000000227e+01
9.782666666666666799e+01
9.813166666666666060e+01
9.834000000000000341e+01
9.851166666666667027e+01
9.864499999999999602e+01
9.871333333333333826e+01
9.875666666666666060e+01
9.739333333333333087e+01
9.779166666666667140e+01
9.810166666666665947e+01
9.831999999999999318e+01
9.850166666666666515e+01
9.866666666666667140e+01
9.870166666666666799e+01
9.873166666666666913e+01
9.873999999999999488e+01
9.645000000000000284e+01
9.702333333333334053e+01
9.745999999999999375e+01
9.784833333333332916e+01
9.811666666666666003e+01
9.832999999999999829e+01
9.852333333333332632e+01
9.862166666666666970e+01
9.870833333333332860e+01
9.873999999999999488e+01
9.832833333333333314e+01
9.849166666666666003e+01
9.864166666666666572e+01
9.871333333333333826e+01
9.875666666666666060e+01
9.688833333333333542e+01
9.736166666666666458e+01
9.772833333333333883e+01
9.803000000000000114e+01
9.826833333333333087e+01
9.846833333333333371e+01
9.857500000000000284e+01
9.868166666666667197e+01
9.873333333333333428e+01
9.797666666666665947e+01
9.825666666666666060e+01
9.845999999999999375e+01
9.858833333333333826e+01
9.868666666666666742e+01
9.871833333333333371e+01
9.839833333333334053e+01
9.856999999999999318e+01
9.867499999999999716e+01
9.871999999999999886e+01
9.782500000000000284e+01
9.810333333333333883e+01
9.835166666666667368e+01
9.851999999999999602e+01
9.863666666666667027e+01
9.869833333333333769e+01
9.872333333333332916e+01
9.865166666666667084e+01
