3.568333333333333712e+01
5.247833333333333172e+01
6.717666666666667652e+01
7.712999999999999545e+01
8.168000000000000682e+01
8.357333333333333769e+01
8.457999999999999829e+01
8.617166666666666686e+01
8.767666666666666231e+01
8.955500000000000682e+01
9.110333333333333883e+01
9.253000000000000114e+01
9.327500000000000568e+01
9.403333333333333144e+01
9.386333333333332973e+01
9.467666666666666231e+01
9.440999999999999659e+01
9.520000000000000284e+01
9.489000000000000057e+01
9.568833333333333258e+01
9.527333333333334053e+01
9.610166666666665947e+01
9.552833333333333599e+01
9.635666666666666913e+01
9.589000000000000057e+01
9.662833333333333030e+01
9.611166666666666458e+01
9.685833333333333428e+01
9.643000000000000682e+01
9.706999999999999318e+01
9.641666666666667140e+01
9.722833333333333883e+01
9.689333333333333087e+01
9.735166666666665947e+01
9.665000000000000568e+01
9.748000000000000398e+01
9.702666666666667084e+01
9.753000000000000114e+01
9.678499999999999659e+01
9.760833333333333428e+01
9.745666666666666345e+01
9.761833333333333940e+01
9.722333333333332916e+01
9.771166666666667311e+01
9.691166666666666174e+01
9.774333333333333940e+01
9.775166666666666515e+01
9.770333333333333314e+01
9.751833333333333087e+01
9.779999999999999716e+01
9.723000000000000398e+01
9.787000000000000455e+01
9.713833333333333542e+01
9.795000000000000284e+01
9.789499999999999602e+01
9.786333333333332973e+01
9.768833333333333258e+01
9.793166666666667197e+01
9.735833333333333428e+01
9.801333333333333542e+01
9.714000000000000057e+01
9.808333333333332860e+01
9.819166666666666288e+01
9.767166666666666686e+01
9.822166666666666401e+01
9.733166666666666345e+01
9.823166666666666913e+01
9.831833333333332803e+01
9.738666666666667027e+01
9.832500000000000284e+01
9.827833333333333599e+01
9.776999999999999602e+01
9.837500000000000000e+01
9.747166666666666401e+01
9.835333333333333883e+01
9.842333333333333201e+01
9.843500000000000227e+01
9.811166666666666458e+01
9.828000000000000114e+01
9.830166666666666231e+01
9.811666666666666003e+01
9.841166666666666174e+01
9.790500000000000114e+01
9.848000000000000398e+01
9.757166666666667254e+01
9.845499999999999829e+01
9.850833333333333997e+01
9.772666666666665947e+01
9.850499999999999545e+01
9.809000000000000341e+01
9.853833333333332689e+01
9.781000000000000227e+01
9.854833333333333201e+01
9.784000000000000341e+01
9.856666666666666288e+01
9.767499999999999716e+01
9.858666666666667311e+01
9.846666666666666856e+01
9.810999999999999943e+01
9.854000000000000625e+01
9.779833333333333201e+01
9.858166666666666345e+01
9.800000000000000000e+01
9.860166666666665947e+01
9.762500000000000000e+01
9.861499999999999488e+01
9.848000000000000398e+01
9.805333333333332746e+01
9.857166666666667254e+01
9.776833333333333087e+01
9.861499999999999488e+01
9.818833333333333258e+01
9.857166666666667254e+01
9.787999999999999545e+01
9.863666666666667027e+01
9.799500000000000455e+01
9.862333333333333485e+01
9.761833333333333940e+01
9.861666666666666003e+01
9.845499999999999829e+01
9.824333333333333940e+01
9.856999999999999318e+01
9.798333333333333428e+01
9.864166666666666572e+01
9.766166666666666174e+01
9.864166666666666572e+01
9.864499999999999602e+01
9.805333333333332746e+01
9.866333333333332689e+01
9.769666666666667254e+01
9.866833333333333655e+01
9.847666666666667368e+01
9.825166666666666515e+01
9.859000000000000341e+01
9.797833333333333883e+01
9.865999999999999659e+01
9.767499999999999716e+01
9.868833333333333258e+01
9.847833333333333883e+01
9.834000000000000341e+01
9.860833333333333428e+01
9.807333333333333769e+01
9.866333333333332689e+01
9.769333333333332803e+01
9.870166666666666799e+01
9.865000000000000568e+01
9.784166666666666856e+01
9.869833333333333769e+01
9.845000000000000284e+01
9.859000000000000341e+01
9.817833333333332746e+01
9.866166666666666174e+01
9.784166666666666856e+01
9.869666666666667254e+01
9.854999999999999716e+01
9.853333333333333144e+01
9.831999999999999318e+01
9.864000000000000057e+01
9.808333333333332860e+01
9.871500000000000341e+01
9.774500000000000455e+01
9.871166666666667311e+01
9.867333333333333201e+01
9.806833333333332803e+01
9.870999999999999375e+01
9.767499999999999716e+01
9.871333333333333826e+01
9.859666666666666401e+01
9.803666666666666174e+01
9.869833333333333769e+01
9.797499999999999432e+01
9.873999999999999488e+01
9.758666666666667311e+01
9.870000000000000284e+01
9.821666666666666856e+01
9.860500000000000398e+01
9.844833333333333769e+01
9.835666666666666913e+01
9.862333333333333485e+01
9.810833333333333428e+01
9.873666666666666458e+01
9.774666666666666970e+01
9.872833333333333883e+01
9.861666666666666003e+01
9.851666666666666572e+01
9.840166666666667084e+01
9.864499999999999602e+01
9.814166666666666572e+01
9.871999999999999886e+01
9.774833333333333485e+01
9.873666666666666458e+01
9.868000000000000682e+01
9.857999999999999829e+01
9.823666666666666458e+01
9.869166666666666288e+01
9.792499999999999716e+01
9.875499999999999545e+01
9.759333333333333371e+01
9.870999999999999375e+01
9.819666666666667254e+01
9.863666666666667027e+01
9.845166666666666799e+01
9.841500000000000625e+01
9.863166666666666060e+01
9.812833333333333030e+01
9.872666666666667368e+01
9.780166666666666231e+01
9.875833333333333997e+01
9.820499999999999829e+01
9.874666666666666970e+01
9.787999999999999545e+01
9.876666666666666572e+01
9.826500000000000057e+01
9.873499999999999943e+01
9.790833333333333144e+01
9.876166666666667027e+01
9.772666666666665947e+01
9.875833333333333997e+01
9.840999999999999659e+01
9.856499999999999773e+01
9.861166666666666458e+01
9.828833333333332689e+01
9.872166666666666401e+01
9.799833333333333485e+01
9.876999999999999602e+01
9.761666666666666003e+01
9.875166666666666515e+01
9.822833333333333883e+01
9.865833333333333144e+01
9.846333333333333826e+01
9.844166666666666288e+01
9.866166666666666174e+01
9.817333333333333201e+01
9.875666666666666060e+01
9.781000000000000227e+01
9.878499999999999659e+01
9.807333333333333769e+01
9.877666666666667084e+01
9.769499999999999318e+01
9.876500000000000057e+01
9.834999999999999432e+01
9.860999999999999943e+01
9.854999999999999716e+01
9.836666666666666003e+01
9.869666666666667254e+01
9.809666666666666401e+01
9.876833333333333087e+01
9.773166666666666913e+01
9.877333333333332632e+01
9.860833333333333428e+01
9.827666666666667084e+01
9.873833333333332973e+01
9.795999999999999375e+01
9.878499999999999659e+01
9.762166666666666970e+01
9.875333333333333030e+01
9.826999999999999602e+01
9.865833333333333144e+01
9.850499999999999545e+01
9.843333333333333712e+01
9.867166666666666686e+01
9.816333333333332689e+01
9.876666666666666572e+01
9.781000000000000227e+01
9.877833333333333599e+01
9.828000000000000114e+01
9.873499999999999943e+01
9.798166666666666913e+01
9.878333333333333144e+01
9.760833333333333428e+01
9.874833333333333485e+01
9.825000000000000000e+01
9.864833333333334053e+01
9.850166666666666515e+01
9.843833333333333258e+01
9.866666666666667140e+01
9.814833333333332632e+01
9.876833333333333087e+01
9.779833333333333201e+01
9.879000000000000625e+01
9.825499999999999545e+01
9.871333333333333826e+01
9.793999999999999773e+01
9.875499999999999545e+01
9.825499999999999545e+01
9.876000000000000512e+01
9.795499999999999829e+01
9.876999999999999602e+01
9.766666666666667140e+01
9.874166666666666003e+01
9.830333333333332746e+01
9.863166666666666060e+01
9.854833333333333201e+01
9.840833333333333144e+01
9.870499999999999829e+01
9.811333333333332973e+01
9.877500000000000568e+01
9.775000000000000000e+01
9.876666666666666572e+01
9.878666666666666174e+01
9.798333333333333428e+01
9.878000000000000114e+01
9.765166666666667084e+01
9.875666666666666060e+01
9.828166666666666629e+01
9.863166666666666060e+01
9.852333333333332632e+01
9.841833333333333655e+01
9.864666666666666117e+01
9.817499999999999716e+01
9.877500000000000568e+01
9.784000000000000341e+01
9.878499999999999659e+01
9.830500000000000682e+01
9.875000000000000000e+01
9.795333333333333314e+01
9.878000000000000114e+01
9.770833333333332860e+01
9.877333333333332632e+01
9.829000000000000625e+01
9.865666666666666629e+01
9.856000000000000227e+01
9.843666666666666742e+01
9.868666666666666742e+01
9.815833333333333144e+01
9.879166666666667140e+01
9.782500000000000284e+01
9.880500000000000682e+01
9.837666666666666515e+01
9.873166666666666913e+01
9.809666666666666401e+01
9.879000000000000625e+01
9.771166666666667311e+01
9.876166666666667027e+01
9.837666666666666515e+01
9.860166666666665947e+01
9.858499999999999375e+01
9.839000000000000057e+01
9.869499999999999318e+01
9.810833333333333428e+01
9.878666666666666174e+01
9.774500000000000455e+01
9.878333333333333144e+01
9.867666666666666231e+01
9.825166666666666515e+01
9.873333333333333428e+01
9.790333333333333599e+01
9.880833333333333712e+01
9.811166666666666458e+01
9.878166666666666629e+01
9.776500000000000057e+01
9.876166666666667027e+01
9.853833333333332689e+01
9.844499999999999318e+01
9.868500000000000227e+01
9.819333333333332803e+01
9.875333333333333030e+01
9.781166666666666742e+01
9.881999999999999318e+01
9.851999999999999602e+01
9.858666666666667311e+01
9.828833333333332689e+01
9.870833333333332860e+01
9.799666666666666970e+01
9.875499999999999545e+01
9.820499999999999829e+01
9.879000000000000625e+01
9.782500000000000284e+01
9.879500000000000171e+01
9.877500000000000568e+01
9.829833333333333201e+01
9.873666666666666458e+01
9.798999999999999488e+01
9.879000000000000625e+01
9.825833333333333997e+01
9.877666666666667084e+01
9.799500000000000455e+01
9.879166666666667140e+01
9.796666666666666856e+01
9.878333333333333144e+01
9.767833333333332746e+01
9.875666666666666060e+01
9.836666666666666003e+01
9.862833333333333030e+01
9.860666666666666913e+01
9.843666666666666742e+01
9.871333333333333826e+01
9.817833333333332746e+01
9.880500000000000682e+01
9.782833333333333314e+01
9.879166666666667140e+01
9.880333333333332746e+01
9.784666666666666401e+01
9.878333333333333144e+01
9.840166666666667084e+01
9.864499999999999602e+01
9.862000000000000455e+01
9.843833333333333258e+01
9.871666666666666856e+01
9.817499999999999716e+01
9.879500000000000171e+01
9.782333333333333769e+01
9.879833333333333201e+01
9.868166666666667197e+01
9.827833333333333599e+01
9.877333333333332632e+01
9.796999999999999886e+01
9.880833333333333712e+01
9.767333333333333201e+01
9.877333333333332632e+01
9.838500000000000512e+01
9.864833333333334053e+01
9.860500000000000398e+01
9.848000000000000398e+01
9.871500000000000341e+01
9.819333333333332803e+01
9.881166666666666742e+01
9.786833333333333940e+01
9.881333333333333258e+01
9.860166666666665947e+01
9.863666666666667027e+01
9.837166666666666970e+01
9.875333333333333030e+01
9.807833333333333314e+01
9.880166666666666231e+01
9.776833333333333087e+01
9.878166666666666629e+01
9.850166666666666515e+01
9.856999999999999318e+01
9.865999999999999659e+01
9.834333333333333371e+01
9.875166666666666515e+01
9.803000000000000114e+01
9.881166666666666742e+01
9.762666666666666515e+01
9.878666666666666174e+01
9.825833333333333997e+01
9.867000000000000171e+01
9.855666666666667197e+01
9.847166666666666401e+01
9.869499999999999318e+01
9.819833333333333769e+01
9.878000000000000114e+01
9.781166666666666742e+01
9.882833333333333314e+01
9.815666666666666629e+01
9.879833333333333201e+01
9.779666666666666686e+01
9.879666666666666686e+01
9.867666666666666231e+01
9.821666666666666856e+01
9.878833333333332689e+01
9.780666666666667197e+01
9.881333333333333258e+01
9.850166666666666515e+01
9.866333333333332689e+01
9.827166666666666117e+01
9.875166666666666515e+01
9.798333333333333428e+01
9.880333333333332746e+01
9.827166666666666117e+01
9.876666666666666572e+01
9.793999999999999773e+01
9.880333333333332746e+01
9.847166666666666401e+01
9.873833333333332973e+01
9.817166666666666686e+01
9.879833333333333201e+01
9.782833333333333314e+01
9.881499999999999773e+01
9.879333333333333655e+01
9.794166666666666288e+01
9.880333333333332746e+01
9.855833333333333712e+01
9.862999999999999545e+01
9.833499999999999375e+01
9.874500000000000455e+01
9.806166666666666742e+01
9.879666666666666686e+01
9.803333333333333144e+01
9.880500000000000682e+01
9.766500000000000625e+01
9.876000000000000512e+01
9.836166666666666458e+01
9.866666666666667140e+01
9.859833333333332916e+01
9.847499999999999432e+01
9.870999999999999375e+01
9.821500000000000341e+01
9.879999999999999716e+01
9.786333333333332973e+01
9.881666666666666288e+01
9.844833333333333769e+01
9.874666666666666970e+01
9.814000000000000057e+01
9.879166666666667140e+01
9.778166666666666629e+01
9.880166666666666231e+01
9.874166666666666003e+01
9.798333333333333428e+01
9.879333333333333655e+01
9.829000000000000625e+01
9.877333333333332632e+01
9.794166666666666288e+01
9.882166666666667254e+01
9.807166666666667254e+01
9.881499999999999773e+01
9.765999999999999659e+01
9.876999999999999602e+01
9.836166666666666458e+01
9.865833333333333144e+01
9.858166666666666345e+01
9.846833333333333371e+01
9.873499999999999943e+01
9.818666666666666742e+01
9.880666666666667197e+01
9.781999999999999318e+01
9.882500000000000284e+01
9.876833333333333087e+01
9.836666666666666003e+01
9.863333333333333997e+01
9.861333333333332973e+01
9.841666666666667140e+01
9.873000000000000398e+01
9.815666666666666629e+01
9.880500000000000682e+01
9.773999999999999488e+01
9.881666666666666288e+01
9.871666666666666856e+01
9.808833333333333826e+01
9.878166666666666629e+01
9.798833333333332973e+01
9.882999999999999829e+01
9.759166666666666856e+01
9.879166666666667140e+01
9.828333333333333144e+01
9.865666666666666629e+01
9.857333333333333769e+01
9.848499999999999943e+01
9.871166666666667311e+01
9.819166666666666288e+01
9.882833333333333314e+01
9.779833333333333201e+01
9.882333333333333769e+01
9.862000000000000455e+01
9.861666666666666003e+01
9.838666666666667027e+01
9.874333333333333940e+01
9.808166666666666345e+01
9.881166666666666742e+01
9.781999999999999318e+01
9.879333333333333655e+01
9.875666666666666060e+01
9.806666666666666288e+01
9.881999999999999318e+01
9.764499999999999602e+01
9.877333333333332632e+01
9.842666666666666231e+01
9.859000000000000341e+01
9.862833333333333030e+01
9.833333333333332860e+01
9.875166666666666515e+01
9.801666666666666572e+01
9.882166666666667254e+01
9.760333333333333883e+01
9.878166666666666629e+01
9.818666666666666742e+01
9.865500000000000114e+01
9.850499999999999545e+01
9.848833333333332973e+01
9.868166666666667197e+01
9.820499999999999829e+01
9.879166666666667140e+01
9.781166666666666742e+01
9.882500000000000284e+01
9.781666666666666288e+01
9.882666666666666799e+01
9.859000000000000341e+01
9.862833333333333030e+01
9.834000000000000341e+01
9.874333333333333940e+01
9.801500000000000057e+01
9.878333333333333144e+01
9.773499999999999943e+01
9.881833333333332803e+01
9.877166666666666117e+01
9.794833333333333769e+01
9.880833333333333712e+01
9.804333333333333655e+01
9.882833333333333314e+01
9.762833333333333030e+01
9.878000000000000114e+01
9.828833333333332689e+01
9.864833333333334053e+01
9.857500000000000284e+01
9.844499999999999318e+01
9.871999999999999886e+01
9.820166666666666799e+01
9.879833333333333201e+01
9.780500000000000682e+01
9.882333333333333769e+01
9.822333333333332916e+01
9.876999999999999602e+01
9.785500000000000398e+01
9.879833333333333201e+01
9.859666666666666401e+01
9.856666666666666288e+01
9.840333333333333599e+01
9.870166666666666799e+01
9.815166666666667084e+01
9.878000000000000114e+01
9.784499999999999886e+01
9.878333333333333144e+01
9.860500000000000398e+01
9.863333333333333997e+01
9.835166666666667368e+01
9.873333333333333428e+01
9.805666666666667197e+01
9.877666666666667084e+01
9.789333333333333087e+01
9.876833333333333087e+01
9.873000000000000398e+01
9.860166666666665947e+01
9.842833333333332746e+01
9.875499999999999545e+01
9.813666666666667027e+01
9.881499999999999773e+01
9.775166666666666515e+01
9.880500000000000682e+01
9.857333333333333769e+01
9.845833333333332860e+01
9.871666666666666856e+01
9.818833333333333258e+01
9.878333333333333144e+01
9.785833333333333428e+01
9.882666666666666799e+01
9.828000000000000114e+01
9.877166666666666117e+01
9.791833333333333655e+01
9.881833333333332803e+01
9.821999999999999886e+01
9.879166666666667140e+01
9.790333333333333599e+01
9.881666666666666288e+01
9.840333333333333599e+01
9.874500000000000455e+01
9.813500000000000512e+01
9.878666666666666174e+01
9.778666666666666174e+01
9.878833333333332689e+01
9.865333333333333599e+01
9.832500000000000284e+01
9.879500000000000171e+01
9.800333333333333030e+01
9.883166666666666345e+01
9.808333333333332860e+01
9.881666666666666288e+01
9.763500000000000512e+01
9.878333333333333144e+01
9.848000000000000398e+01
9.856333333333333258e+01
9.867666666666666231e+01
9.832999999999999829e+01
9.879333333333333655e+01
9.801000000000000512e+01
9.881833333333332803e+01
9.762500000000000000e+01
9.882833333333333314e+01
9.826000000000000512e+01
9.867000000000000171e+01
9.851999999999999602e+01
9.849333333333333940e+01
9.870000000000000284e+01
9.822833333333333883e+01
9.881000000000000227e+01
9.781833333333332803e+01
9.881499999999999773e+01
9.797333333333332916e+01
9.884999999999999432e+01
9.781000000000000227e+01
9.881333333333333258e+01
9.875000000000000000e+01
9.815666666666666629e+01
9.879999999999999716e+01
9.776666666666666572e+01
9.880500000000000682e+01
9.868333333333333712e+01
9.832999999999999829e+01
9.876999999999999602e+01
9.802833333333333599e+01
9.880333333333332746e+01
9.760166666666665947e+01
9.878666666666666174e+01
9.831333333333333258e+01
9.863333333333333997e+01
9.857999999999999829e+01
9.846333333333333826e+01
9.872333333333332916e+01
9.819166666666666288e+01
9.879833333333333201e+01
9.778499999999999659e+01
9.881833333333332803e+01
9.857999999999999829e+01
9.864833333333334053e+01
9.835833333333333428e+01
9.872499999999999432e+01
9.802166666666666117e+01
9.879666666666666686e+01
9.779500000000000171e+01
9.881499999999999773e+01
9.878666666666666174e+01
9.795666666666666345e+01
9.879833333333333201e+01
9.846666666666666856e+01
9.870666666666666345e+01
9.821333333333333826e+01
9.878833333333332689e+01
9.788500000000000512e+01
9.880166666666666231e+01
9.862999999999999545e+01
9.859000000000000341e+01
9.841333333333332689e+01
9.870499999999999829e+01
9.809833333333332916e+01
9.878000000000000114e+01
9.775833333333333997e+01
9.876333333333333542e+01
9.875833333333333997e+01
9.802666666666667084e+01
9.880833333333333712e+01
9.798166666666666913e+01
9.883333333333332860e+01
9.762166666666666970e+01
9.878833333333332689e+01
9.838500000000000512e+01
9.862833333333333030e+01
9.862666666666666515e+01
9.841500000000000625e+01
9.875499999999999545e+01
9.813166666666666060e+01
9.882500000000000284e+01
9.773333333333333428e+01
9.881333333333333258e+01
9.867000000000000171e+01
9.837500000000000000e+01
9.875166666666666515e+01
9.807500000000000284e+01
9.881166666666666742e+01
9.764833333333332632e+01
9.879666666666666686e+01
9.842333333333333201e+01
9.853833333333332689e+01
9.863166666666666060e+01
9.827666666666667084e+01
9.877166666666666117e+01
9.797666666666665947e+01
9.881833333333332803e+01
9.784999999999999432e+01
9.883833333333333826e+01
9.837833333333333030e+01
9.873333333333333428e+01
9.805333333333332746e+01
9.879166666666667140e+01
9.768500000000000227e+01
9.878166666666666629e+01
9.846999999999999886e+01
9.857166666666667254e+01
9.865999999999999659e+01
9.833166666666666345e+01
9.876000000000000512e+01
9.803333333333333144e+01
9.883333333333332860e+01
9.759666666666666401e+01
9.881000000000000227e+01
9.822166666666666401e+01
9.867166666666666686e+01
9.853000000000000114e+01
9.846500000000000341e+01
9.870833333333332860e+01
9.820833333333332860e+01
9.880833333333333712e+01
9.781499999999999773e+01
9.883666666666667311e+01
9.808333333333332860e+01
9.882999999999999829e+01
9.765999999999999659e+01
9.880833333333333712e+01
9.832833333333333314e+01
9.862333333333333485e+01
9.857833333333333314e+01
9.843333333333333712e+01
9.870999999999999375e+01
9.815833333333333144e+01
9.882166666666667254e+01
9.777666666666667084e+01
9.881166666666666742e+01
9.874666666666666970e+01
9.837000000000000455e+01
9.862166666666666970e+01
9.860500000000000398e+01
9.840500000000000114e+01
9.871999999999999886e+01
9.813500000000000512e+01
9.879833333333333201e+01
9.775166666666666515e+01
9.881333333333333258e+01
9.865000000000000568e+01
9.831499999999999773e+01
9.877333333333332632e+01
9.800666666666666060e+01
9.882500000000000284e+01
9.761833333333333940e+01
9.880166666666666231e+01
9.829333333333333655e+01
9.864833333333334053e+01
9.855833333333333712e+01
9.844666666666667254e+01
9.870999999999999375e+01
9.819499999999999318e+01
9.881000000000000227e+01
9.780833333333333712e+01
9.882166666666667254e+01
9.836166666666666458e+01
9.872666666666667368e+01
9.804666666666666686e+01
9.878833333333332689e+01
9.767000000000000171e+01
9.879500000000000171e+01
9.863833333333333542e+01
9.837999999999999545e+01
9.872499999999999432e+01
9.807833333333333314e+01
9.882833333333333314e+01
9.768999999999999773e+01
9.881333333333333258e+01
9.847499999999999432e+01
9.845833333333332860e+01
9.868000000000000682e+01
9.818833333333333258e+01
9.876000000000000512e+01
9.787333333333333485e+01
9.882166666666667254e+01
9.814499999999999602e+01
9.880166666666666231e+01
9.776666666666666572e+01
9.879999999999999716e+01
9.874833333333333485e+01
9.793666666666666742e+01
9.880333333333332746e+01
9.829999999999999716e+01
9.877333333333332632e+01
9.792499999999999716e+01
9.879833333333333201e+01
9.800833333333333997e+01
9.883499999999999375e+01
9.759666666666666401e+01
9.877500000000000568e+01
9.833833333333333826e+01
9.860999999999999943e+01
9.857666666666666799e+01
9.838833333333333542e+01
9.870666666666666345e+01
9.813333333333333997e+01
9.880833333333333712e+01
9.769833333333333769e+01
9.879500000000000171e+01
9.877500000000000568e+01
9.802166666666666117e+01
9.878333333333333144e+01
9.759999999999999432e+01
9.876999999999999602e+01
9.843000000000000682e+01
9.856499999999999773e+01
9.861833333333333940e+01
9.832333333333333769e+01
9.875166666666666515e+01
9.803166666666666629e+01
9.879666666666666686e+01
9.764000000000000057e+01
9.879833333333333201e+01
9.818833333333333258e+01
9.867000000000000171e+01
9.851999999999999602e+01
9.845166666666666799e+01
9.867000000000000171e+01
9.820999999999999375e+01
9.878000000000000114e+01
9.783833333333333826e+01
9.880333333333332746e+01
9.779833333333333201e+01
9.880833333333333712e+01
9.871333333333333826e+01
9.829000000000000625e+01
9.856999999999999318e+01
9.856000000000000227e+01
9.836499999999999488e+01
9.869166666666666288e+01
9.806499999999999773e+01
9.876166666666667027e+01
9.783166666666666345e+01
9.881166666666666742e+01
9.837500000000000000e+01
9.871166666666667311e+01
9.807333333333333769e+01
9.874500000000000455e+01
9.777666666666667084e+01
9.876333333333333542e+01
9.876666666666666572e+01
9.780833333333333712e+01
9.876333333333333542e+01
9.861166666666666458e+01
9.859666666666666401e+01
9.834166666666666856e+01
9.872499999999999432e+01
9.803333333333333144e+01
9.875666666666666060e+01
9.790166666666667084e+01
9.876166666666667027e+01
9.846999999999999886e+01
9.866333333333332689e+01
9.823166666666666913e+01
9.873000000000000398e+01
9.791333333333332689e+01
9.878000000000000114e+01
9.806333333333333258e+01
9.879500000000000171e+01
9.764166666666666572e+01
9.876999999999999602e+01
9.842000000000000171e+01
9.855166666666666231e+01
9.862000000000000455e+01
9.832999999999999829e+01
9.872333333333332916e+01
9.803000000000000114e+01
9.880166666666666231e+01
9.768500000000000227e+01
9.879833333333333201e+01
9.867666666666666231e+01
9.823999999999999488e+01
9.875833333333333997e+01
9.789166666666666572e+01
9.880166666666666231e+01
9.832999999999999829e+01
9.873166666666666913e+01
9.801666666666666572e+01
9.878666666666666174e+01
9.772166666666666401e+01
9.879666666666666686e+01
9.864000000000000057e+01
9.835333333333333883e+01
9.872666666666667368e+01
9.805166666666666231e+01
9.879166666666667140e+01
9.765833333333333144e+01
9.880500000000000682e+01
9.855500000000000682e+01
9.835999999999999943e+01
9.871166666666667311e+01
9.805666666666667197e+01
9.877500000000000568e+01
9.791833333333333655e+01
9.884333333333333371e+01
9.758666666666667311e+01
9.882333333333333769e+01
9.822666666666665947e+01
9.867333333333333201e+01
9.853000000000000114e+01
9.844499999999999318e+01
9.869499999999999318e+01
9.817833333333332746e+01
9.878000000000000114e+01
9.777666666666667084e+01
9.883499999999999375e+01
9.828833333333332689e+01
9.878333333333333144e+01
9.796833333333333371e+01
9.882500000000000284e+01
9.773666666666666458e+01
9.881666666666666288e+01
9.871500000000000341e+01
9.811333333333332973e+01
9.879500000000000171e+01
9.793833333333333258e+01
9.881999999999999318e+01
9.762500000000000000e+01
9.879500000000000171e+01
9.829833333333333201e+01
9.864833333333334053e+01
9.856333333333333258e+01
9.844833333333333769e+01
9.872333333333332916e+01
9.822166666666666401e+01
9.882666666666666799e+01
9.781499999999999773e+01
9.883166666666666345e+01
9.833333333333332860e+01
9.875166666666666515e+01
9.801166666666667027e+01
9.878333333333333144e+01
9.783499999999999375e+01
