5.714500000000000313e+01
9.011666666666667425e+01
9.014666666666666117e+01
9.035166666666665947e+01
9.128166666666666629e+01
9.274833333333333485e+01
9.386666666666667425e+01
9.464166666666666572e+01
9.521999999999999886e+01
9.570833333333332860e+01
9.610333333333333883e+01
9.636166666666666458e+01
9.658666666666667311e+01
9.673333333333333428e+01
9.685166666666665947e+01
9.695999999999999375e+01
9.708499999999999375e+01
9.716333333333332689e+01
9.723499999999999943e+01
9.727833333333333599e+01
9.734166666666666856e+01
9.740000000000000568e+01
9.745499999999999829e+01
9.750499999999999545e+01
9.752833333333333599e+01
9.756333333333333258e+01
9.759666666666666401e+01
9.764000000000000057e+01
9.765166666666667084e+01
9.767666666666666231e+01
9.769166666666666288e+01
9.770833333333332860e+01
9.773833333333332973e+01
9.776000000000000512e+01
9.778166666666666629e+01
9.779999999999999716e+01
9.780666666666667197e+01
9.781333333333333258e+01
9.783166666666666345e+01
9.784166666666666856e+01
9.785833333333333428e+01
9.786833333333333940e+01
9.789000000000000057e+01
9.789833333333334053e+01
9.791500000000000625e+01
9.793333333333333712e+01
9.794499999999999318e+01
9.795000000000000284e+01
9.795499999999999829e+01
9.796833333333333371e+01
9.797833333333333883e+01
9.798000000000000398e+01
9.799500000000000455e+01
9.800333333333333030e+01
9.801166666666667027e+01
9.801000000000000512e+01
9.801000000000000512e+01
9.801500000000000057e+01
9.802500000000000568e+01
9.803833333333332689e+01
9.804500000000000171e+01
9.805166666666666231e+01
9.805500000000000682e+01
9.806833333333332803e+01
9.807999999999999829e+01
9.809000000000000341e+01
9.810333333333333883e+01
9.810999999999999943e+01
9.811666666666666003e+01
9.812166666666666970e+01
9.812500000000000000e+01
9.812833333333333030e+01
9.812833333333333030e+01
9.813833333333333542e+01
9.813833333333333542e+01
9.813666666666667027e+01
9.813500000000000512e+01
9.814333333333333087e+01
9.815666666666666629e+01
9.815666666666666629e+01
9.815666666666666629e+01
9.816666666666667140e+01
9.817333333333333201e+01
9.818166666666667197e+01
9.818333333333333712e+01
9.818833333333333258e+01
9.819166666666666288e+01
9.819833333333333769e+01
9.820166666666666799e+01
9.820833333333332860e+01
9.820833333333332860e+01
9.820999999999999375e+01
9.821500000000000341e+01
9.822333333333332916e+01
9.822666666666665947e+01
9.822833333333333883e+01
9.822333333333332916e+01
9.822666666666665947e+01
9.823000000000000398e+01
9.823166666666666913e+01
