1.021833333333333371e+01
1.025666666666667481e+01
1.140500000000000114e+01
1.407166666666667254e+01
1.679500000000000171e+01
1.913666666666667027e+01
2.095833333333332860e+01
2.230333333333332746e+01
2.333333333333332860e+01
2.400499999999999545e+01
2.456166666666666742e+01
2.486166666666666458e+01
2.503333333333333144e+01
2.508500000000000796e+01
2.506166666666666742e+01
2.495333333333333314e+01
2.477833333333333599e+01
2.456000000000000227e+01
2.427666666666667084e+01
2.396166666666667311e+01
2.360666666666666913e+01
2.327666666666667084e+01
2.287500000000000000e+01
2.243500000000000227e+01
2.195833333333332860e+01
2.152833333333333599e+01
2.104000000000000625e+01
2.049166666666666003e+01
1.996333333333333826e+01
1.948999999999999488e+01
1.891333333333334110e+01
1.836833333333332519e+01
1.778999999999999204e+01
1.722166666666666401e+01
1.663333333333333997e+01
1.605833333333333712e+01
1.549833333333333485e+01
1.488500000000000512e+01
1.431333333333333258e+01
1.372833333333332462e+01
1.320166666666666799e+01
1.266166666666667595e+01
1.216000000000001080e+01
1.339666666666666117e+01
1.618999999999999773e+01
2.784999999999999432e+01
3.849000000000000199e+01
5.883333333333332860e+01
8.300833333333332575e+01
8.976000000000000512e+01
8.936166666666666458e+01
8.545666666666666345e+01
8.251999999999999602e+01
7.884833333333332916e+01
7.537500000000000000e+01
7.151666666666666572e+01
6.737999999999999545e+01
6.307000000000000028e+01
5.875666666666666771e+01
5.449666666666666259e+01
5.046499999999999631e+01
4.656166666666666742e+01
4.287999999999999545e+01
3.935833333333332718e+01
3.604833333333333911e+01
3.286499999999999488e+01
2.998166666666665492e+01
2.715166666666665662e+01
2.453666666666666174e+01
2.471333333333333826e+01
2.557166666666667254e+01
3.003833333333332689e+01
4.153833333333333400e+01
4.368666666666666032e+01
4.165833333333333144e+01
4.025166666666666515e+01
6.259833333333333627e+01
7.453000000000000114e+01
8.461333333333332973e+01
8.807333333333333769e+01
8.840666666666666629e+01
8.663666666666667027e+01
8.582333333333333769e+01
8.608833333333333826e+01
8.543666666666666742e+01
8.421166666666667311e+01
8.216166666666666174e+01
7.888333333333332575e+01
7.672833333333333883e+01
7.264166666666666572e+01
6.801833333333333087e+01
6.428000000000000114e+01
5.889666666666666828e+01
5.354500000000000171e+01
4.880999999999999517e+01
4.530666666666666487e+01
5.308500000000000085e+01
4.909666666666666401e+01
6.557833333333333314e+01
6.680333333333334167e+01
7.043333333333333712e+01
7.154666666666666686e+01
8.526999999999999602e+01
7.963333333333332575e+01
7.768500000000000227e+01
7.598333333333333428e+01
7.348333333333333428e+01
6.894166666666666288e+01
8.000499999999999545e+01
8.415500000000000114e+01
8.390833333333333144e+01
8.064666666666667538e+01
7.809499999999999886e+01
7.581166666666666742e+01
7.326500000000000057e+01
7.499166666666667425e+01
7.093833333333333258e+01
7.199500000000000455e+01
7.032833333333333314e+01
7.239499999999999602e+01
7.509833333333332916e+01
7.769833333333333769e+01
8.144833333333333769e+01
8.388333333333332575e+01
8.188333333333332575e+01
8.349666666666666970e+01
8.231999999999999318e+01
8.518000000000000682e+01
8.171833333333333371e+01
7.865999999999999659e+01
8.481166666666666742e+01
8.727666666666667084e+01
8.422833333333333883e+01
8.302333333333334053e+01
8.626833333333333087e+01
8.299333333333333940e+01
8.000666666666666060e+01
7.898999999999999488e+01
8.035666666666666913e+01
7.679666666666666686e+01
7.252500000000000568e+01
6.769999999999998863e+01
6.823166666666666913e+01
6.404500000000000171e+01
6.320166666666666799e+01
6.599166666666667425e+01
6.768166666666667197e+01
6.635166666666665947e+01
6.259499999999999886e+01
7.289000000000000057e+01
7.892333333333333201e+01
8.410833333333333428e+01
8.171500000000000341e+01
7.882500000000000284e+01
7.940999999999999659e+01
7.753333333333333144e+01
8.089666666666667538e+01
7.742333333333333201e+01
8.021999999999999886e+01
7.944833333333333769e+01
7.942000000000000171e+01
8.525499999999999545e+01
8.869666666666667254e+01
8.717666666666666231e+01
8.669666666666665833e+01
8.436833333333333940e+01
8.286833333333333940e+01
7.983666666666667311e+01
8.623333333333333428e+01
8.575499999999999545e+01
8.413333333333332575e+01
8.492333333333333201e+01
8.318000000000000682e+01
8.143999999999999773e+01
7.861833333333333940e+01
7.889000000000000057e+01
8.375833333333332575e+01
8.213666666666667027e+01
8.057833333333333314e+01
7.734833333333332916e+01
7.359166666666666856e+01
7.255333333333332746e+01
7.077666666666667084e+01
7.313333333333332575e+01
7.006333333333333258e+01
6.843000000000000682e+01
6.942999999999999261e+01
8.271000000000000796e+01
8.351500000000000057e+01
8.295499999999999829e+01
8.255500000000000682e+01
8.716666666666667140e+01
8.531666666666666288e+01
8.301166666666667027e+01
8.231666666666666288e+01
8.099166666666667425e+01
7.994333333333332803e+01
7.934666666666666401e+01
7.854166666666667140e+01
8.028166666666666629e+01
7.935833333333333428e+01
8.092333333333333201e+01
8.241166666666666174e+01
8.334499999999999886e+01
8.656666666666666288e+01
8.590833333333333144e+01
8.323000000000000398e+01
8.691500000000000625e+01
8.540666666666666629e+01
8.390999999999999659e+01
8.104166666666667140e+01
7.740999999999999659e+01
7.485166666666665947e+01
7.268500000000000227e+01
7.398499999999999943e+01
7.618000000000000682e+01
7.519333333333332803e+01
7.478833333333332689e+01
7.476999999999999602e+01
8.699833333333333485e+01
8.506333333333333258e+01
8.150333333333333030e+01
8.085166666666665947e+01
8.474833333333333485e+01
8.267000000000000171e+01
8.038666666666667027e+01
7.700166666666666515e+01
7.548000000000000398e+01
8.202833333333333599e+01
8.468833333333333258e+01
8.290666666666666629e+01
8.443500000000000227e+01
8.228499999999999659e+01
8.127500000000000568e+01
7.806000000000000227e+01
7.651166666666667027e+01
7.473333333333333428e+01
7.595499999999999829e+01
7.409666666666666401e+01
7.318833333333333258e+01
7.755666666666667197e+01
7.676833333333333087e+01
7.955166666666667652e+01
8.294333333333332803e+01
8.606499999999999773e+01
8.834166666666666856e+01
8.754833333333333201e+01
8.497499999999999432e+01
8.541166666666666174e+01
8.655333333333332746e+01
8.457999999999999829e+01
8.455666666666667197e+01
8.366666666666667140e+01
8.218833333333333258e+01
8.154000000000000625e+01
7.888666666666667027e+01
7.997333333333332916e+01
7.861333333333332973e+01
7.472666666666667368e+01
7.811833333333333940e+01
7.737333333333333485e+01
8.415666666666666629e+01
8.391499999999999204e+01
8.116833333333333655e+01
7.816333333333332689e+01
8.170499999999999829e+01
8.519833333333333769e+01
8.520833333333332860e+01
8.292333333333333201e+01
8.526999999999999602e+01
8.556333333333333258e+01
8.530500000000000682e+01
8.330166666666666231e+01
8.369833333333333769e+01
8.576999999999999602e+01
8.315999999999999659e+01
8.188666666666667027e+01
7.867666666666666231e+01
7.529333333333333655e+01
7.193000000000000682e+01
7.402833333333333599e+01
8.107666666666666799e+01
8.046666666666666856e+01
8.246999999999999886e+01
8.568000000000000682e+01
8.596333333333333826e+01
8.454666666666666686e+01
8.378833333333332689e+01
8.220833333333332860e+01
8.448833333333332973e+01
8.496333333333333826e+01
8.405666666666667197e+01
8.441333333333332689e+01
8.400333333333333030e+01
8.279833333333333201e+01
8.254999999999999716e+01
8.082666666666666799e+01
7.709666666666666401e+01
7.269333333333332803e+01
7.099166666666666003e+01
7.323666666666666458e+01
8.275000000000000000e+01
8.700166666666666515e+01
8.407166666666667254e+01
8.325333333333333030e+01
8.270833333333332860e+01
8.352833333333333599e+01
8.619166666666666288e+01
8.452666666666667084e+01
8.361500000000000909e+01
8.388333333333332575e+01
8.375666666666666060e+01
8.273000000000000398e+01
8.033166666666666345e+01
8.210999999999999943e+01
8.172333333333332916e+01
8.175833333333332575e+01
8.078000000000000114e+01
7.805666666666667197e+01
7.599333333333333940e+01
8.139499999999999602e+01
7.890000000000000568e+01
8.254500000000000171e+01
8.127833333333333599e+01
8.300000000000000000e+01
8.360166666666665947e+01
8.643833333333333258e+01
8.423166666666666913e+01
8.692666666666666231e+01
8.460833333333333428e+01
8.579333333333333655e+01
8.503666666666666174e+01
8.422499999999999432e+01
8.206999999999999318e+01
8.078499999999999659e+01
7.874333333333333940e+01
7.609000000000000341e+01
8.156499999999999773e+01
8.107666666666666799e+01
8.673000000000000398e+01
8.491333333333332689e+01
8.279166666666667140e+01
8.559333333333333371e+01
8.314666666666666117e+01
8.277500000000000568e+01
8.271333333333333826e+01
8.260833333333333428e+01
8.203333333333333144e+01
8.660999999999999943e+01
8.483833333333333826e+01
8.451666666666666572e+01
8.395499999999999829e+01
8.400000000000000000e+01
8.150666666666666060e+01
7.979333333333333655e+01
8.143999999999999773e+01
8.029666666666666686e+01
7.675499999999999545e+01
7.326833333333333087e+01
8.220833333333332860e+01
8.187666666666666515e+01
7.933333333333332860e+01
7.630666666666667197e+01
8.195333333333333314e+01
8.333166666666666345e+01
8.410833333333333428e+01
8.545000000000000284e+01
8.632333333333333769e+01
8.597166666666666401e+01
8.672833333333332462e+01
8.571333333333333826e+01
8.697666666666665947e+01
8.542499999999999716e+01
8.367833333333332746e+01
8.299500000000000455e+01
8.223999999999999488e+01
8.095333333333333314e+01
8.142666666666666231e+01
8.602833333333333599e+01
8.525333333333333030e+01
8.418166666666667197e+01
8.734333333333333371e+01
8.535333333333333883e+01
8.204500000000000171e+01
8.092166666666666686e+01
8.083666666666667311e+01
8.235500000000000398e+01
8.034833333333332916e+01
7.886666666666667425e+01
8.619166666666666288e+01
8.447499999999999432e+01
8.240833333333333144e+01
8.271666666666666856e+01
8.392166666666666686e+01
8.311666666666667425e+01
8.256833333333332803e+01
8.184999999999999432e+01
8.138333333333332575e+01
7.835500000000000398e+01
8.050000000000000000e+01
7.873333333333333428e+01
8.216666666666665719e+01
7.993666666666666742e+01
8.043000000000000682e+01
8.340333333333333599e+01
8.283166666666666345e+01
8.365166666666667084e+01
8.624666666666666970e+01
8.662666666666666515e+01
8.491833333333333655e+01
8.659166666666666856e+01
8.503166666666666629e+01
8.503000000000000114e+01
8.361333333333332973e+01
8.792333333333333201e+01
8.650833333333333997e+01
8.496333333333333826e+01
8.412666666666666515e+01
8.223333333333333428e+01
8.073333333333333428e+01
7.688666666666667027e+01
8.371666666666666856e+01
8.485500000000000398e+01
8.343166666666667197e+01
8.056499999999999773e+01
7.850333333333333030e+01
8.178499999999999659e+01
8.282333333333332348e+01
8.328333333333333144e+01
8.301500000000000057e+01
8.660999999999999943e+01
8.502333333333334053e+01
8.470333333333333314e+01
8.449333333333333940e+01
8.560999999999999943e+01
8.402333333333334053e+01
8.219166666666666288e+01
8.081999999999999318e+01
8.056166666666666742e+01
8.317833333333334167e+01
8.247166666666666401e+01
8.385999999999999943e+01
8.130666666666667197e+01
8.245333333333333314e+01
8.037166666666666970e+01
8.233500000000000796e+01
8.162000000000000455e+01
8.307333333333332348e+01
8.559333333333333371e+01
8.569166666666666288e+01
8.485833333333333428e+01
8.584000000000000341e+01
8.369499999999999318e+01
8.295833333333334281e+01
8.186833333333333940e+01
8.716333333333332689e+01
8.488666666666667027e+01
8.350166666666666515e+01
8.384166666666666856e+01
8.297833333333333883e+01
8.120499999999999829e+01
8.495499999999999829e+01
8.387999999999999545e+01
8.547833333333333883e+01
8.438499999999999091e+01
8.393166666666667197e+01
8.289333333333333087e+01
8.368833333333333258e+01
8.352333333333334053e+01
8.201166666666667027e+01
8.301666666666666572e+01
8.619333333333332803e+01
8.524166666666666003e+01
8.506833333333332803e+01
8.496666666666666856e+01
8.496166666666667311e+01
8.410333333333333883e+01
8.266666666666665719e+01
8.192666666666666231e+01
8.194833333333333769e+01
8.069833333333333769e+01
8.367333333333333201e+01
8.104500000000000171e+01
8.031999999999999318e+01
8.088333333333332575e+01
7.980333333333334167e+01
8.154833333333333201e+01
8.118166666666667197e+01
8.400833333333332575e+01
8.483666666666667311e+01
8.443000000000000682e+01
8.358166666666666345e+01
8.589333333333333087e+01
8.369833333333333769e+01
8.447833333333333883e+01
8.272333333333332916e+01
8.869666666666667254e+01
8.664499999999999602e+01
8.568833333333333258e+01
8.636166666666666458e+01
8.578666666666666174e+01
8.589499999999999602e+01
8.536666666666666003e+01
8.417000000000000171e+01
8.230666666666667197e+01
8.490333333333333599e+01
8.218000000000000682e+01
8.236666666666667425e+01
8.172333333333332916e+01
8.009000000000000341e+01
7.941833333333333655e+01
8.324833333333333485e+01
8.735833333333333428e+01
8.544166666666666288e+01
8.451166666666667027e+01
8.395166666666666799e+01
8.372666666666665947e+01
8.289666666666666117e+01
8.114333333333333087e+01
8.125666666666666060e+01
8.138499999999999091e+01
7.909833333333332916e+01
7.706000000000000227e+01
7.566833333333333655e+01
7.361166666666666458e+01
7.683833333333333826e+01
7.912166666666666970e+01
8.137500000000000000e+01
8.269499999999999318e+01
8.578499999999999659e+01
8.657500000000000284e+01
8.672166666666666401e+01
8.527333333333334053e+01
8.595666666666666345e+01
8.528499999999999659e+01
8.560166666666667368e+01
8.815166666666667084e+01
8.681333333333333258e+01
8.725499999999999545e+01
8.484499999999999886e+01
8.321166666666667311e+01
8.396833333333333371e+01
8.151833333333333087e+01
7.906166666666666742e+01
7.857999999999999829e+01
8.246833333333333371e+01
8.601500000000000057e+01
8.339666666666666117e+01
8.340333333333333599e+01
8.249833333333333485e+01
8.239666666666666117e+01
8.082666666666666799e+01
8.297499999999999432e+01
8.764000000000000057e+01
8.484166666666666856e+01
8.411333333333332973e+01
8.423000000000000398e+01
8.289833333333334053e+01
8.038500000000000512e+01
7.760333333333332462e+01
7.488500000000000512e+01
7.890999999999999659e+01
7.754500000000000171e+01
7.964000000000000057e+01
8.090000000000000568e+01
8.631833333333332803e+01
8.391666666666667140e+01
8.067000000000000171e+01
8.229666666666666686e+01
8.275499999999999545e+01
8.272333333333332916e+01
8.431666666666666288e+01
8.455833333333333712e+01
8.437833333333333030e+01
8.496666666666666856e+01
8.529999999999999716e+01
8.546333333333333826e+01
8.554666666666666686e+01
8.327666666666667084e+01
8.272499999999999432e+01
8.285666666666666913e+01
8.521666666666666856e+01
8.405333333333332746e+01
8.297833333333333883e+01
8.728666666666666174e+01
8.547666666666665947e+01
8.545499999999999829e+01
8.856499999999999773e+01
8.699166666666667425e+01
8.526500000000000057e+01
8.271000000000000796e+01
8.124666666666666970e+01
7.960833333333333428e+01
7.873333333333333428e+01
8.159166666666666856e+01
8.361500000000000909e+01
8.194333333333332803e+01
8.134166666666666856e+01
8.262999999999999545e+01
8.365999999999999659e+01
8.229833333333333201e+01
8.164166666666666572e+01
7.932333333333333769e+01
7.776833333333333087e+01
7.646999999999999886e+01
7.598666666666666458e+01
7.992000000000000171e+01
7.909833333333332916e+01
8.443999999999999773e+01
8.581166666666666742e+01
8.496333333333333826e+01
8.379333333333333655e+01
8.485666666666666913e+01
8.600333333333333030e+01
8.671833333333333371e+01
8.677166666666666117e+01
8.572666666666667368e+01
8.659166666666666856e+01
8.683333333333332860e+01
8.613833333333333542e+01
8.526666666666666572e+01
8.426166666666667027e+01
8.387500000000000000e+01
8.250833333333332575e+01
8.026666666666666572e+01
7.871166666666667311e+01
8.142833333333334167e+01
8.837999999999999545e+01
8.646000000000000796e+01
8.522333333333332916e+01
8.368166666666667197e+01
8.449166666666667425e+01
8.209833333333332916e+01
8.162166666666666970e+01
8.053333333333333144e+01
8.464000000000000057e+01
8.388166666666666060e+01
8.268833333333333258e+01
8.247666666666665947e+01
8.335833333333333428e+01
8.266499999999999204e+01
8.165999999999999659e+01
8.006166666666666742e+01
7.900000000000000000e+01
7.640833333333333144e+01
7.374166666666667425e+01
7.464000000000000057e+01
8.070000000000000284e+01
8.357666666666666799e+01
8.384000000000000341e+01
8.491666666666667140e+01
8.561666666666666003e+01
8.584833333333332916e+01
8.615333333333333599e+01
8.687166666666666970e+01
8.608500000000000796e+01
8.588833333333333542e+01
8.586166666666666458e+01
8.684999999999999432e+01
8.495166666666666799e+01
8.363833333333333542e+01
8.402333333333334053e+01
8.180666666666667197e+01
7.942499999999999716e+01
7.561166666666666458e+01
7.962999999999999545e+01
8.718166666666667197e+01
8.481999999999999318e+01
8.454166666666667140e+01
8.385333333333332462e+01
8.696833333333333371e+01
8.493166666666667197e+01
8.319333333333332803e+01
8.344499999999999318e+01
8.131000000000000227e+01
8.135166666666665947e+01
8.554333333333333655e+01
8.334000000000000341e+01
8.237666666666666515e+01
8.428000000000000114e+01
8.205833333333333712e+01
8.078333333333333144e+01
7.753333333333333144e+01
7.410833333333333428e+01
7.190333333333333599e+01
7.030333333333334167e+01
8.504500000000000171e+01
8.159666666666666401e+01
8.354666666666666686e+01
8.209000000000000341e+01
8.143333333333333712e+01
8.394166666666666288e+01
8.306999999999999318e+01
8.368166666666667197e+01
8.601999999999999602e+01
8.565000000000000568e+01
8.535666666666666913e+01
8.811499999999999488e+01
8.675499999999999545e+01
8.720999999999999375e+01
8.699500000000000455e+01
8.550000000000000000e+01
8.372166666666666401e+01
8.434666666666666401e+01
8.424666666666666970e+01
8.322166666666666401e+01
8.948333333333333428e+01
8.820000000000000284e+01
8.643666666666666742e+01
8.459333333333333371e+01
8.114000000000000057e+01
7.809666666666666401e+01
7.710999999999999943e+01
7.778499999999999659e+01
7.834000000000000341e+01
7.719499999999999318e+01
8.037333333333333485e+01
8.089333333333333087e+01
8.209000000000000341e+01
8.635833333333333428e+01
8.410333333333333883e+01
8.269166666666666288e+01
8.091833333333333655e+01
8.126999999999999602e+01
8.036333333333332973e+01
7.820666666666666345e+01
7.876666666666666572e+01
7.960500000000000398e+01
7.797833333333332462e+01
8.684999999999999432e+01
8.640000000000000568e+01
8.783833333333333826e+01
8.796500000000000341e+01
8.797833333333333883e+01
8.691500000000000625e+01
8.693666666666666742e+01
8.626500000000000057e+01
8.576000000000000512e+01
8.374000000000000909e+01
8.054666666666666686e+01
7.750000000000000000e+01
7.445833333333332860e+01
6.986666666666667425e+01
6.445666666666667766e+01
7.794166666666666288e+01
8.379999999999999716e+01
8.193000000000000682e+01
8.109833333333332916e+01
8.545166666666666799e+01
8.937666666666666515e+01
8.826833333333333087e+01
8.689666666666666117e+01
8.574333333333333940e+01
8.485333333333333883e+01
8.451833333333333087e+01
8.259999999999999432e+01
8.043500000000000227e+01
8.198499999999999943e+01
8.364833333333334053e+01
8.293000000000000682e+01
8.210999999999999943e+01
8.009833333333332916e+01
7.759999999999999432e+01
7.418666666666666742e+01
7.057166666666665833e+01
6.643166666666667197e+01
6.319500000000000028e+01
6.186333333333332973e+01
8.311333333333332973e+01
8.686833333333333940e+01
8.871500000000000341e+01
8.764000000000000057e+01
8.729666666666666686e+01
8.543000000000000682e+01
8.370333333333333314e+01
8.580833333333333712e+01
8.503499999999999659e+01
8.801000000000000512e+01
8.631666666666666288e+01
8.497833333333333883e+01
8.353000000000000114e+01
8.235999999999999943e+01
7.910666666666666913e+01
7.559499999999999886e+01
7.272833333333333883e+01
7.009000000000000341e+01
7.394499999999999318e+01
8.589333333333333087e+01
8.448666666666666458e+01
8.664666666666666117e+01
8.506833333333332803e+01
8.676333333333333542e+01
8.522499999999999432e+01
8.583166666666666345e+01
8.428000000000000114e+01
8.490833333333333144e+01
8.470499999999999829e+01
8.395000000000000284e+01
8.233833333333333826e+01
8.258500000000000796e+01
7.993999999999999773e+01
7.944833333333333769e+01
7.920333333333333314e+01
7.776833333333333087e+01
7.385999999999999943e+01
7.366500000000000625e+01
8.778333333333333144e+01
8.584000000000000341e+01
8.282999999999999829e+01
8.491333333333332689e+01
8.464499999999999602e+01
8.717666666666666231e+01
8.603833333333332689e+01
8.606333333333333258e+01
8.409499999999999886e+01
8.482666666666666799e+01
8.491833333333333655e+01
8.455166666666666231e+01
8.305833333333333712e+01
8.458833333333333826e+01
8.388833333333333542e+01
8.332999999999999829e+01
8.293333333333333712e+01
8.199666666666666970e+01
7.955166666666667652e+01
8.340333333333333599e+01
8.927500000000000568e+01
8.885500000000000398e+01
8.754333333333333655e+01
8.592666666666666231e+01
8.560666666666666913e+01
8.543500000000000227e+01
8.314333333333333087e+01
8.285999999999999943e+01
8.196166666666667311e+01
8.041333333333332689e+01
8.155833333333333712e+01
7.940999999999999659e+01
7.658500000000000796e+01
7.536666666666667425e+01
7.251000000000000512e+01
7.597166666666666401e+01
7.730666666666667197e+01
7.488500000000000512e+01
7.712333333333333485e+01
7.970333333333333314e+01
8.711833333333333940e+01
8.816500000000000625e+01
8.759666666666666401e+01
8.779666666666666686e+01
8.707333333333333769e+01
8.808333333333332860e+01
8.673833333333332973e+01
8.533666666666667311e+01
8.569666666666665833e+01
8.442000000000000171e+01
8.206999999999999318e+01
8.261833333333333940e+01
8.112999999999999545e+01
7.875666666666666060e+01
7.659000000000000341e+01
7.476333333333333542e+01
6.940500000000000114e+01
7.138833333333333542e+01
7.275000000000000000e+01
8.896833333333333371e+01
8.852500000000000568e+01
8.688166666666666060e+01
8.513166666666666060e+01
8.644166666666666288e+01
8.675499999999999545e+01
8.639666666666666117e+01
8.543833333333333258e+01
8.452333333333334053e+01
8.330666666666667197e+01
8.250166666666666515e+01
8.052666666666667084e+01
7.829999999999999716e+01
8.238666666666667027e+01
7.939166666666666572e+01
7.666833333333333655e+01
7.457833333333333314e+01
7.115000000000000568e+01
6.887666666666666515e+01
7.893333333333333712e+01
8.874666666666666970e+01
8.807500000000000284e+01
8.666666666666667140e+01
8.536833333333333940e+01
8.693666666666666742e+01
8.715999999999999659e+01
8.621333333333333826e+01
8.559666666666666401e+01
8.474833333333333485e+01
8.305333333333334167e+01
8.335166666666665947e+01
8.081666666666666288e+01
8.151500000000000057e+01
8.111500000000000909e+01
7.923000000000000398e+01
7.856833333333332803e+01
7.465999999999999659e+01
7.086666666666667425e+01
7.907999999999999829e+01
8.645333333333333314e+01
8.795333333333333314e+01
8.687999999999999545e+01
8.918333333333333712e+01
8.832500000000000284e+01
8.772166666666666401e+01
8.678333333333333144e+01
8.472166666666666401e+01
8.340333333333333599e+01
8.199166666666667425e+01
7.898499999999999943e+01
7.819499999999999318e+01
7.787333333333333485e+01
7.999166666666667425e+01
8.032333333333333769e+01
7.631166666666666742e+01
7.316333333333332689e+01
6.782333333333333769e+01
7.326500000000000057e+01
8.329166666666667140e+01
8.809333333333333371e+01
8.746333333333333826e+01
8.715000000000000568e+01
8.617499999999999716e+01
8.645499999999999829e+01
8.751333333333333542e+01
8.581000000000000227e+01
8.423999999999999488e+01
8.398000000000000398e+01
8.713500000000000512e+01
8.581166666666666742e+01
8.492499999999999716e+01
8.340666666666666629e+01
8.301666666666666572e+01
8.173499999999999943e+01
7.927500000000000568e+01
7.637999999999999545e+01
7.122833333333332462e+01
7.956999999999999318e+01
8.681666666666666288e+01
8.525166666666666515e+01
8.561499999999999488e+01
8.769666666666667254e+01
8.642666666666666231e+01
8.676166666666667027e+01
8.578499999999999659e+01
8.613833333333333542e+01
8.528499999999999659e+01
8.339499999999999602e+01
8.173499999999999943e+01
8.362666666666666515e+01
8.111833333333333940e+01
8.015999999999999659e+01
7.805333333333334167e+01
8.565666666666666629e+01
8.524333333333333940e+01
8.291499999999999204e+01
8.338666666666667027e+01
8.265500000000000114e+01
8.945000000000000284e+01
8.891333333333332689e+01
8.728333333333333144e+01
8.535666666666666913e+01
8.442666666666666231e+01
8.435500000000000398e+01
8.353333333333333144e+01
8.261333333333332973e+01
8.261333333333332973e+01
8.222499999999999432e+01
8.528999999999999204e+01
8.363500000000000512e+01
8.236166666666666458e+01
8.081833333333332803e+01
7.905166666666666231e+01
7.727166666666666117e+01
7.836666666666667425e+01
7.543833333333333258e+01
7.420833333333332860e+01
8.343333333333333712e+01
8.577166666666666117e+01
8.771999999999999886e+01
8.640500000000000114e+01
8.892166666666666686e+01
8.815500000000000114e+01
8.634166666666666856e+01
8.518999999999999773e+01
8.678000000000000114e+01
8.806333333333333258e+01
8.723666666666666458e+01
8.659499999999999886e+01
8.512666666666666515e+01
8.252666666666667084e+01
7.914666666666667538e+01
7.515000000000000568e+01
7.111333333333332973e+01
6.983166666666666345e+01
