1.021833333333333371e+01
1.023166666666665492e+01
1.069833333333333769e+01
1.199500000000000455e+01
1.330500000000000682e+01
1.442833333333332746e+01
1.528833333333334110e+01
1.591500000000000625e+01
1.629666666666666686e+01
1.653999999999999204e+01
1.666499999999999204e+01
1.668333333333332291e+01
1.660000000000000853e+01
1.643999999999999773e+01
1.623666666666666458e+01
1.600833333333333997e+01
1.573333333333333428e+01
1.541833333333333655e+01
1.505166666666666231e+01
1.466499999999999204e+01
1.431166666666666742e+01
1.392000000000000171e+01
1.351666666666666572e+01
1.315500000000000114e+01
1.275333333333334451e+01
1.239833333333334053e+01
1.206333333333333258e+01
1.166833333333333655e+01
1.134333333333333371e+01
1.104000000000000625e+01
1.080499999999999261e+01
1.058666666666667311e+01
1.156499999999999773e+01
1.700000000000000000e+01
2.723166666666666913e+01
5.935333333333333883e+01
8.978000000000000114e+01
8.925666666666666060e+01
8.292833333333334167e+01
7.672499999999999432e+01
7.123833333333332973e+01
6.524833333333333485e+01
5.910000000000000142e+01
5.320166666666666799e+01
4.792666666666666231e+01
4.288499999999999801e+01
3.843166666666666487e+01
3.439000000000000057e+01
3.082999999999999829e+01
2.752833333333333599e+01
2.463499999999999091e+01
2.213166666666667481e+01
1.983666666666667311e+01
1.780333333333334167e+01
1.594166666666666288e+01
1.492833333333332746e+01
1.776833333333333087e+01
2.512833333333333030e+01
4.542166666666667396e+01
8.247499999999999432e+01
8.888500000000000512e+01
8.743166666666667197e+01
8.905833333333333712e+01
8.743166666666667197e+01
8.273000000000000398e+01
7.965166666666667084e+01
7.518833333333333258e+01
6.944499999999999318e+01
6.312500000000000000e+01
5.664333333333333087e+01
5.023000000000000398e+01
4.418333333333333002e+01
3.849833333333333485e+01
3.317833333333332746e+01
2.856333333333333258e+01
2.425333333333334451e+01
2.131499999999999773e+01
2.827833333333333599e+01
5.559000000000000341e+01
5.156666666666666288e+01
8.173333333333333428e+01
8.029666666666666686e+01
8.140000000000000568e+01
8.084833333333332916e+01
8.706833333333332803e+01
8.471666666666666856e+01
8.220666666666666345e+01
8.132500000000000284e+01
8.181499999999999773e+01
8.274833333333333485e+01
8.164333333333333087e+01
7.951500000000000057e+01
7.562333333333333485e+01
7.141499999999999204e+01
6.409333333333333371e+01
5.718833333333333258e+01
4.849499999999999744e+01
5.842833333333333456e+01
8.200999999999999091e+01
8.052166666666666117e+01
8.042000000000000171e+01
7.585999999999999943e+01
7.421999999999999886e+01
6.924666666666666970e+01
6.419499999999999318e+01
6.454666666666666686e+01
5.807666666666666799e+01
8.300833333333332575e+01
8.237666666666666515e+01
8.050000000000000000e+01
7.646666666666666856e+01
7.264833333333332632e+01
7.151500000000000057e+01
7.213499999999999091e+01
8.108499999999999375e+01
7.746833333333333371e+01
7.303833333333332689e+01
7.780333333333332746e+01
8.162833333333333030e+01
8.731666666666666288e+01
8.590000000000000568e+01
8.435500000000000398e+01
8.190500000000000114e+01
8.125666666666666060e+01
8.302333333333334053e+01
7.953499999999999659e+01
8.020833333333334281e+01
7.755166666666666231e+01
7.544833333333333769e+01
7.554166666666665719e+01
7.248833333333332973e+01
6.936499999999999488e+01
6.245000000000000284e+01
6.075166666666666515e+01
5.309333333333333371e+01
6.534833333333332916e+01
7.926999999999999602e+01
8.334999999999999432e+01
8.148333333333333428e+01
8.024833333333333485e+01
7.956833333333332803e+01
7.945333333333333314e+01
8.381333333333333258e+01
8.360833333333333428e+01
8.799666666666666970e+01
8.619666666666665833e+01
8.393666666666666742e+01
8.080666666666667197e+01
7.783333333333332860e+01
7.543333333333333712e+01
7.278999999999999204e+01
6.799500000000000455e+01
6.646833333333333371e+01
6.870833333333332860e+01
7.768500000000000227e+01
7.972333333333332916e+01
7.937666666666666515e+01
7.866166666666666174e+01
7.919333333333332803e+01
7.824000000000000909e+01
8.128833333333332689e+01
7.663666666666667027e+01
8.534499999999999886e+01
8.218166666666667197e+01
8.563333333333332575e+01
8.681666666666666288e+01
8.384666666666666401e+01
8.140999999999999659e+01
7.937166666666666970e+01
7.726000000000000512e+01
7.432666666666666799e+01
7.250499999999999545e+01
6.964000000000000057e+01
7.171500000000000341e+01
7.649666666666666970e+01
7.356666666666666288e+01
7.224333333333333940e+01
7.413666666666667027e+01
7.718999999999999773e+01
8.045499999999999829e+01
8.248499999999999943e+01
8.601666666666666572e+01
8.388666666666667027e+01
8.575333333333333030e+01
8.526666666666666572e+01
8.626833333333333087e+01
8.461833333333333940e+01
8.528333333333333144e+01
8.287333333333333485e+01
8.035333333333332462e+01
7.710833333333333428e+01
7.836833333333333940e+01
7.359333333333333371e+01
6.744499999999999318e+01
6.801500000000000057e+01
7.437333333333333485e+01
8.109666666666666401e+01
8.325000000000000000e+01
8.089833333333334053e+01
7.928666666666666174e+01
7.945499999999999829e+01
8.282333333333332348e+01
8.297666666666665947e+01
8.110333333333332462e+01
8.620166666666666799e+01
8.469666666666667254e+01
8.310833333333333428e+01
7.999666666666666970e+01
7.987500000000000000e+01
7.739000000000000057e+01
7.476333333333333542e+01
7.516333333333332689e+01
7.826666666666666572e+01
8.232666666666666799e+01
8.766166666666666174e+01
8.512500000000000000e+01
8.385833333333333428e+01
8.143999999999999773e+01
8.028833333333332689e+01
8.073333333333333428e+01
8.051333333333333542e+01
8.163166666666666060e+01
8.632500000000000284e+01
8.216833333333333655e+01
8.225333333333333030e+01
8.462000000000000455e+01
8.125166666666666515e+01
8.026666666666666572e+01
7.810333333333332462e+01
7.609333333333333371e+01
7.246999999999999886e+01
6.925000000000000000e+01
7.623666666666666458e+01
8.230500000000000682e+01
8.484499999999999886e+01
8.283500000000000796e+01
8.411166666666666458e+01
8.340333333333333599e+01
8.559333333333333371e+01
8.463333333333332575e+01
8.410999999999999943e+01
8.197833333333333883e+01
7.862166666666666970e+01
7.852166666666667538e+01
8.021999999999999886e+01
8.371166666666667311e+01
8.732999999999999829e+01
8.440833333333333144e+01
8.295333333333333314e+01
8.134833333333332916e+01
7.871166666666667311e+01
8.133499999999999375e+01
8.634833333333332916e+01
8.275499999999999545e+01
8.161333333333332973e+01
8.420666666666666345e+01
8.225166666666666515e+01
8.050833333333332575e+01
7.908166666666666345e+01
7.766166666666666174e+01
7.586499999999999488e+01
7.554999999999999716e+01
7.825166666666666515e+01
8.091666666666667140e+01
8.398666666666666458e+01
8.194666666666667254e+01
8.244666666666665833e+01
8.182833333333333314e+01
8.200999999999999091e+01
8.373333333333333428e+01
8.856666666666666288e+01
8.798999999999999488e+01
8.774833333333333485e+01
8.697499999999999432e+01
8.469499999999999318e+01
8.404500000000000171e+01
8.093500000000000227e+01
8.415500000000000114e+01
8.218166666666667197e+01
8.005166666666666231e+01
7.546833333333333371e+01
7.584166666666666856e+01
6.949833333333333485e+01
7.109999999999999432e+01
7.453499999999999659e+01
7.577166666666667538e+01
7.303833333333332689e+01
8.291666666666667140e+01
8.178999999999999204e+01
8.656833333333332803e+01
8.458499999999999375e+01
8.311166666666666458e+01
8.581333333333333258e+01
8.493999999999999773e+01
8.733666666666667311e+01
8.575000000000000000e+01
8.384999999999999432e+01
8.117833333333334167e+01
7.945333333333333314e+01
7.978333333333333144e+01
7.914666666666667538e+01
7.937666666666666515e+01
7.578166666666666629e+01
7.126666666666666572e+01
7.333500000000000796e+01
8.295166666666666799e+01
8.091833333333333655e+01
8.859000000000000341e+01
8.693999999999999773e+01
8.369499999999999318e+01
8.478666666666666174e+01
8.287999999999999545e+01
8.422333333333332916e+01
8.384333333333333371e+01
8.401666666666666572e+01
8.267499999999999716e+01
8.095499999999999829e+01
7.727500000000000568e+01
7.798499999999999943e+01
7.821333333333333826e+01
7.630666666666667197e+01
7.479999999999999716e+01
7.867000000000000171e+01
8.421166666666667311e+01
8.416666666666667140e+01
8.229500000000000171e+01
8.366666666666667140e+01
8.187166666666666970e+01
8.620333333333333314e+01
8.518166666666667197e+01
8.574166666666666003e+01
8.651666666666666572e+01
8.562500000000000000e+01
8.706333333333333258e+01
8.545666666666666345e+01
8.300666666666666060e+01
7.893166666666667197e+01
7.585999999999999943e+01
7.074166666666667425e+01
6.787000000000000455e+01
7.007500000000000284e+01
8.664000000000000057e+01
8.469333333333332803e+01
8.573999999999999488e+01
8.446999999999999886e+01
8.183333333333332860e+01
7.941499999999999204e+01
7.788166666666666060e+01
8.384166666666666856e+01
8.419833333333333769e+01
8.512833333333333030e+01
8.382166666666665833e+01
8.174833333333333485e+01
7.957833333333333314e+01
8.177666666666667084e+01
8.039666666666666117e+01
8.023833333333332973e+01
7.642000000000000171e+01
7.220333333333333314e+01
8.552666666666667084e+01
8.542166666666666686e+01
8.590666666666666629e+01
8.733666666666667311e+01
8.646000000000000796e+01
8.526999999999999602e+01
8.459000000000000341e+01
8.459833333333332916e+01
8.254999999999999716e+01
8.254999999999999716e+01
8.390166666666667084e+01
8.417666666666666231e+01
8.116166666666666174e+01
8.061833333333333940e+01
8.198000000000000398e+01
8.124166666666667425e+01
7.887666666666666515e+01
7.573333333333333428e+01
8.481666666666666288e+01
8.589499999999999602e+01
8.504999999999999716e+01
8.501000000000000512e+01
8.532166666666667254e+01
8.341499999999999204e+01
8.190166666666667084e+01
8.421166666666667311e+01
8.262333333333333485e+01
8.454166666666667140e+01
8.288333333333332575e+01
8.087000000000000455e+01
7.936166666666666458e+01
7.807500000000000284e+01
7.794333333333332803e+01
8.240833333333333144e+01
8.590166666666667084e+01
8.488333333333332575e+01
8.810833333333333428e+01
8.644333333333332803e+01
8.385833333333333428e+01
8.799333333333333940e+01
8.602333333333332632e+01
8.423999999999999488e+01
8.274666666666666970e+01
8.015833333333333144e+01
7.984666666666666401e+01
8.281166666666666742e+01
7.974333333333333940e+01
7.630500000000000682e+01
7.740999999999999659e+01
7.550166666666666515e+01
7.592833333333334167e+01
7.952500000000000568e+01
8.329500000000000171e+01
8.135999999999999943e+01
8.475333333333333030e+01
8.547166666666666401e+01
8.553333333333333144e+01
8.375000000000000000e+01
8.540833333333333144e+01
8.456499999999999773e+01
8.642666666666666231e+01
8.678333333333333144e+01
8.579166666666667140e+01
8.475000000000000000e+01
8.495000000000000284e+01
8.679166666666667140e+01
8.611333333333332973e+01
8.384666666666666401e+01
7.986499999999999488e+01
8.003166666666666629e+01
8.267499999999999716e+01
8.648999999999999488e+01
8.295833333333334281e+01
8.192499999999999716e+01
8.293000000000000682e+01
8.539166666666666572e+01
8.343666666666666742e+01
8.008833333333333826e+01
7.908666666666667311e+01
7.852500000000000568e+01
7.945666666666666345e+01
8.010833333333333428e+01
8.412166666666666970e+01
8.309166666666666856e+01
8.387666666666666515e+01
8.515999999999999659e+01
8.494499999999999318e+01
8.393999999999999773e+01
8.422833333333333883e+01
8.613166666666666060e+01
8.631499999999999773e+01
8.566499999999999204e+01
8.639333333333333087e+01
8.564166666666666572e+01
8.757333333333333769e+01
8.705166666666666231e+01
8.789499999999999602e+01
8.645000000000000284e+01
8.411166666666666458e+01
8.204500000000000171e+01
7.901333333333333542e+01
7.505500000000000682e+01
8.090000000000000568e+01
7.726333333333333542e+01
7.442333333333333201e+01
8.010333333333333883e+01
8.422499999999999432e+01
8.212500000000000000e+01
8.001333333333333542e+01
8.229999999999999716e+01
8.435833333333333428e+01
8.347166666666666401e+01
8.444333333333332803e+01
8.475833333333332575e+01
8.430666666666667197e+01
8.705833333333333712e+01
8.593500000000000227e+01
8.549833333333333485e+01
8.560666666666666913e+01
8.414833333333334053e+01
8.482833333333333314e+01
8.546500000000000341e+01
8.486166666666666458e+01
8.485500000000000398e+01
8.829833333333333201e+01
8.694333333333332803e+01
8.548999999999999488e+01
8.366166666666666174e+01
8.378666666666666174e+01
8.368500000000000227e+01
8.486333333333332973e+01
8.110333333333332462e+01
7.897166666666666401e+01
7.937333333333333485e+01
7.652833333333333599e+01
8.044333333333332803e+01
8.245666666666666345e+01
8.049500000000000455e+01
8.195499999999999829e+01
8.199166666666667425e+01
8.015333333333333599e+01
8.145000000000000284e+01
8.697666666666665947e+01
8.589166666666666572e+01
8.413333333333332575e+01
8.739333333333333087e+01
8.607833333333333314e+01
8.508499999999999375e+01
8.362500000000000000e+01
8.449333333333333940e+01
8.437166666666666970e+01
8.376833333333333087e+01
8.237666666666666515e+01
8.049666666666666970e+01
8.419499999999999318e+01
8.649333333333333940e+01
8.420000000000000284e+01
8.059666666666666401e+01
7.768000000000000682e+01
7.805333333333334167e+01
8.239166666666666572e+01
8.628999999999999204e+01
8.532666666666666799e+01
8.462500000000000000e+01
8.425166666666666515e+01
8.404166666666667140e+01
8.497666666666665947e+01
8.306666666666666288e+01
8.274500000000000455e+01
8.390000000000000568e+01
8.217333333333333201e+01
8.225666666666666060e+01
8.170499999999999829e+01
8.125166666666666515e+01
8.069666666666665833e+01
8.470333333333333314e+01
8.475000000000000000e+01
8.533333333333332860e+01
8.358333333333334281e+01
8.370166666666666799e+01
8.368833333333333258e+01
8.761833333333333940e+01
8.660166666666665947e+01
8.569333333333332803e+01
8.589000000000000057e+01
8.431000000000000227e+01
8.583500000000000796e+01
8.481499999999999773e+01
8.319666666666665833e+01
8.058666666666667311e+01
7.551500000000000057e+01
7.428333333333333144e+01
7.515000000000000568e+01
8.266833333333333655e+01
8.371833333333333371e+01
8.617000000000000171e+01
8.416166666666666174e+01
8.347166666666666401e+01
8.481333333333333258e+01
8.304500000000000171e+01
8.168666666666666742e+01
8.353166666666666629e+01
8.632166666666665833e+01
8.413499999999999091e+01
8.230166666666666231e+01
8.675333333333333030e+01
8.566666666666667140e+01
8.457166666666667254e+01
8.160500000000000398e+01
8.092000000000000171e+01
7.859499999999999886e+01
7.891499999999999204e+01
8.647333333333332916e+01
8.541166666666666174e+01
8.620166666666666799e+01
8.580833333333333712e+01
8.347666666666665947e+01
8.310166666666665947e+01
8.205500000000000682e+01
8.245499999999999829e+01
8.041833333333333655e+01
8.381000000000000227e+01
8.338666666666667027e+01
8.544666666666667254e+01
8.484999999999999432e+01
8.607166666666665833e+01
8.410500000000000398e+01
8.313500000000000512e+01
8.143666666666666742e+01
8.230666666666667197e+01
7.953000000000000114e+01
8.484499999999999886e+01
8.530166666666666231e+01
8.368666666666666742e+01
8.436333333333332973e+01
8.599666666666666970e+01
8.554666666666666686e+01
8.399000000000000909e+01
8.193500000000000227e+01
8.046333333333333826e+01
7.973333333333333428e+01
7.889499999999999602e+01
8.088333333333332575e+01
8.606166666666666742e+01
8.603499999999999659e+01
8.575499999999999545e+01
8.538500000000000512e+01
8.560666666666666913e+01
8.465333333333333599e+01
8.358166666666666345e+01
8.009000000000000341e+01
8.494166666666666288e+01
8.415333333333333599e+01
8.614833333333332632e+01
8.460833333333333428e+01
8.606499999999999773e+01
8.480500000000000682e+01
8.344666666666665833e+01
8.100333333333333030e+01
8.094833333333333769e+01
7.917333333333333201e+01
7.865000000000000568e+01
7.994166666666666288e+01
8.297499999999999432e+01
8.358833333333333826e+01
8.576000000000000512e+01
8.478666666666666174e+01
8.554666666666666686e+01
8.305833333333333712e+01
8.137999999999999545e+01
8.101166666666667027e+01
8.400333333333333030e+01
8.797166666666666401e+01
8.698833333333332973e+01
8.621999999999999886e+01
8.657666666666666799e+01
8.623999999999999488e+01
8.449500000000000455e+01
8.228666666666666174e+01
8.073833333333332973e+01
7.759499999999999886e+01
7.681166666666666742e+01
7.762166666666666970e+01
8.198000000000000398e+01
8.292833333333334167e+01
8.608333333333332860e+01
8.468666666666666742e+01
8.387166666666666970e+01
8.137666666666666515e+01
8.095333333333333314e+01
7.859000000000000341e+01
7.784499999999999886e+01
8.659666666666666401e+01
8.479166666666667140e+01
8.563666666666667027e+01
8.704000000000000625e+01
8.563500000000000512e+01
8.425499999999999545e+01
8.125166666666666515e+01
8.189000000000000057e+01
8.306666666666666288e+01
8.146000000000000796e+01
8.016499999999999204e+01
8.426666666666666572e+01
8.609166666666666856e+01
8.589666666666666117e+01
8.370000000000000284e+01
8.512666666666666515e+01
8.295666666666666345e+01
8.111166666666666458e+01
8.118166666666667197e+01
7.977666666666667084e+01
8.802666666666667084e+01
8.653666666666666174e+01
8.480166666666666231e+01
8.348499999999999943e+01
8.440500000000000114e+01
8.136666666666667425e+01
8.063833333333333542e+01
8.012999999999999545e+01
7.681999999999999318e+01
7.691166666666666174e+01
8.301500000000000057e+01
8.334666666666666401e+01
8.094666666666665833e+01
8.559666666666666401e+01
8.545833333333332860e+01
8.424833333333333485e+01
8.187333333333333485e+01
7.928666666666666174e+01
7.995333333333333314e+01
8.076333333333333542e+01
8.778666666666666174e+01
8.730833333333333712e+01
8.660166666666665947e+01
8.570833333333332860e+01
8.581499999999999773e+01
8.715833333333333144e+01
8.478000000000000114e+01
8.474166666666667425e+01
8.257999999999999829e+01
7.823666666666666458e+01
7.680333333333334167e+01
8.086166666666666458e+01
8.142833333333334167e+01
8.597166666666666401e+01
8.366833333333333655e+01
8.285500000000000398e+01
7.999500000000000455e+01
7.955500000000000682e+01
7.837000000000000455e+01
8.624666666666666970e+01
8.586499999999999488e+01
8.549333333333333940e+01
8.454000000000000625e+01
8.574500000000000455e+01
8.559666666666666401e+01
8.392000000000000171e+01
8.096166666666667311e+01
7.915999999999999659e+01
7.895499999999999829e+01
7.722499999999999432e+01
8.351666666666666572e+01
8.450499999999999545e+01
8.367499999999999716e+01
8.734166666666666856e+01
8.562166666666666970e+01
8.531166666666666742e+01
8.552666666666667084e+01
8.500333333333333030e+01
8.477666666666667084e+01
8.361500000000000909e+01
8.599833333333333485e+01
8.387333333333333485e+01
8.325499999999999545e+01
8.539499999999999602e+01
8.405166666666666231e+01
8.206999999999999318e+01
8.165666666666666629e+01
7.923166666666666913e+01
7.670000000000000284e+01
8.112500000000000000e+01
8.244166666666666288e+01
8.374000000000000909e+01
8.493500000000000227e+01
8.800333333333333030e+01
8.662666666666666515e+01
8.489833333333334053e+01
8.242166666666666686e+01
8.320666666666666345e+01
8.429333333333333655e+01
8.307666666666666799e+01
8.179333333333333655e+01
7.808666666666667311e+01
7.732166666666665833e+01
8.337166666666666970e+01
8.543999999999999773e+01
8.726166666666667027e+01
8.563333333333332575e+01
8.514333333333333087e+01
8.376166666666667027e+01
8.431999999999999318e+01
8.214500000000001023e+01
8.720000000000000284e+01
8.633333333333332860e+01
8.543833333333333258e+01
8.397833333333332462e+01
8.284999999999999432e+01
8.447499999999999432e+01
8.491833333333333655e+01
8.228499999999999659e+01
8.096833333333333371e+01
8.039000000000000057e+01
7.760833333333333428e+01
7.413666666666667027e+01
7.837666666666666515e+01
8.034833333333332916e+01
8.095333333333333314e+01
8.567499999999999716e+01
8.487000000000000455e+01
8.443666666666666742e+01
8.564499999999999602e+01
8.553999999999999204e+01
8.412999999999999545e+01
8.528999999999999204e+01
8.788166666666666060e+01
8.812666666666666515e+01
8.700333333333333030e+01
8.559666666666666401e+01
8.365999999999999659e+01
8.175833333333332575e+01
7.866499999999999204e+01
7.856166666666666742e+01
7.845333333333333314e+01
7.790666666666666629e+01
8.037999999999999545e+01
8.206166666666666742e+01
8.441833333333333655e+01
8.429333333333333655e+01
8.322833333333333883e+01
8.469666666666667254e+01
8.295499999999999829e+01
8.395333333333333314e+01
8.177500000000000568e+01
8.179666666666666686e+01
8.505166666666666231e+01
8.462833333333333030e+01
8.533499999999999375e+01
8.554666666666666686e+01
8.474500000000000455e+01
8.434000000000000341e+01
8.495666666666666345e+01
8.451833333333333087e+01
8.414000000000000057e+01
8.517833333333334167e+01
8.905333333333332746e+01
8.767666666666666231e+01
8.594499999999999318e+01
8.349500000000000455e+01
8.627833333333333599e+01
8.406166666666666742e+01
8.056000000000000227e+01
7.690833333333333144e+01
7.744499999999999318e+01
7.773333333333333428e+01
7.954666666666666686e+01
8.186666666666667425e+01
8.146166666666667311e+01
8.011166666666666458e+01
8.138833333333333542e+01
7.993333333333333712e+01
8.186499999999999488e+01
8.397333333333332916e+01
8.499666666666666970e+01
8.747333333333332916e+01
8.870166666666666799e+01
8.734000000000000341e+01
8.661666666666667425e+01
8.556333333333333258e+01
8.559333333333333371e+01
8.489166666666666572e+01
8.374500000000000455e+01
8.346999999999999886e+01
8.090166666666667084e+01
8.260166666666665947e+01
8.196333333333333826e+01
7.841333333333332689e+01
7.477166666666666117e+01
7.230500000000000682e+01
7.812333333333333485e+01
7.926166666666667027e+01
8.379500000000000171e+01
8.551333333333333542e+01
8.496666666666666856e+01
8.825666666666666060e+01
8.568000000000000682e+01
8.466166666666666174e+01
8.382500000000000284e+01
8.620333333333333314e+01
8.459166666666666856e+01
8.190000000000000568e+01
8.066833333333333655e+01
8.245166666666666799e+01
8.320833333333334281e+01
8.101500000000000057e+01
7.971166666666667311e+01
7.713166666666666060e+01
8.085666666666666913e+01
8.212500000000000000e+01
8.475333333333333030e+01
8.416666666666667140e+01
8.452333333333334053e+01
8.328000000000000114e+01
8.689333333333333087e+01
8.602833333333333599e+01
8.287833333333333030e+01
8.342333333333333201e+01
8.643166666666667197e+01
8.408666666666667311e+01
8.575000000000000000e+01
8.574666666666666970e+01
8.482500000000000284e+01
8.217166666666666686e+01
8.132166666666665833e+01
7.934499999999999886e+01
7.801500000000000057e+01
8.550666666666666060e+01
8.332166666666665833e+01
8.427333333333334053e+01
8.353499999999999659e+01
8.465833333333333144e+01
8.384333333333333371e+01
8.249666666666666970e+01
8.400833333333332575e+01
8.245000000000000284e+01
8.610666666666666913e+01
8.571333333333333826e+01
8.451000000000000512e+01
8.316833333333333655e+01
8.199833333333333485e+01
8.304999999999999716e+01
8.215999999999999659e+01
8.290833333333333144e+01
8.264833333333334053e+01
8.843166666666667197e+01
8.671833333333333371e+01
8.518500000000000227e+01
8.541833333333333655e+01
8.383166666666666345e+01
8.123000000000000398e+01
8.606833333333332803e+01
8.510166666666665947e+01
8.290999999999999659e+01
8.163666666666667027e+01
8.206000000000000227e+01
7.792666666666666231e+01
7.988833333333333542e+01
8.329833333333333201e+01
8.118666666666666742e+01
8.004666666666666686e+01
7.847499999999999432e+01
8.365000000000000568e+01
8.867000000000000171e+01
8.715500000000000114e+01
8.700666666666666060e+01
8.646000000000000796e+01
8.543000000000000682e+01
8.378666666666666174e+01
8.254333333333333655e+01
8.137999999999999545e+01
8.342000000000000171e+01
8.162833333333333030e+01
8.050666666666666060e+01
7.832166666666665833e+01
7.703166666666666629e+01
7.543000000000000682e+01
7.212333333333333485e+01
7.237333333333333485e+01
7.994499999999999318e+01
8.350166666666666515e+01
8.909166666666666856e+01
8.832833333333333314e+01
8.596166666666667311e+01
8.715166666666667084e+01
8.667000000000000171e+01
8.570666666666666345e+01
8.652333333333334053e+01
8.406333333333333258e+01
8.291666666666667140e+01
8.133499999999999375e+01
7.814666666666667538e+01
7.316500000000000625e+01
6.726666666666666572e+01
6.671666666666666856e+01
7.333166666666666345e+01
7.384166666666666856e+01
7.437500000000000000e+01
8.064833333333334053e+01
8.847333333333332916e+01
8.752166666666666117e+01
8.669833333333333769e+01
8.629666666666666686e+01
8.705666666666667197e+01
8.598000000000000398e+01
8.822499999999999432e+01
8.609166666666666856e+01
8.328166666666666629e+01
8.447166666666666401e+01
8.385666666666666913e+01
8.226666666666666572e+01
7.789499999999999602e+01
7.171999999999999886e+01
6.432333333333332348e+01
6.173333333333333428e+01
6.399166666666666714e+01
8.607333333333333769e+01
8.961833333333333940e+01
8.919333333333332803e+01
8.894666666666667254e+01
8.725166666666666515e+01
8.594499999999999318e+01
8.324666666666666970e+01
8.249833333333333485e+01
7.960500000000000398e+01
7.885333333333333883e+01
7.684499999999999886e+01
7.490999999999999659e+01
7.243333333333333712e+01
7.041499999999999204e+01
6.967499999999999716e+01
6.400166666666666515e+01
7.640999999999999659e+01
8.121333333333333826e+01
8.778166666666666629e+01
8.840000000000000568e+01
8.609666666666666401e+01
8.912500000000000000e+01
8.743999999999999773e+01
8.754333333333333655e+01
8.803499999999999659e+01
8.643333333333333712e+01
