1.021833333333333371e+01
1.021833333333333371e+01
1.026333333333333542e+01
1.036833333333333940e+01
1.049166666666666003e+01
1.062333333333333485e+01
1.077333333333334053e+01
1.089666666666666117e+01
1.099500000000000455e+01
1.109666666666666401e+01
1.119833333333333769e+01
1.128166666666666629e+01
1.135166666666667368e+01
1.141499999999999204e+01
1.145166666666666799e+01
1.150166666666666515e+01
1.156333333333333258e+01
1.160500000000000398e+01
1.165166666666667084e+01
1.168833333333333258e+01
1.172333333333332916e+01
1.174833333333333485e+01
1.177500000000000568e+01
1.180499999999999261e+01
1.182833333333333314e+01
1.185833333333333428e+01
1.188333333333333997e+01
1.189666666666666117e+01
1.191833333333333655e+01
1.192499999999999716e+01
1.195000000000000284e+01
1.196500000000000341e+01
1.198000000000000398e+01
1.198833333333332973e+01
1.199833333333333485e+01
1.201166666666667027e+01
1.202666666666665662e+01
1.203833333333332689e+01
1.205166666666667652e+01
1.206499999999999773e+01
1.207166666666667254e+01
1.208166666666666345e+01
1.209166666666666856e+01
1.209833333333332916e+01
1.210833333333333428e+01
1.211333333333332973e+01
1.212000000000000455e+01
1.212999999999999545e+01
1.614666666666666117e+01
5.126833333333333087e+01
8.978166666666666629e+01
8.978000000000000114e+01
8.966333333333332689e+01
8.797166666666666401e+01
8.369499999999999318e+01
7.914333333333333087e+01
7.514333333333333087e+01
7.097999999999998977e+01
6.668500000000000227e+01
6.250000000000000000e+01
5.850833333333333286e+01
5.476500000000000057e+01
5.134666666666667112e+01
4.832833333333332604e+01
4.560333333333333172e+01
4.303500000000000369e+01
4.082166666666666544e+01
3.874999999999999289e+01
3.693666666666666032e+01
3.535500000000000398e+01
3.394333333333334224e+01
3.262166666666666970e+01
3.145833333333332860e+01
3.039500000000001023e+01
2.934666666666666401e+01
2.836666666666666003e+01
2.753499999999999659e+01
2.677500000000000568e+01
2.607500000000000284e+01
2.542499999999999716e+01
2.477833333333333599e+01
2.423333333333333428e+01
2.380333333333332746e+01
2.336666666666667425e+01
2.293999999999999773e+01
2.252333333333332632e+01
2.215500000000000114e+01
2.264666666666667538e+01
2.740000000000000568e+01
5.584666666666666401e+01
7.977833333333333599e+01
8.977333333333334053e+01
8.978166666666666629e+01
8.978000000000000114e+01
8.975833333333332575e+01
8.952166666666666117e+01
8.847166666666666401e+01
8.641833333333333655e+01
8.368666666666666742e+01
8.102666666666667084e+01
7.824500000000000455e+01
7.548999999999999488e+01
7.267000000000000171e+01
6.964166666666666572e+01
6.666833333333333655e+01
6.373333333333333428e+01
6.076166666666667027e+01
5.809000000000000341e+01
5.540333333333332888e+01
5.300000000000000000e+01
5.068500000000000227e+01
4.860833333333333428e+01
4.667499999999999716e+01
4.481000000000000227e+01
4.306333333333333258e+01
4.147333333333332916e+01
4.000999999999999801e+01
3.867666666666666941e+01
3.735333333333333883e+01
3.616666666666667140e+01
3.512833333333333030e+01
3.416166666666666174e+01
3.436333333333332973e+01
3.535833333333333428e+01
3.884166666666666146e+01
5.762999999999999545e+01
5.771333333333333115e+01
7.278333333333333144e+01
8.395000000000000284e+01
8.924833333333333485e+01
8.975666666666666060e+01
8.967666666666666231e+01
8.977500000000000568e+01
8.968000000000000682e+01
8.950833333333332575e+01
8.874833333333333485e+01
8.765999999999999659e+01
8.580666666666667197e+01
8.368833333333333258e+01
8.159166666666666856e+01
7.931833333333332803e+01
7.701833333333333087e+01
7.455833333333333712e+01
7.205500000000000682e+01
6.942499999999999716e+01
6.681499999999999773e+01
6.425333333333333030e+01
6.182000000000000028e+01
5.935500000000000398e+01
5.693333333333333712e+01
5.482333333333333769e+01
5.266666666666666430e+01
5.071333333333333115e+01
4.895333333333334025e+01
4.718166666666666487e+01
4.557166666666666544e+01
4.519999999999999574e+01
4.607333333333333059e+01
4.584333333333333371e+01
5.006166666666666742e+01
6.681166666666666742e+01
6.674500000000000455e+01
8.039666666666666117e+01
8.387500000000000000e+01
8.558166666666666345e+01
8.802666666666667084e+01
8.920333333333333314e+01
8.833499999999999375e+01
8.755500000000000682e+01
8.893666666666666742e+01
8.827833333333333599e+01
8.702333333333334053e+01
8.660166666666665947e+01
8.511833333333333940e+01
8.734499999999999886e+01
8.577500000000000568e+01
8.432500000000000284e+01
8.253166666666666629e+01
8.057500000000000284e+01
7.847833333333332462e+01
7.623666666666666458e+01
7.490833333333333144e+01
7.247166666666666401e+01
7.044666666666667254e+01
6.790000000000000568e+01
6.544833333333332348e+01
6.324333333333333229e+01
6.085499999999999687e+01
5.965500000000000114e+01
5.771166666666666600e+01
5.826333333333333542e+01
5.868166666666666487e+01
7.723499999999999943e+01
7.740833333333333144e+01
7.900833333333332575e+01
8.386333333333332973e+01
8.594166666666666288e+01
8.682999999999999829e+01
8.662166666666666970e+01
8.546999999999999886e+01
8.440666666666666629e+01
8.334999999999999432e+01
8.600000000000000000e+01
8.548999999999999488e+01
8.363500000000000512e+01
8.467833333333332746e+01
8.295666666666666345e+01
8.428166666666666629e+01
8.273999999999999488e+01
8.091666666666667140e+01
7.924166666666667425e+01
7.730333333333332746e+01
7.529833333333333201e+01
7.436833333333333940e+01
7.513666666666667027e+01
7.479333333333333655e+01
7.768000000000000682e+01
7.552666666666667084e+01
7.352000000000001023e+01
7.468166666666667197e+01
7.360166666666665947e+01
7.878166666666666629e+01
8.201166666666667027e+01
8.173333333333333428e+01
8.277666666666667084e+01
8.640166666666667084e+01
8.548000000000000398e+01
8.653166666666666629e+01
8.885166666666665947e+01
8.783500000000000796e+01
8.840666666666666629e+01
8.782333333333333769e+01
8.662500000000000000e+01
8.701500000000000057e+01
8.588166666666666060e+01
8.466666666666667140e+01
8.396500000000000341e+01
8.192333333333333201e+01
8.090000000000000568e+01
7.892499999999999716e+01
7.720666666666666345e+01
7.547666666666665947e+01
7.589166666666666572e+01
7.485999999999999943e+01
7.422333333333332916e+01
7.509499999999999886e+01
7.506000000000000227e+01
7.473833333333332973e+01
7.501166666666667027e+01
7.640833333333333144e+01
7.575000000000000000e+01
7.626166666666667027e+01
7.672166666666666401e+01
8.183500000000000796e+01
8.038333333333332575e+01
7.995666666666666345e+01
8.055166666666666231e+01
7.869166666666666288e+01
8.331333333333333258e+01
8.303666666666666174e+01
8.344166666666666288e+01
8.443333333333333712e+01
8.362833333333333030e+01
8.839166666666666572e+01
8.760999999999999943e+01
8.712999999999999545e+01
8.602333333333332632e+01
8.727666666666667084e+01
8.792000000000000171e+01
8.685666666666666913e+01
8.617166666666666686e+01
8.443333333333333712e+01
8.326999999999999602e+01
8.151999999999999602e+01
8.285833333333333428e+01
8.214000000000000057e+01
8.154833333333333201e+01
8.009666666666666401e+01
7.833666666666667311e+01
7.822666666666665947e+01
7.864666666666667538e+01
7.799166666666667425e+01
8.157333333333333769e+01
7.994833333333332348e+01
7.839833333333334053e+01
7.751166666666667027e+01
7.853666666666666174e+01
8.044333333333332803e+01
8.184999999999999432e+01
8.196833333333333371e+01
8.582666666666666799e+01
8.488833333333333542e+01
8.451333333333333542e+01
8.377500000000000568e+01
8.306833333333332803e+01
8.455166666666666231e+01
8.342833333333332746e+01
8.282166666666665833e+01
8.598333333333333428e+01
8.632500000000000284e+01
8.487666666666666515e+01
8.310166666666665947e+01
8.152500000000000568e+01
8.053666666666666174e+01
7.893500000000000227e+01
7.988166666666666060e+01
8.009666666666666401e+01
8.138333333333332575e+01
8.113166666666666060e+01
8.058833333333333826e+01
8.312000000000000455e+01
8.287500000000000000e+01
8.542499999999999716e+01
8.395666666666666345e+01
8.473000000000000398e+01
8.540833333333333144e+01
8.534499999999999886e+01
8.604333333333333655e+01
8.619333333333332803e+01
8.552500000000000568e+01
8.575333333333333030e+01
8.635666666666666913e+01
8.541833333333333655e+01
8.489166666666666572e+01
8.450666666666666060e+01
8.272499999999999432e+01
8.174666666666666970e+01
8.038166666666666060e+01
7.947499999999999432e+01
8.129999999999999716e+01
8.011166666666666458e+01
7.979166666666667140e+01
7.824833333333333485e+01
8.339666666666666117e+01
8.327666666666667084e+01
8.407333333333333769e+01
8.316833333333333655e+01
8.305833333333333712e+01
8.273333333333333428e+01
8.218999999999999773e+01
8.230333333333334167e+01
8.394333333333332803e+01
8.423333333333333428e+01
8.304333333333333655e+01
8.263166666666666060e+01
8.239666666666666117e+01
8.449666666666666970e+01
8.451666666666666572e+01
8.285166666666665947e+01
8.222333333333332916e+01
8.214000000000000057e+01
8.148000000000000398e+01
8.211666666666667425e+01
8.277166666666666117e+01
8.340166666666667084e+01
8.259333333333333371e+01
8.134166666666666856e+01
8.448833333333332973e+01
8.392333333333333201e+01
8.389333333333333087e+01
8.323166666666666913e+01
8.449333333333333940e+01
8.560999999999999943e+01
8.517333333333333201e+01
8.440666666666666629e+01
8.369666666666665833e+01
8.320833333333334281e+01
8.248166666666666913e+01
8.373166666666666913e+01
8.492333333333333201e+01
8.462500000000000000e+01
8.496333333333333826e+01
8.447666666666665947e+01
8.472499999999999432e+01
8.436333333333332973e+01
8.396666666666666856e+01
8.308666666666667311e+01
8.220333333333333314e+01
8.211166666666666458e+01
8.127500000000000568e+01
8.159333333333333371e+01
8.121666666666666856e+01
8.178000000000000114e+01
8.243666666666666742e+01
8.312999999999999545e+01
8.315166666666667084e+01
8.270333333333333314e+01
8.300166666666666515e+01
8.375333333333333030e+01
8.379333333333333655e+01
8.234833333333332916e+01
8.239833333333334053e+01
8.151833333333333087e+01
8.273000000000000398e+01
8.215000000000000568e+01
8.210500000000000398e+01
8.161833333333333940e+01
8.095666666666666345e+01
7.909166666666666856e+01
7.971666666666666856e+01
7.854833333333333201e+01
8.027833333333333599e+01
8.031000000000000227e+01
8.039666666666666117e+01
8.478333333333333144e+01
8.560999999999999943e+01
8.517499999999999716e+01
8.478166666666666629e+01
8.595666666666666345e+01
8.706000000000000227e+01
8.675166666666666515e+01
8.644833333333333769e+01
8.552833333333333599e+01
8.526166666666667027e+01
8.523166666666666913e+01
8.425999999999999091e+01
8.382666666666666799e+01
8.389000000000000057e+01
8.393500000000000227e+01
8.322499999999999432e+01
8.288500000000000512e+01
8.154500000000000171e+01
8.095000000000000284e+01
8.214500000000001023e+01
8.213499999999999091e+01
8.103166666666666629e+01
7.976999999999999602e+01
7.898000000000000398e+01
7.892333333333333201e+01
8.030166666666666231e+01
8.060500000000000398e+01
8.138833333333333542e+01
8.118000000000000682e+01
8.266666666666665719e+01
8.308166666666666345e+01
8.326000000000000512e+01
8.383666666666667311e+01
8.273833333333332973e+01
8.375000000000000000e+01
8.298166666666666913e+01
8.397666666666665947e+01
8.309333333333333371e+01
8.334499999999999886e+01
8.227666666666667084e+01
8.151666666666666572e+01
8.101500000000000057e+01
8.306499999999999773e+01
8.368833333333333258e+01
8.368000000000000682e+01
8.220833333333332860e+01
8.154166666666667140e+01
8.520166666666666799e+01
8.518999999999999773e+01
8.566166666666666174e+01
8.459999999999999432e+01
8.540000000000000568e+01
8.650000000000000000e+01
8.529833333333333201e+01
8.479500000000000171e+01
8.401999999999999602e+01
8.314499999999999602e+01
8.241166666666666174e+01
8.102500000000000568e+01
8.079166666666667140e+01
8.095499999999999829e+01
8.178000000000000114e+01
8.144666666666665833e+01
8.081499999999999773e+01
8.145166666666666799e+01
8.112333333333333485e+01
8.153499999999999659e+01
8.154500000000000171e+01
8.200166666666666515e+01
8.229666666666666686e+01
8.151333333333333542e+01
8.184333333333333371e+01
8.378166666666666629e+01
8.342499999999999716e+01
8.364666666666666117e+01
8.426833333333333087e+01
8.472833333333333883e+01
8.475833333333332575e+01
8.454999999999999716e+01
8.478833333333332689e+01
8.283833333333333826e+01
8.272166666666666401e+01
8.236499999999999488e+01
8.376500000000000057e+01
8.356833333333332803e+01
8.229999999999999716e+01
8.060666666666666913e+01
7.891333333333332689e+01
7.769333333333332803e+01
7.892666666666666231e+01
7.838666666666667027e+01
8.082999999999999829e+01
8.087833333333333030e+01
8.063333333333332575e+01
8.336333333333332973e+01
8.291499999999999204e+01
8.346166666666667311e+01
8.347166666666666401e+01
8.457666666666666799e+01
8.584999999999999432e+01
8.546666666666666856e+01
8.557166666666665833e+01
8.447499999999999432e+01
8.418999999999999773e+01
8.315833333333333144e+01
8.321500000000000341e+01
8.523166666666666913e+01
8.516499999999999204e+01
8.613500000000000512e+01
8.540000000000000568e+01
8.448333333333333428e+01
8.290166666666667084e+01
8.147333333333332916e+01
8.212333333333333485e+01
8.104166666666667140e+01
7.939000000000000057e+01
7.994333333333332803e+01
7.952333333333334053e+01
7.911499999999999488e+01
8.047166666666666401e+01
8.113499999999999091e+01
8.189833333333334053e+01
8.255333333333334167e+01
8.268166666666667197e+01
8.312000000000000455e+01
8.295166666666666799e+01
8.299166666666667425e+01
8.174500000000000455e+01
8.206333333333333258e+01
8.117666666666666231e+01
8.419333333333332803e+01
8.237666666666666515e+01
8.131166666666666742e+01
8.022499999999999432e+01
8.018500000000000227e+01
7.945666666666666345e+01
8.100666666666666060e+01
8.095833333333332860e+01
8.273666666666666458e+01
8.239333333333333087e+01
8.214666666666667538e+01
8.508333333333332860e+01
8.504999999999999716e+01
8.513666666666667027e+01
8.476999999999999602e+01
8.594833333333333769e+01
8.739333333333333087e+01
8.626166666666667027e+01
8.511499999999999488e+01
8.458499999999999375e+01
8.405833333333333712e+01
8.280500000000000682e+01
8.337666666666666515e+01
8.406833333333332803e+01
8.259999999999999432e+01
8.257666666666666799e+01
8.202666666666667084e+01
8.188499999999999091e+01
8.132666666666666799e+01
8.105333333333334167e+01
8.040166666666667084e+01
8.089499999999999602e+01
7.957333333333332348e+01
7.838333333333332575e+01
8.024666666666666970e+01
8.077500000000000568e+01
8.134000000000000341e+01
8.136500000000000909e+01
8.243333333333333712e+01
8.273833333333332973e+01
8.300000000000000000e+01
8.316666666666667140e+01
8.300499999999999545e+01
8.384166666666666856e+01
8.300000000000000000e+01
8.457999999999999829e+01
8.293999999999999773e+01
8.531666666666666288e+01
8.373166666666666913e+01
8.267833333333334167e+01
8.254166666666665719e+01
8.191666666666665719e+01
8.115833333333333144e+01
8.140166666666667084e+01
8.153833333333332689e+01
8.248999999999999488e+01
8.197333333333332916e+01
8.085833333333333428e+01
8.385833333333333428e+01
8.358166666666666345e+01
8.369833333333333769e+01
8.320666666666666345e+01
8.499333333333333940e+01
8.660333333333332462e+01
8.501166666666667027e+01
8.497499999999999432e+01
8.424166666666667425e+01
8.331000000000000227e+01
8.276166666666667027e+01
8.297833333333333883e+01
8.329333333333333655e+01
8.296999999999999886e+01
8.255333333333334167e+01
8.214500000000001023e+01
8.325833333333332575e+01
8.210833333333333428e+01
8.237833333333333030e+01
8.202166666666667538e+01
8.198499999999999943e+01
8.146666666666666856e+01
8.055500000000000682e+01
8.189499999999999602e+01
8.254500000000000171e+01
8.260999999999999943e+01
8.279666666666666686e+01
8.272333333333332916e+01
8.234833333333332916e+01
8.257333333333333769e+01
8.379999999999999716e+01
8.468333333333333712e+01
8.468000000000000682e+01
8.351999999999999602e+01
8.379666666666666686e+01
8.204166666666665719e+01
8.390500000000000114e+01
8.335333333333332462e+01
8.273833333333332973e+01
8.165666666666666629e+01
8.099166666666667425e+01
7.975000000000000000e+01
8.131999999999999318e+01
8.015500000000000114e+01
8.057833333333333314e+01
7.942166666666666686e+01
8.014000000000000057e+01
8.336833333333333940e+01
8.278833333333332689e+01
8.328499999999999659e+01
8.259333333333333371e+01
8.349666666666666970e+01
8.496333333333333826e+01
8.448000000000000398e+01
8.468166666666667197e+01
8.501666666666666572e+01
8.446166666666667311e+01
8.385666666666666913e+01
8.349166666666667425e+01
8.428499999999999659e+01
8.457500000000000284e+01
8.445499999999999829e+01
8.337833333333333030e+01
8.401500000000000057e+01
8.337500000000000000e+01
8.231666666666666288e+01
8.279333333333333655e+01
8.335500000000000398e+01
8.206666666666666288e+01
8.081833333333332803e+01
8.207333333333333769e+01
8.129500000000000171e+01
8.151999999999999602e+01
8.142499999999999716e+01
8.290666666666666629e+01
8.240166666666667084e+01
8.208333333333332860e+01
8.293833333333333258e+01
8.284000000000000341e+01
8.315000000000000568e+01
8.206499999999999773e+01
8.292166666666666686e+01
8.154500000000000171e+01
8.355166666666666231e+01
8.273999999999999488e+01
8.236833333333333940e+01
8.254333333333333655e+01
8.196666666666666856e+01
8.015833333333333144e+01
8.167666666666666231e+01
8.078499999999999659e+01
8.129333333333333655e+01
8.105333333333334167e+01
8.179166666666665719e+01
8.487333333333333485e+01
8.373000000000000398e+01
8.333333333333334281e+01
8.217333333333333201e+01
8.402166666666666117e+01
8.528666666666666174e+01
8.439333333333333087e+01
8.426333333333333542e+01
8.422333333333332916e+01
8.313833333333333542e+01
8.358333333333334281e+01
8.337000000000000455e+01
8.325333333333333030e+01
8.313833333333333542e+01
8.310333333333333883e+01
8.204666666666666686e+01
8.331000000000000227e+01
8.213833333333333542e+01
8.261666666666667425e+01
8.364000000000000057e+01
8.340833333333333144e+01
8.265333333333333599e+01
8.222166666666666401e+01
8.234999999999999432e+01
8.182166666666667254e+01
8.193166666666667197e+01
8.167666666666666231e+01
8.340333333333333599e+01
8.313666666666667027e+01
8.273499999999999943e+01
8.408166666666666345e+01
8.359166666666666856e+01
8.294666666666665833e+01
8.169666666666667254e+01
8.223666666666666458e+01
8.046999999999999886e+01
8.204166666666665719e+01
8.191499999999999204e+01
8.102833333333333599e+01
8.025000000000000000e+01
7.997499999999999432e+01
7.929166666666665719e+01
8.005333333333334167e+01
7.939666666666666117e+01
8.033333333333334281e+01
8.044499999999999318e+01
7.993666666666666742e+01
8.372166666666666401e+01
8.330666666666667197e+01
8.460333333333333883e+01
8.321999999999999886e+01
8.463500000000000512e+01
8.687999999999999545e+01
8.664833333333334053e+01
8.678000000000000114e+01
8.553833333333332689e+01
8.486333333333332973e+01
8.378833333333332689e+01
8.303166666666666629e+01
8.281499999999999773e+01
8.265999999999999659e+01
8.373000000000000398e+01
8.395666666666666345e+01
8.267333333333333201e+01
8.169166666666666288e+01
8.050333333333333030e+01
8.073166666666666913e+01
7.948333333333333428e+01
7.876833333333333087e+01
7.745833333333334281e+01
7.787666666666666515e+01
7.806000000000000227e+01
8.027333333333334053e+01
8.029666666666666686e+01
8.140333333333333599e+01
8.191833333333333655e+01
8.281000000000000227e+01
8.404833333333333201e+01
8.355666666666667197e+01
8.365333333333333599e+01
8.275166666666666515e+01
8.332500000000000284e+01
8.328166666666666629e+01
8.526500000000000057e+01
8.326000000000000512e+01
8.263333333333332575e+01
8.176333333333333542e+01
8.150333333333333030e+01
7.979333333333333655e+01
8.110333333333332462e+01
8.126333333333333542e+01
8.189833333333334053e+01
8.137333333333333485e+01
8.013166666666666060e+01
8.306333333333333258e+01
8.298499999999999943e+01
8.277500000000000568e+01
8.342833333333332746e+01
8.465999999999999659e+01
8.526833333333333087e+01
8.464666666666666117e+01
8.430166666666666231e+01
8.415999999999999659e+01
8.431166666666666742e+01
8.425166666666666515e+01
8.489000000000000057e+01
8.487000000000000455e+01
8.572166666666666401e+01
8.471166666666667311e+01
8.436333333333332973e+01
8.386166666666666458e+01
8.331999999999999318e+01
8.275833333333332575e+01
8.271000000000000796e+01
8.093999999999999773e+01
7.974333333333333940e+01
7.881499999999999773e+01
8.031166666666666742e+01
7.984166666666666856e+01
8.005500000000000682e+01
8.007166666666665833e+01
7.962999999999999545e+01
8.004833333333333201e+01
8.038666666666667027e+01
8.136500000000000909e+01
8.152666666666667084e+01
8.107166666666665833e+01
8.079500000000000171e+01
8.129166666666667140e+01
8.023000000000000398e+01
8.339333333333333087e+01
8.322166666666666401e+01
8.311166666666666458e+01
8.187833333333333030e+01
8.110166666666665947e+01
8.034166666666666856e+01
8.246666666666666856e+01
8.239333333333333087e+01
8.251833333333333087e+01
8.247333333333332916e+01
8.296666666666666856e+01
8.537833333333333030e+01
8.558333333333332860e+01
8.585333333333333883e+01
8.510500000000000398e+01
8.539833333333334053e+01
8.609333333333333371e+01
8.548333333333333428e+01
8.511499999999999488e+01
8.397166666666666401e+01
8.252666666666667084e+01
8.256499999999999773e+01
8.142666666666666231e+01
8.059000000000000341e+01
7.986833333333333940e+01
8.018500000000000227e+01
7.944333333333332803e+01
8.075499999999999545e+01
8.020833333333334281e+01
7.869166666666666288e+01
8.051833333333333087e+01
7.996166666666667311e+01
7.992000000000000171e+01
7.936333333333332973e+01
8.019833333333333769e+01
8.141333333333332689e+01
8.199166666666667425e+01
8.243999999999999773e+01
8.224666666666666970e+01
8.269666666666665833e+01
8.349833333333333485e+01
8.565000000000000568e+01
8.499166666666666003e+01
8.414499999999999602e+01
8.323833333333332973e+01
8.425499999999999545e+01
8.361833333333333940e+01
8.473166666666666913e+01
8.440999999999999659e+01
8.311333333333332973e+01
8.151833333333333087e+01
8.050666666666666060e+01
7.919499999999999318e+01
7.943500000000000227e+01
7.885833333333333428e+01
7.906999999999999318e+01
7.862000000000000455e+01
7.726333333333333542e+01
8.103499999999999659e+01
8.117666666666666231e+01
8.180500000000000682e+01
8.101833333333333087e+01
8.465666666666666629e+01
8.657666666666666799e+01
8.601666666666666572e+01
8.640833333333333144e+01
8.525666666666666060e+01
8.354500000000000171e+01
8.357999999999999829e+01
8.244833333333333769e+01
8.297666666666665947e+01
8.276000000000000512e+01
8.348833333333332973e+01
8.443999999999999773e+01
8.400833333333332575e+01
8.325499999999999545e+01
8.266499999999999204e+01
8.360500000000000398e+01
8.191166666666666174e+01
8.071166666666667311e+01
7.922333333333332916e+01
7.940500000000000114e+01
8.125166666666666515e+01
8.161166666666666458e+01
8.172833333333332462e+01
8.152500000000000568e+01
8.180500000000000682e+01
8.106666666666666288e+01
8.165333333333333599e+01
8.219499999999999318e+01
8.376166666666667027e+01
8.322499999999999432e+01
8.321500000000000341e+01
8.298499999999999943e+01
8.468166666666667197e+01
8.404500000000000171e+01
8.253833333333332689e+01
8.238833333333333542e+01
8.212666666666666515e+01
8.113166666666666060e+01
8.242833333333334167e+01
8.221166666666667311e+01
8.221999999999999886e+01
8.236333333333332973e+01
8.143666666666666742e+01
8.399166666666667425e+01
8.309999999999999432e+01
8.287666666666666515e+01
8.171833333333333371e+01
8.319333333333332803e+01
8.531833333333332803e+01
8.461333333333332973e+01
8.365666666666666629e+01
8.367499999999999716e+01
8.240000000000000568e+01
8.263166666666666060e+01
8.279833333333333201e+01
8.435999999999999943e+01
8.348499999999999943e+01
8.405166666666666231e+01
8.366333333333332689e+01
8.276000000000000512e+01
8.266333333333332689e+01
8.241499999999999204e+01
8.233166666666666345e+01
8.217000000000000171e+01
8.081999999999999318e+01
7.997666666666665947e+01
8.037000000000000455e+01
8.195499999999999829e+01
8.222166666666666401e+01
8.230166666666666231e+01
8.251500000000000057e+01
8.264000000000000057e+01
8.322333333333332916e+01
8.353499999999999659e+01
8.449500000000000455e+01
8.436333333333332973e+01
8.329166666666667140e+01
8.294333333333332803e+01
8.195000000000000284e+01
8.320000000000000284e+01
8.228000000000000114e+01
8.150833333333332575e+01
8.121166666666667311e+01
7.994499999999999318e+01
7.857333333333333769e+01
8.055166666666666231e+01
7.992166666666666686e+01
8.050166666666666515e+01
8.031833333333332803e+01
7.983333333333334281e+01
8.391166666666666174e+01
8.323000000000000398e+01
8.366499999999999204e+01
8.293166666666667197e+01
8.502333333333334053e+01
8.648833333333332973e+01
8.555500000000000682e+01
8.484999999999999432e+01
8.393000000000000682e+01
8.312166666666666970e+01
8.309499999999999886e+01
8.319833333333333769e+01
8.373666666666666458e+01
8.356666666666666288e+01
8.414166666666666572e+01
8.363833333333333542e+01
8.272666666666665947e+01
8.239000000000000057e+01
8.229833333333333201e+01
8.273999999999999488e+01
8.111166666666666458e+01
8.059666666666666401e+01
7.984166666666666856e+01
8.062166666666666970e+01
8.142166666666666686e+01
8.298000000000000398e+01
8.282666666666666799e+01
8.292166666666666686e+01
8.309333333333333371e+01
8.334166666666666856e+01
8.340333333333333599e+01
8.321833333333333371e+01
