9.999999999999997780e-02
9.023694987156694047e-02
8.076244148061895167e-02
7.155979136375539840e-02
6.261372877181364816e-02
5.391024003718591917e-02
4.543643385134624180e-02
3.718042416282424378e-02
2.913122799525583173e-02
2.127867595670202006e-02
1.361333359103614193e-02
6.126432029575828997e-03
-1.190193348597629042e-03
-8.344157334363250245e-03
-1.534257330257055019e-02
-2.219209640134395256e-02
-2.889896218009233020e-02
-3.546902122326317519e-02
-4.190777027620026796e-02
-4.822038028165442913e-02
-5.441172168829752631e-02
-6.048638734415720530e-02
-6.644871324675077906e-02
-7.230279738662620526e-02
-7.805251689103449853e-02
-8.370154364874092534e-02
-8.925335857486262070e-02
-9.471126465553697527e-02
-1.000783988957242299e-01
-1.053577432791332619e-01
-1.105521348368189299e-01
-1.156642749101527562e-01
-1.206967376844000073e-01
-1.256519780608392201e-01
-1.305323389280845237e-01
-1.353400578868725057e-01
-1.400772734769361871e-01
-1.447460309496112485e-01
-1.493482876254156322e-01
-1.538859178719425014e-01
-1.583607177339396987e-01
-1.627744092443689783e-01
-1.671286444424925077e-01
-1.714250091225828776e-01
-1.756650263346645480e-01
-1.798501596567330663e-01
-1.839818162561403514e-01
-1.880613497562570735e-01
-1.920900629231022394e-01
-1.960692101853538927e-01
-2.000000000000000111e-01