-2.000000000000000111e-01
-1.902369498715669738e-01
-1.807624414806189850e-01
-1.715597913637554039e-01
-1.626137287718136815e-01
-1.539102400371859525e-01
-1.454364338513463029e-01
-1.371804241628243326e-01
-1.291312279952558928e-01
-1.212786759567021366e-01
-1.136133335910361891e-01
-1.061264320295758901e-01
-9.880980665140239039e-02
-9.165584266563682470e-02
-8.465742669742949700e-02
-7.780790359865602523e-02
-7.110103781990764760e-02
-6.453097877673671934e-02
-5.809222972379968208e-02
-5.177961971834549315e-02
-4.558827831170242373e-02
-3.951361265584274474e-02
-3.355128675324914322e-02
-2.769720261337374478e-02
-2.194748310896549315e-02
-1.629845635125903858e-02
-1.074664142513728771e-02
-5.288735344462919263e-03
7.839889572430758236e-05
5.357743279133408976e-03
1.055213483681902153e-02
1.566427491015279228e-02
2.069673768440008499e-02
2.565197806083929777e-02
3.053233892808462913e-02
3.534005788687255567e-02
4.007727347693623710e-02
4.474603094961124294e-02
4.934828762541565439e-02
5.388591787194252358e-02
5.836071773393974871e-02
6.277440924436905600e-02
6.712864444249250218e-02
7.142500912258281653e-02
7.566502633466448691e-02
7.985015965673297744e-02
8.398181625614031809e-02
8.806134975625695693e-02
9.209006292310212283e-02
9.606921018535385937e-02
9.999999999999997780e-02