2.666166666666666174e+01
2.985500000000000398e+01
3.351166666666665606e+01
3.725666666666667481e+01
4.121166666666666600e+01
4.525333333333333741e+01
4.941666666666666430e+01
5.354333333333332945e+01
5.751666666666666572e+01
6.130999999999999517e+01
6.496333333333333826e+01
6.820499999999999829e+01
7.116666666666667140e+01
7.388833333333333542e+01
7.628166666666666629e+01
7.846500000000000341e+01
8.030500000000000682e+01
8.184166666666666856e+01
8.309333333333333371e+01
8.417666666666666231e+01
8.504166666666667140e+01
8.572666666666667368e+01
8.627500000000000568e+01
8.669666666666665833e+01
8.706833333333332803e+01
8.739833333333334053e+01
8.766333333333332689e+01
8.788833333333333542e+01
8.807833333333333314e+01
8.829166666666667140e+01
8.846333333333333826e+01
8.864666666666666117e+01
8.884666666666666401e+01
8.902833333333333599e+01
8.921000000000000796e+01
8.937500000000000000e+01
8.957999999999999829e+01
8.974833333333333485e+01
8.996500000000000341e+01
9.012999999999999545e+01
9.027500000000000568e+01
9.043666666666666742e+01
9.059166666666666856e+01
9.075000000000000000e+01
9.090500000000000114e+01
9.109166666666666856e+01
9.122833333333333883e+01
9.138500000000000512e+01
9.152166666666666117e+01
9.166666666666667140e+01
9.180166666666666231e+01
9.189499999999999602e+01
9.204333333333333655e+01
9.216833333333333655e+01
9.228333333333333144e+01
9.240500000000000114e+01
9.250333333333333030e+01
9.262500000000000000e+01
9.276500000000000057e+01
9.286166666666666458e+01
9.298833333333332973e+01
9.307166666666667254e+01
9.319166666666666288e+01
9.328000000000000114e+01
9.337333333333333485e+01
9.347333333333332916e+01
9.356333333333333258e+01
9.364499999999999602e+01
9.374166666666666003e+01
9.382666666666666799e+01
9.390999999999999659e+01
9.398166666666666913e+01
9.409666666666666401e+01
9.416833333333333655e+01
9.425833333333333997e+01
9.430500000000000682e+01
9.441166666666666174e+01
9.448666666666666458e+01
9.455500000000000682e+01
9.460999999999999943e+01
9.469499999999999318e+01
9.477833333333333599e+01
9.484333333333333371e+01
9.490999999999999659e+01
9.498499999999999943e+01
9.504833333333333201e+01
9.512166666666666970e+01
9.517166666666666686e+01
9.524166666666667425e+01
9.529999999999999716e+01
9.534499999999999886e+01
9.539000000000000057e+01
9.545166666666666799e+01
9.549833333333333485e+01
9.557833333333333314e+01
9.562000000000000455e+01
9.566166666666666174e+01
9.569166666666666288e+01
9.575499999999999545e+01
9.579500000000000171e+01
