2.666166666666666174e+01
2.872333333333332916e+01
3.100833333333333997e+01
3.342500000000001137e+01
3.585333333333333883e+01
3.806000000000000227e+01
4.053999999999999915e+01
4.288333333333332575e+01
4.536333333333332973e+01
4.772999999999999687e+01
5.012333333333332774e+01
5.252666666666666373e+01
5.479166666666666430e+01
5.701333333333333542e+01
5.908500000000000085e+01
6.111333333333332973e+01
6.310999999999999943e+01
6.499666666666666970e+01
6.675833333333332575e+01
6.837666666666666515e+01
6.989833333333334053e+01
7.140333333333333599e+01
7.280666666666667197e+01
7.415333333333333599e+01
7.535999999999999943e+01
7.653666666666666174e+01
7.754666666666666686e+01
7.857333333333333769e+01
7.959333333333333371e+01
8.036500000000000909e+01
8.116500000000000625e+01
8.181499999999999773e+01
8.244166666666666288e+01
8.301333333333333542e+01
8.347499999999999432e+01
8.396500000000000341e+01
8.434499999999999886e+01
8.475333333333333030e+01
8.512166666666666970e+01
8.542666666666666231e+01
8.568999999999999773e+01
8.592666666666666231e+01
8.614333333333333087e+01
8.635666666666666913e+01
8.658333333333332860e+01
8.679166666666667140e+01
8.695833333333332860e+01
8.709499999999999886e+01
8.720000000000000284e+01
8.734333333333333371e+01
8.748333333333333428e+01
8.760999999999999943e+01
8.775833333333333997e+01
8.787500000000000000e+01
8.800333333333333030e+01
8.812333333333333485e+01
8.820166666666666799e+01
8.830666666666667197e+01
8.840500000000000114e+01
8.848999999999999488e+01
8.860500000000000398e+01
8.866499999999999204e+01
8.873499999999999943e+01
8.881166666666666742e+01
8.891666666666667140e+01
8.900166666666666515e+01
8.911166666666666458e+01
8.921166666666667311e+01
8.930500000000000682e+01
8.940000000000000568e+01
8.949166666666667425e+01
8.957333333333333769e+01
8.966333333333332689e+01
8.973833333333332973e+01
8.979999999999999716e+01
8.988333333333332575e+01
8.996666666666666856e+01
9.001000000000000512e+01
9.007999999999999829e+01
9.014333333333333087e+01
9.020499999999999829e+01
9.028166666666666629e+01
9.034000000000000341e+01
9.043000000000000682e+01
9.050166666666666515e+01
9.055166666666666231e+01
9.061333333333332973e+01
9.066333333333332689e+01
9.074833333333333485e+01
9.081166666666666742e+01
9.088166666666666060e+01
9.095000000000000284e+01
9.101999999999999602e+01
9.108833333333333826e+01
9.113666666666667027e+01
9.119333333333332803e+01
9.123833333333332973e+01
9.130833333333333712e+01
9.138333333333332575e+01
9.145000000000000284e+01
