2.666166666666666174e+01
8.752500000000000568e+01
8.810500000000000398e+01
9.029999999999999716e+01
8.621999999999999886e+01
9.028999999999999204e+01
8.337333333333333485e+01
9.028666666666666174e+01
7.980333333333334167e+01
9.027833333333333599e+01
7.563666666666667027e+01
9.026666666666666572e+01
7.020333333333333314e+01
9.026500000000000057e+01
6.620500000000001251e+01
9.026333333333333542e+01
6.332333333333333059e+01
9.026333333333333542e+01
6.022666666666666657e+01
9.026333333333333542e+01
5.899666666666666259e+01
9.026333333333333542e+01
5.949333333333333229e+01
9.026333333333333542e+01
5.631499999999999773e+01
9.026333333333333542e+01
5.956666666666666998e+01
9.026333333333333542e+01
5.224666666666666970e+01
9.026333333333333542e+01
5.811833333333333229e+01
9.026333333333333542e+01
5.132499999999999574e+01
9.026333333333333542e+01
5.857166666666666544e+01
9.026333333333333542e+01
5.156166666666666742e+01
9.026333333333333542e+01
5.786999999999999744e+01
9.026333333333333542e+01
5.230499999999999972e+01
9.026333333333333542e+01
5.954499999999999460e+01
9.026333333333333542e+01
5.060833333333333428e+01
9.026333333333333542e+01
5.885999999999999943e+01
9.026333333333333542e+01
5.214333333333333798e+01
9.026333333333333542e+01
5.722666666666666657e+01
9.026333333333333542e+01
5.254499999999999460e+01
9.026333333333333542e+01
5.952000000000000313e+01
9.026333333333333542e+01
5.077666666666666373e+01
9.026333333333333542e+01
6.093500000000000227e+01
9.026333333333333542e+01
5.357333333333333059e+01
9.026333333333333542e+01
5.692999999999999972e+01
9.026333333333333542e+01
5.197666666666666657e+01
9.026333333333333542e+01
6.037833333333333030e+01
9.026333333333333542e+01
5.131166666666666742e+01
9.026333333333333542e+01
5.826999999999999602e+01
9.026333333333333542e+01
5.251833333333333087e+01
9.026333333333333542e+01
5.732166666666666544e+01
9.026333333333333542e+01
5.221500000000000341e+01
9.026333333333333542e+01
5.930833333333333712e+01
9.026333333333333542e+01
5.042666666666666231e+01
9.026333333333333542e+01
6.113333333333333286e+01
9.026333333333333542e+01
5.376833333333333798e+01
9.026333333333333542e+01
5.650166666666666515e+01
9.026333333333333542e+01
5.211333333333333684e+01
9.026333333333333542e+01
6.047500000000000142e+01
9.026333333333333542e+01
5.198333333333333428e+01
9.026333333333333542e+01
5.729166666666667140e+01
9.026333333333333542e+01
5.191166666666666885e+01
9.026333333333333542e+01
5.965833333333333854e+01
9.026333333333333542e+01
