2.666166666666666174e+01
2.790333333333333599e+01
2.906999999999999318e+01
3.032166666666667254e+01
3.153166666666666629e+01
3.278166666666666629e+01
3.402666666666667084e+01
3.523833333333334394e+01
3.631666666666666288e+01
3.731833333333332803e+01
3.840999999999999659e+01
3.949666666666666970e+01
4.059666666666667112e+01
4.149500000000000455e+01
4.253833333333333400e+01
4.353666666666666885e+01
4.453666666666666885e+01
4.558999999999999631e+01
4.650000000000000000e+01
4.741666666666666430e+01
4.839833333333333343e+01
4.933499999999999375e+01
5.013500000000000512e+01
5.103666666666666885e+01
5.193833333333333258e+01
5.282833333333333314e+01
5.365166666666666373e+01
5.446333333333333826e+01
5.524833333333333485e+01
5.600666666666666771e+01
5.676333333333333542e+01
5.746333333333333115e+01
5.816333333333333400e+01
5.887333333333333485e+01
5.954999999999999716e+01
6.022166666666667112e+01
6.086166666666666458e+01
6.153500000000000369e+01
6.222666666666666657e+01
6.284833333333333627e+01
6.350666666666666771e+01
6.407166666666665833e+01
6.465833333333333144e+01
6.527166666666667538e+01
6.583333333333334281e+01
6.635333333333332462e+01
6.685166666666665947e+01
6.739333333333333087e+01
6.785499999999998977e+01
6.833166666666666345e+01
6.877333333333332632e+01
6.920000000000000284e+01
6.965333333333333599e+01
7.010333333333333883e+01
7.053499999999999659e+01
7.098999999999999488e+01
7.142000000000000171e+01
7.183333333333332860e+01
7.223833333333332973e+01
7.265166666666667084e+01
7.299500000000000455e+01
7.336500000000000909e+01
7.377000000000001023e+01
7.412500000000000000e+01
7.448833333333332973e+01
7.485833333333333428e+01
7.521333333333333826e+01
7.550499999999999545e+01
7.583833333333333826e+01
7.613333333333332575e+01
7.643500000000000227e+01
7.673000000000000398e+01
7.698166666666666913e+01
7.727500000000000568e+01
7.751500000000000057e+01
7.778333333333333144e+01
7.804500000000000171e+01
7.834833333333332916e+01
7.862999999999999545e+01
7.887666666666666515e+01
7.916499999999999204e+01
7.936666666666667425e+01
7.957833333333333314e+01
7.981833333333332803e+01
8.001500000000000057e+01
8.020499999999999829e+01
8.042499999999999716e+01
8.058333333333334281e+01
8.081499999999999773e+01
8.102166666666667538e+01
8.117499999999999716e+01
8.136500000000000909e+01
8.151500000000000057e+01
8.165333333333333599e+01
8.181000000000000227e+01
8.193500000000000227e+01
8.209333333333333371e+01
8.223499999999999943e+01
8.237166666666666970e+01
8.253333333333333144e+01
