2.666166666666666174e+01
9.026333333333333542e+01
1.860166666666667368e+01
9.026333333333333542e+01
1.878000000000000114e+01
9.026333333333333542e+01
1.892333333333333201e+01
9.026333333333333542e+01
1.903833333333334110e+01
9.026333333333333542e+01
1.905833333333333712e+01
9.026333333333333542e+01
1.905833333333333712e+01
9.026333333333333542e+01
1.905833333333333712e+01
9.026333333333333542e+01
1.905833333333333712e+01
9.026333333333333542e+01
1.905833333333333712e+01
9.026333333333333542e+01
1.905833333333333712e+01
9.026333333333333542e+01
1.905833333333333712e+01
9.026333333333333542e+01
1.905833333333333712e+01
9.026333333333333542e+01
1.905833333333333712e+01
9.026333333333333542e+01
1.905833333333333712e+01
9.026333333333333542e+01
1.905833333333333712e+01
9.026333333333333542e+01
1.905833333333333712e+01
9.026333333333333542e+01
1.905833333333333712e+01
9.026333333333333542e+01
1.905833333333333712e+01
9.026333333333333542e+01
1.905833333333333712e+01
9.026333333333333542e+01
1.905833333333333712e+01
9.026333333333333542e+01
1.905833333333333712e+01
9.026333333333333542e+01
1.905833333333333712e+01
9.026333333333333542e+01
1.905833333333333712e+01
9.026333333333333542e+01
1.905833333333333712e+01
9.026333333333333542e+01
1.905833333333333712e+01
9.026333333333333542e+01
1.905833333333333712e+01
9.026333333333333542e+01
1.905833333333333712e+01
9.026333333333333542e+01
1.905833333333333712e+01
9.026333333333333542e+01
1.905833333333333712e+01
9.026333333333333542e+01
1.905833333333333712e+01
9.026333333333333542e+01
1.905833333333333712e+01
9.026333333333333542e+01
1.905833333333333712e+01
9.026333333333333542e+01
1.905833333333333712e+01
9.026333333333333542e+01
1.905833333333333712e+01
9.026333333333333542e+01
1.905833333333333712e+01
9.026333333333333542e+01
1.905833333333333712e+01
9.026333333333333542e+01
1.905833333333333712e+01
9.026333333333333542e+01
1.905833333333333712e+01
9.026333333333333542e+01
1.905833333333333712e+01
9.026333333333333542e+01
1.905833333333333712e+01
9.026333333333333542e+01
1.905833333333333712e+01
9.026333333333333542e+01
1.905833333333333712e+01
9.026333333333333542e+01
1.905833333333333712e+01
9.026333333333333542e+01
1.905833333333333712e+01
9.026333333333333542e+01
1.905833333333333712e+01
9.026333333333333542e+01
1.905833333333333712e+01
9.026333333333333542e+01
1.905833333333333712e+01
9.026333333333333542e+01
1.905833333333333712e+01
9.026333333333333542e+01
1.905833333333333712e+01
9.026333333333333542e+01
