2.666166666666666174e+01
2.824666666666666970e+01
2.982500000000000284e+01
3.139833333333332632e+01
3.314333333333333087e+01
3.489666666666666117e+01
3.640999999999999659e+01
3.789166666666666572e+01
3.951999999999999602e+01
4.108500000000000796e+01
4.257333333333333059e+01
4.411000000000000654e+01
4.570333333333332604e+01
4.710833333333332718e+01
4.862999999999999545e+01
5.004500000000000171e+01
5.148833333333333684e+01
5.290333333333333599e+01
5.425000000000000000e+01
5.554833333333333201e+01
5.687166666666666259e+01
5.802666666666666373e+01
5.919333333333332803e+01
6.036666666666666714e+01
6.152833333333333599e+01
6.268833333333333258e+01
6.375166666666666515e+01
6.476333333333333542e+01
6.580166666666667652e+01
6.671999999999999886e+01
6.760999999999999943e+01
6.852166666666666117e+01
6.929666666666666686e+01
7.010666666666666913e+01
7.089000000000000057e+01
7.168833333333333258e+01
7.247333333333332916e+01
7.315333333333333599e+01
7.384666666666666401e+01
7.455333333333332746e+01
7.515333333333333599e+01
7.580333333333334167e+01
7.636833333333333940e+01
7.694333333333332803e+01
7.740666666666666629e+01
7.792499999999999716e+01
7.851500000000000057e+01
7.901666666666666572e+01
7.950333333333333030e+01
7.987500000000000000e+01
8.025000000000000000e+01
8.070499999999999829e+01
8.109666666666666401e+01
8.142499999999999716e+01
8.171166666666667311e+01
8.201833333333333087e+01
8.231166666666666742e+01
8.260999999999999943e+01
8.288666666666667027e+01
8.312500000000000000e+01
8.337833333333333030e+01
8.356999999999999318e+01
8.379666666666666686e+01
8.400333333333333030e+01
8.415833333333333144e+01
8.433333333333332860e+01
8.451166666666667027e+01
8.469166666666666288e+01
8.487999999999999545e+01
8.504500000000000171e+01
8.518000000000000682e+01
8.531499999999999773e+01
8.542833333333334167e+01
8.553666666666666174e+01
8.565166666666667084e+01
8.579833333333333201e+01
8.591666666666667140e+01
8.602333333333332632e+01
8.610833333333333428e+01
8.620499999999999829e+01
8.627833333333333599e+01
8.637500000000000000e+01
8.646000000000000796e+01
8.656333333333333258e+01
8.664333333333333087e+01
8.673833333333332973e+01
8.682666666666666799e+01
8.691166666666666174e+01
8.699333333333333940e+01
8.707500000000000284e+01
8.715333333333333599e+01
8.721166666666667311e+01
8.726833333333333087e+01
8.734499999999999886e+01
8.739833333333334053e+01
8.746666666666666856e+01
8.755166666666666231e+01
8.760333333333333883e+01
8.766166666666666174e+01
8.772833333333333883e+01
