2.666166666666666174e+01
4.907166666666667254e+01
7.228499999999999659e+01
8.453499999999999659e+01
8.822833333333333883e+01
8.783666666666667311e+01
8.981999999999999318e+01
8.999500000000000455e+01
9.132999999999999829e+01
9.099666666666666970e+01
9.180666666666667197e+01
9.183166666666666345e+01
9.224666666666666970e+01
9.230333333333332746e+01
9.257500000000000284e+01
9.278000000000000114e+01
9.279500000000000171e+01
9.312666666666666515e+01
9.300333333333333030e+01
9.346500000000000341e+01
9.317166666666666686e+01
9.370166666666666799e+01
9.327666666666667084e+01
9.388500000000000512e+01
9.335500000000000398e+01
9.400166666666666515e+01
9.341499999999999204e+01
9.410333333333333883e+01
9.350499999999999545e+01
9.419666666666667254e+01
9.355500000000000682e+01
9.424500000000000455e+01
9.356499999999999773e+01
9.428499999999999659e+01
9.362666666666666515e+01
9.431999999999999318e+01
9.363500000000000512e+01
9.435999999999999943e+01
9.364833333333334053e+01
9.438666666666667027e+01
9.369333333333332803e+01
9.440833333333333144e+01
9.370833333333332860e+01
9.443333333333333712e+01
9.372666666666665947e+01
9.445833333333332860e+01
9.373499999999999943e+01
9.448999999999999488e+01
9.374500000000000455e+01
9.451999999999999602e+01
9.377666666666667084e+01
9.452666666666667084e+01
9.378333333333333144e+01
9.455833333333333712e+01
9.378499999999999659e+01
9.457500000000000284e+01
9.378666666666666174e+01
9.459333333333333371e+01
9.379166666666667140e+01
9.461166666666666458e+01
9.379500000000000171e+01
9.462000000000000455e+01
9.379999999999999716e+01
9.462999999999999545e+01
9.382999999999999829e+01
9.464499999999999602e+01
9.383166666666666345e+01
9.465333333333333599e+01
9.383166666666666345e+01
9.465833333333333144e+01
9.383499999999999375e+01
9.466500000000000625e+01
9.383666666666667311e+01
9.467333333333333201e+01
9.383666666666667311e+01
9.467333333333333201e+01
9.384166666666666856e+01
9.468166666666667197e+01
9.384333333333333371e+01
9.468166666666667197e+01
9.384333333333333371e+01
9.468999999999999773e+01
9.384333333333333371e+01
9.469166666666666288e+01
9.384499999999999886e+01
9.469333333333332803e+01
9.384499999999999886e+01
9.469499999999999318e+01
9.384333333333333371e+01
9.469833333333333769e+01
9.384333333333333371e+01
9.470499999999999829e+01
9.384333333333333371e+01
9.470999999999999375e+01
9.384333333333333371e+01
9.470999999999999375e+01
9.384333333333333371e+01
9.470999999999999375e+01
9.384333333333333371e+01
9.470999999999999375e+01
