2.666166666666666174e+01
3.307333333333333769e+01
4.042333333333333201e+01
4.856166666666666742e+01
5.704333333333333655e+01
6.493000000000000682e+01
7.169666666666665833e+01
7.719166666666666288e+01
8.132500000000000284e+01
8.421666666666666856e+01
8.604166666666667140e+01
8.704500000000000171e+01
8.765833333333333144e+01
8.811666666666667425e+01
8.852333333333334053e+01
8.889666666666666117e+01
8.926333333333333542e+01
8.973166666666666913e+01
9.017666666666666231e+01
9.052833333333333599e+01
9.095166666666666799e+01
9.133666666666667311e+01
9.170166666666666799e+01
9.200000000000000000e+01
9.233333333333332860e+01
9.264166666666666572e+01
9.293333333333333712e+01
9.322666666666665947e+01
9.353666666666666174e+01
9.370333333333333314e+01
9.396666666666666856e+01
9.417000000000000171e+01
9.437999999999999545e+01
9.453666666666666174e+01
9.476666666666666572e+01
9.488833333333333542e+01
9.511833333333333940e+01
9.516166666666666174e+01
9.537500000000000000e+01
9.540333333333333599e+01
9.561499999999999488e+01
9.560500000000000398e+01
9.583166666666666345e+01
9.580833333333333712e+01
9.604999999999999716e+01
9.600166666666666515e+01
9.624666666666666970e+01
9.616666666666667140e+01
9.639166666666666572e+01
9.627500000000000568e+01
9.653333333333333144e+01
9.640999999999999659e+01
9.665833333333333144e+01
9.652500000000000568e+01
9.676000000000000512e+01
9.660666666666666913e+01
9.686499999999999488e+01
9.669833333333333769e+01
9.695499999999999829e+01
9.678499999999999659e+01
9.705166666666666231e+01
9.686666666666666003e+01
9.713666666666667027e+01
9.694499999999999318e+01
9.720499999999999829e+01
9.701166666666667027e+01
9.727500000000000568e+01
9.708166666666666345e+01
9.734833333333332916e+01
9.711833333333333940e+01
9.739166666666666572e+01
9.717333333333333201e+01
9.745333333333333314e+01
9.720666666666666345e+01
9.750499999999999545e+01
9.726666666666666572e+01
9.755500000000000682e+01
9.729333333333333655e+01
9.757500000000000284e+01
9.732833333333333314e+01
9.759833333333332916e+01
9.734999999999999432e+01
9.761499999999999488e+01
9.743333333333333712e+01
9.766666666666667140e+01
9.742499999999999716e+01
9.768000000000000682e+01
9.745999999999999375e+01
9.770333333333333314e+01
9.746833333333333371e+01
9.772166666666666401e+01
9.748166666666666913e+01
9.773166666666666913e+01
9.751333333333333542e+01
9.774666666666666970e+01
9.751000000000000512e+01
9.776166666666667027e+01
9.755666666666667197e+01
9.778499999999999659e+01
9.754166666666667140e+01
