7.263833333333333542e+01
8.782333333333333769e+01
8.981833333333332803e+01
9.003666666666666174e+01
9.009333333333333371e+01
9.010833333333333428e+01
9.011833333333333940e+01
9.012666666666666515e+01
9.012500000000000000e+01
9.012500000000000000e+01
9.012666666666666515e+01
9.012666666666666515e+01
9.012666666666666515e+01
9.012833333333333030e+01
9.012833333333333030e+01
9.012833333333333030e+01
9.012999999999999545e+01
9.013333333333332575e+01
9.013666666666667027e+01
9.013666666666667027e+01
9.013833333333333542e+01
9.013833333333333542e+01
9.013833333333333542e+01
9.013666666666667027e+01
9.013666666666667027e+01
9.013666666666667027e+01
9.013666666666667027e+01
9.013666666666667027e+01
9.013833333333333542e+01
9.013833333333333542e+01
9.013833333333333542e+01
9.013833333333333542e+01
9.013833333333333542e+01
9.013833333333333542e+01
9.013833333333333542e+01
9.013833333333333542e+01
9.013833333333333542e+01
9.013833333333333542e+01
9.013833333333333542e+01
9.013833333333333542e+01
9.013833333333333542e+01
9.013833333333333542e+01
9.013833333333333542e+01
9.013833333333333542e+01
9.013833333333333542e+01
9.014000000000000057e+01
9.014000000000000057e+01
9.014000000000000057e+01
9.014000000000000057e+01
9.013833333333333542e+01
9.013833333333333542e+01
9.013833333333333542e+01
9.013833333333333542e+01
9.013833333333333542e+01
9.013833333333333542e+01
9.013833333333333542e+01
9.013833333333333542e+01
9.013833333333333542e+01
9.013833333333333542e+01
9.013833333333333542e+01
9.013833333333333542e+01
9.013833333333333542e+01
9.013833333333333542e+01
9.013833333333333542e+01
9.013833333333333542e+01
9.013833333333333542e+01
9.013833333333333542e+01
9.013833333333333542e+01
9.013833333333333542e+01
9.013833333333333542e+01
9.013833333333333542e+01
9.013833333333333542e+01
9.013833333333333542e+01
9.013833333333333542e+01
9.013833333333333542e+01
9.013833333333333542e+01
9.013833333333333542e+01
9.013833333333333542e+01
9.013833333333333542e+01
9.013833333333333542e+01
9.013833333333333542e+01
9.013833333333333542e+01
9.013833333333333542e+01
9.013833333333333542e+01
9.013833333333333542e+01
9.013833333333333542e+01
9.013833333333333542e+01
9.013833333333333542e+01
9.013833333333333542e+01
9.013833333333333542e+01
9.013666666666667027e+01
9.013666666666667027e+01
9.013666666666667027e+01
9.013666666666667027e+01
9.013666666666667027e+01
9.013666666666667027e+01
9.013666666666667027e+01
9.013666666666667027e+01
9.013666666666667027e+01
9.013666666666667027e+01
