1.021833333333333371e+01
1.021833333333333371e+01
1.026333333333333542e+01
1.036833333333333940e+01
1.049166666666666003e+01
1.062333333333333485e+01
1.077333333333334053e+01
1.089666666666666117e+01
1.099500000000000455e+01
1.109666666666666401e+01
1.119833333333333769e+01
1.128166666666666629e+01
1.135166666666667368e+01
1.141499999999999204e+01
1.145166666666666799e+01
1.150166666666666515e+01
1.156333333333333258e+01
1.160500000000000398e+01
1.165166666666667084e+01
1.168833333333333258e+01
1.172333333333332916e+01
1.174833333333333485e+01
1.177500000000000568e+01
1.180499999999999261e+01
1.182833333333333314e+01
1.185833333333333428e+01
1.188333333333333997e+01
1.189666666666666117e+01
1.191833333333333655e+01
1.192499999999999716e+01
1.195000000000000284e+01
1.196500000000000341e+01
1.198000000000000398e+01
1.198833333333332973e+01
1.199833333333333485e+01
1.201166666666667027e+01
1.202666666666665662e+01
1.203833333333332689e+01
1.205166666666667652e+01
1.206499999999999773e+01
1.207166666666667254e+01
1.208166666666666345e+01
1.209166666666666856e+01
1.209833333333332916e+01
1.210833333333333428e+01
1.211333333333332973e+01
1.212000000000000455e+01
1.212999999999999545e+01
1.664166666666666572e+01
5.951666666666666572e+01
8.978166666666666629e+01
8.978166666666666629e+01
8.978166666666666629e+01
8.970166666666666799e+01
8.840333333333333599e+01
8.427166666666666117e+01
7.945333333333333314e+01
7.537666666666666515e+01
7.120666666666666345e+01
6.684000000000000341e+01
6.269666666666666544e+01
5.862999999999999545e+01
5.486166666666666458e+01
5.141833333333332945e+01
4.840999999999999659e+01
4.560166666666665947e+01
4.303000000000000114e+01
4.082333333333333059e+01
3.873333333333333428e+01
3.689666666666666828e+01
3.531833333333332803e+01
3.390999999999999659e+01
3.256333333333333258e+01
3.142333333333333201e+01
3.033166666666666345e+01
2.928333333333333144e+01
2.829999999999999716e+01
2.748166666666666913e+01
2.672666666666665947e+01
2.602166666666666117e+01
2.535833333333333428e+01
2.471999999999999886e+01
2.418500000000000227e+01
2.376333333333333542e+01
2.330833333333333712e+01
2.288166666666666060e+01
2.248000000000000398e+01
2.209999999999999432e+01
2.319166666666666288e+01
2.861166666666666458e+01
4.185833333333333428e+01
8.451166666666667027e+01
8.976500000000000057e+01
8.978166666666666629e+01
8.978166666666666629e+01
8.978166666666666629e+01
8.976166666666667027e+01
8.956999999999999318e+01
8.858666666666667311e+01
8.655500000000000682e+01
8.386833333333333940e+01
8.119833333333333769e+01
7.837666666666666515e+01
7.562666666666666515e+01
7.283333333333332860e+01
6.971833333333333371e+01
6.676500000000000057e+01
6.378333333333333144e+01
6.079166666666666430e+01
5.811833333333333229e+01
5.542000000000000171e+01
5.296833333333333371e+01
5.066166666666666885e+01
4.859000000000000341e+01
4.659499999999999886e+01
4.472666666666667368e+01
4.298833333333332973e+01
4.137333333333332774e+01
3.989666666666666828e+01
3.855333333333332746e+01
3.725500000000000256e+01
3.609333333333333371e+01
3.503500000000001080e+01
3.403000000000000114e+01
3.359999999999999432e+01
3.510333333333332462e+01
3.955999999999999517e+01
5.900500000000000256e+01
8.046000000000000796e+01
7.911499999999999488e+01
8.351666666666666572e+01
8.835833333333333428e+01
8.926999999999999602e+01
8.942666666666666231e+01
8.925666666666666060e+01
8.978000000000000114e+01
8.975833333333332575e+01
8.959333333333333371e+01
8.895666666666666345e+01
8.776500000000000057e+01
8.607833333333333314e+01
8.420666666666666345e+01
8.218000000000000682e+01
7.992666666666666231e+01
7.765500000000000114e+01
7.505833333333333712e+01
7.245000000000000284e+01
6.972666666666665947e+01
6.702000000000001023e+01
6.446500000000000341e+01
6.198333333333333428e+01
5.953666666666666885e+01
5.702666666666666373e+01
5.483833333333333115e+01
5.268166666666666487e+01
5.063500000000000512e+01
4.882499999999999574e+01
4.709333333333333371e+01
4.566499999999999915e+01
4.578333333333333144e+01
4.751166666666666316e+01
5.746499999999999631e+01
7.153999999999999204e+01
7.649666666666666970e+01
7.975000000000000000e+01
8.301333333333333542e+01
8.550000000000000000e+01
8.371166666666667311e+01
8.676500000000000057e+01
8.856333333333333258e+01
8.836666666666667425e+01
8.869166666666666288e+01
8.756499999999999773e+01
8.637166666666666970e+01
8.504333333333333655e+01
8.448666666666666458e+01
8.306333333333333258e+01
8.173333333333333428e+01
8.240666666666666629e+01
8.097499999999999432e+01
8.770833333333332860e+01
8.671500000000000341e+01
8.509333333333333371e+01
8.323999999999999488e+01
8.192499999999999716e+01
7.979500000000000171e+01
7.743166666666667197e+01
7.503833333333332689e+01
7.245166666666666799e+01
7.003499999999999659e+01
6.777166666666667538e+01
6.757999999999999829e+01
6.828666666666666174e+01
7.147333333333332916e+01
7.227333333333334053e+01
7.498166666666666913e+01
8.118666666666666742e+01
8.011833333333333940e+01
8.078833333333332689e+01
8.680666666666667197e+01
8.620666666666666345e+01
8.582500000000000284e+01
8.745666666666666345e+01
8.664333333333333087e+01
8.543500000000000227e+01
8.331333333333333258e+01
8.154833333333333201e+01
8.220333333333333314e+01
8.419833333333333769e+01
8.234666666666666401e+01
8.087500000000000000e+01
7.961499999999999488e+01
8.334999999999999432e+01
8.195166666666666799e+01
8.425666666666666060e+01
8.269833333333332348e+01
8.117333333333333201e+01
8.151999999999999602e+01
8.040833333333333144e+01
8.033166666666666345e+01
7.838333333333332575e+01
7.647666666666665947e+01
7.471166666666667311e+01
7.488500000000000512e+01
7.443333333333333712e+01
7.657833333333333314e+01
7.960166666666665947e+01
7.979333333333333655e+01
8.374833333333333485e+01
8.406833333333332803e+01
8.904666666666666686e+01
8.867166666666666686e+01
8.798499999999999943e+01
8.717666666666666231e+01
8.640333333333333599e+01
8.565166666666667084e+01
8.876666666666666572e+01
8.821666666666666856e+01
8.695333333333333314e+01
8.574833333333333485e+01
8.527500000000000568e+01
8.481499999999999773e+01
8.359666666666666401e+01
8.293999999999999773e+01
8.348166666666666913e+01
8.151833333333333087e+01
8.134833333333332916e+01
7.950833333333332575e+01
7.826166666666667027e+01
7.649833333333333485e+01
7.433500000000000796e+01
7.297499999999999432e+01
7.165166666666667084e+01
7.476999999999999602e+01
7.566499999999999204e+01
7.687666666666666515e+01
7.811833333333333940e+01
8.310333333333333883e+01
8.403666666666666174e+01
8.417499999999999716e+01
8.542166666666666686e+01
8.650333333333333030e+01
8.736833333333333940e+01
8.597333333333332916e+01
8.556000000000000227e+01
8.515666666666666629e+01
8.479999999999999716e+01
8.272166666666666401e+01
8.151833333333333087e+01
8.051833333333333087e+01
7.931833333333332803e+01
7.899833333333333485e+01
8.368999999999999773e+01
8.431499999999999773e+01
8.329833333333333201e+01
8.362999999999999545e+01
8.278333333333333144e+01
8.223833333333332973e+01
8.476166666666667027e+01
8.328499999999999659e+01
8.648833333333332973e+01
8.668500000000000227e+01
8.557666666666666799e+01
8.468833333333333258e+01
8.645166666666666799e+01
8.603499999999999659e+01
8.594166666666666288e+01
8.664666666666666117e+01
8.580500000000000682e+01
8.556999999999999318e+01
8.367000000000000171e+01
8.637000000000000455e+01
8.463166666666666060e+01
8.394333333333332803e+01
8.227166666666667538e+01
8.284000000000000341e+01
8.094499999999999318e+01
8.016666666666667140e+01
8.052333333333334053e+01
8.019166666666666288e+01
8.011333333333332973e+01
8.020499999999999829e+01
8.096500000000000341e+01
7.981499999999999773e+01
8.065666666666666629e+01
7.988833333333333542e+01
7.958166666666666345e+01
8.065500000000000114e+01
8.151166666666667027e+01
8.079166666666667140e+01
8.378999999999999204e+01
8.695166666666666799e+01
8.603166666666666629e+01
8.574666666666666970e+01
8.484999999999999432e+01
8.390500000000000114e+01
8.420999999999999375e+01
8.284499999999999886e+01
8.267000000000000171e+01
8.268500000000000227e+01
8.284000000000000341e+01
8.222499999999999432e+01
8.285999999999999943e+01
8.147833333333332462e+01
8.215166666666667084e+01
8.264333333333333087e+01
8.135999999999999943e+01
8.327166666666666117e+01
8.604999999999999716e+01
8.493000000000000682e+01
8.749666666666666970e+01
8.703499999999999659e+01
8.662333333333333485e+01
8.523000000000000398e+01
8.445833333333332860e+01
8.482999999999999829e+01
8.396666666666666856e+01
8.386666666666667425e+01
8.265666666666666629e+01
8.317499999999999716e+01
8.415666666666666629e+01
8.470833333333332860e+01
8.403833333333332689e+01
8.353000000000000114e+01
8.322833333333333883e+01
8.351333333333333542e+01
8.428333333333333144e+01
8.376666666666666572e+01
8.329500000000000171e+01
8.295166666666666799e+01
8.323000000000000398e+01
8.314333333333333087e+01
8.268500000000000227e+01
8.241833333333333655e+01
8.189333333333333087e+01
8.041833333333333655e+01
8.004333333333333655e+01
7.971999999999999886e+01
8.290500000000000114e+01
8.296333333333333826e+01
8.292166666666666686e+01
8.481499999999999773e+01
8.309499999999999886e+01
8.307833333333333314e+01
8.231833333333332803e+01
8.232999999999999829e+01
8.334833333333332916e+01
8.305833333333333712e+01
8.389833333333334053e+01
8.266166666666666174e+01
8.301333333333333542e+01
8.242333333333333201e+01
8.217333333333333201e+01
8.265333333333333599e+01
8.270666666666666345e+01
8.440500000000000114e+01
8.340999999999999659e+01
8.323666666666666458e+01
8.523333333333333428e+01
8.426666666666666572e+01
8.729000000000000625e+01
8.732500000000000284e+01
8.641166666666666174e+01
8.568166666666667197e+01
8.544166666666666288e+01
8.448333333333333428e+01
8.366833333333333655e+01
8.424666666666666970e+01
8.400000000000000000e+01
8.345166666666666799e+01
8.331666666666666288e+01
8.373333333333333428e+01
8.284999999999999432e+01
8.146666666666666856e+01
8.123166666666666913e+01
8.162000000000000455e+01
8.267333333333333201e+01
8.216833333333333655e+01
8.130833333333333712e+01
8.068833333333333258e+01
8.177500000000000568e+01
8.281833333333332803e+01
8.245166666666666799e+01
8.343333333333333712e+01
8.298000000000000398e+01
8.244666666666665833e+01
8.201999999999999602e+01
8.330833333333333712e+01
8.381000000000000227e+01
8.431499999999999773e+01
8.480166666666666231e+01
8.647166666666666401e+01
8.487666666666666515e+01
8.404666666666666686e+01
8.377333333333334053e+01
8.368666666666666742e+01
8.256000000000000227e+01
8.167333333333333201e+01
8.077833333333333599e+01
7.923000000000000398e+01
8.060999999999999943e+01
7.998666666666666458e+01
8.073000000000000398e+01
7.991666666666667140e+01
8.085166666666665947e+01
8.262333333333333485e+01
8.163666666666667027e+01
8.104999999999999716e+01
8.411499999999999488e+01
8.311333333333332973e+01
8.685500000000000398e+01
8.712999999999999545e+01
8.702833333333333599e+01
8.637666666666666515e+01
8.679500000000000171e+01
8.635500000000000398e+01
8.630500000000000682e+01
8.539166666666666572e+01
8.377166666666667538e+01
8.364666666666666117e+01
8.208333333333332860e+01
8.186499999999999488e+01
8.196333333333333826e+01
8.234000000000000341e+01
8.114000000000000057e+01
8.097833333333332462e+01
8.108166666666666345e+01
8.063333333333332575e+01
8.076999999999999602e+01
8.047499999999999432e+01
8.208500000000000796e+01
8.187500000000000000e+01
8.209999999999999432e+01
8.300833333333332575e+01
8.331833333333332803e+01
8.281666666666666288e+01
8.239499999999999602e+01
8.218166666666667197e+01
8.309499999999999886e+01
8.384666666666666401e+01
8.405833333333333712e+01
8.532166666666667254e+01
8.502500000000000568e+01
8.441500000000000625e+01
8.388833333333333542e+01
8.395000000000000284e+01
8.406833333333332803e+01
8.326000000000000512e+01
8.340666666666666629e+01
8.228999999999999204e+01
8.146833333333333371e+01
8.090333333333333599e+01
8.041833333333333655e+01
8.024000000000000909e+01
8.046833333333333371e+01
8.126333333333333542e+01
7.977333333333334053e+01
7.943333333333333712e+01
8.378833333333332689e+01
8.447333333333332916e+01
8.769333333333332803e+01
8.699166666666667425e+01
8.603166666666666629e+01
8.487999999999999545e+01
8.476999999999999602e+01
8.443333333333333712e+01
8.450000000000000000e+01
8.436333333333332973e+01
8.370499999999999829e+01
8.278666666666666174e+01
8.248166666666666913e+01
8.290166666666667084e+01
8.276999999999999602e+01
8.203499999999999659e+01
8.100666666666666060e+01
8.187666666666666515e+01
8.138166666666666060e+01
8.181333333333333258e+01
8.133833333333333826e+01
8.229666666666666686e+01
8.255500000000000682e+01
8.185333333333332462e+01
8.231833333333332803e+01
8.243500000000000227e+01
8.270499999999999829e+01
8.267000000000000171e+01
8.271999999999999886e+01
8.262999999999999545e+01
8.320000000000000284e+01
8.409000000000000341e+01
8.454166666666667140e+01
8.559666666666666401e+01
8.454000000000000625e+01
8.315666666666666629e+01
8.336333333333332973e+01
8.298999999999999488e+01
8.401999999999999602e+01
8.346333333333333826e+01
8.234499999999999886e+01
8.177166666666667538e+01
8.180666666666667197e+01
8.130333333333334167e+01
8.093666666666666742e+01
8.060500000000000398e+01
8.054666666666666686e+01
8.264000000000000057e+01
8.094666666666665833e+01
8.114666666666667538e+01
8.381000000000000227e+01
8.231166666666666742e+01
8.578499999999999659e+01
8.571333333333333826e+01
8.496833333333333371e+01
8.409166666666666856e+01
8.467166666666666686e+01
8.399000000000000909e+01
8.393333333333333712e+01
8.430666666666667197e+01
8.552833333333333599e+01
8.430166666666666231e+01
8.488833333333333542e+01
8.418500000000000227e+01
8.412166666666666970e+01
8.290333333333333599e+01
8.127333333333334053e+01
8.180333333333334167e+01
8.121333333333333826e+01
8.120333333333333314e+01
8.149500000000000455e+01
8.089000000000000057e+01
8.284333333333333371e+01
8.353000000000000114e+01
8.333500000000000796e+01
8.277500000000000568e+01
8.249333333333333940e+01
8.194666666666667254e+01
8.242166666666666686e+01
8.190000000000000568e+01
8.198000000000000398e+01
8.296166666666667311e+01
8.315666666666666629e+01
8.509499999999999886e+01
8.411333333333332973e+01
8.370833333333334281e+01
8.355500000000000682e+01
8.291166666666666174e+01
8.318666666666666742e+01
8.269333333333332803e+01
8.162500000000000000e+01
8.072333333333332916e+01
8.146833333333333371e+01
8.071833333333333371e+01
8.029999999999999716e+01
7.945499999999999829e+01
7.995833333333334281e+01
8.150999999999999091e+01
8.058833333333333826e+01
8.057166666666665833e+01
8.386833333333333940e+01
8.319833333333333769e+01
8.754166666666667140e+01
8.767499999999999716e+01
8.706666666666666288e+01
8.663500000000000512e+01
8.557833333333333314e+01
8.436666666666667425e+01
8.521333333333333826e+01
8.422333333333332916e+01
8.219499999999999318e+01
8.178166666666666629e+01
8.269333333333332803e+01
8.259333333333333371e+01
8.190500000000000114e+01
8.210166666666665947e+01
8.171666666666666856e+01
8.325000000000000000e+01
8.305666666666667197e+01
8.160500000000000398e+01
8.191833333333333655e+01
8.191499999999999204e+01
8.171500000000000341e+01
8.252666666666667084e+01
8.329333333333333655e+01
8.272666666666665947e+01
8.199333333333333940e+01
8.102500000000000568e+01
8.107166666666665833e+01
8.108666666666667311e+01
8.199833333333333485e+01
8.253666666666666174e+01
8.203499999999999659e+01
8.555333333333334167e+01
8.554999999999999716e+01
8.563833333333333542e+01
8.471166666666667311e+01
8.437166666666666970e+01
8.337166666666666970e+01
8.139499999999999602e+01
8.137833333333333030e+01
8.136666666666667425e+01
8.119333333333332803e+01
8.146000000000000796e+01
8.200499999999999545e+01
8.090000000000000568e+01
8.037333333333333485e+01
8.078999999999999204e+01
7.906000000000000227e+01
7.895166666666666799e+01
8.207333333333333769e+01
8.289833333333334053e+01
8.653499999999999659e+01
8.548666666666666458e+01
8.501833333333333087e+01
8.379666666666666686e+01
8.369166666666666288e+01
8.337500000000000000e+01
8.390999999999999659e+01
8.440333333333333599e+01
8.338500000000000512e+01
8.267666666666667652e+01
8.321833333333333371e+01
8.270499999999999829e+01
8.400000000000000000e+01
8.450166666666666515e+01
8.391833333333333655e+01
8.448333333333333428e+01
8.512999999999999545e+01
8.387500000000000000e+01
8.327166666666666117e+01
8.369166666666666288e+01
8.443166666666667197e+01
8.303499999999999659e+01
8.324166666666667425e+01
8.201999999999999602e+01
8.198833333333332973e+01
8.042000000000000171e+01
8.006499999999999773e+01
8.004833333333333201e+01
8.033666666666667311e+01
8.099166666666667425e+01
8.058166666666666345e+01
8.332666666666666799e+01
8.262666666666666515e+01
8.227666666666667084e+01
8.178499999999999659e+01
8.229500000000000171e+01
8.225666666666666060e+01
8.148000000000000398e+01
8.033833333333333826e+01
7.991666666666667140e+01
7.979833333333333201e+01
7.987833333333333030e+01
8.001500000000000057e+01
7.928333333333333144e+01
7.963666666666667027e+01
8.137166666666666970e+01
8.291166666666666174e+01
8.336166666666666458e+01
8.603166666666666629e+01
8.481499999999999773e+01
8.811833333333333940e+01
8.748000000000000398e+01
8.709833333333332916e+01
8.582166666666665833e+01
8.487833333333333030e+01
8.331666666666666288e+01
8.442666666666666231e+01
8.456833333333332803e+01
8.292000000000000171e+01
8.370000000000000284e+01
8.255333333333334167e+01
8.250333333333333030e+01
8.162333333333333485e+01
8.061333333333332973e+01
8.129166666666667140e+01
8.162000000000000455e+01
8.026833333333333087e+01
8.022833333333332462e+01
7.945499999999999829e+01
8.120333333333333314e+01
8.130333333333334167e+01
8.128499999999999659e+01
8.217000000000000171e+01
8.108333333333332860e+01
8.092666666666666231e+01
8.043833333333333258e+01
8.203999999999999204e+01
8.135166666666665947e+01
8.295499999999999829e+01
8.472333333333332916e+01
8.454166666666667140e+01
8.673666666666666458e+01
8.565666666666666629e+01
8.523666666666666458e+01
8.430500000000000682e+01
8.460500000000000398e+01
8.417000000000000171e+01
8.243333333333333712e+01
8.101166666666667027e+01
7.972166666666666401e+01
7.840666666666666629e+01
7.801833333333333087e+01
7.695333333333333314e+01
7.573166666666666913e+01
7.598833333333332973e+01
7.807333333333333769e+01
7.599333333333333940e+01
7.528000000000000114e+01
8.083666666666667311e+01
8.049166666666667425e+01
8.541333333333332689e+01
8.597499999999999432e+01
8.641833333333333655e+01
8.575166666666666515e+01
8.624666666666666970e+01
8.537833333333333030e+01
8.513500000000000512e+01
8.420166666666666799e+01
8.399666666666666970e+01
8.432666666666666799e+01
8.468000000000000682e+01
8.417000000000000171e+01
8.386166666666666458e+01
8.452500000000000568e+01
8.418166666666667197e+01
8.313500000000000512e+01
8.340166666666667084e+01
8.265500000000000114e+01
8.355166666666666231e+01
8.367499999999999716e+01
8.306833333333332803e+01
8.365333333333333599e+01
8.295333333333333314e+01
8.135166666666665947e+01
7.984166666666666856e+01
7.856666666666666288e+01
7.843999999999999773e+01
7.762000000000000455e+01
7.775166666666666515e+01
8.240166666666667084e+01
8.163499999999999091e+01
8.496833333333333371e+01
8.502166666666667538e+01
8.509166666666666856e+01
8.492666666666666231e+01
8.382500000000000284e+01
8.337166666666666970e+01
8.125333333333333030e+01
8.147833333333332462e+01
8.063833333333333542e+01
8.104666666666666686e+01
8.003499999999999659e+01
8.024500000000000455e+01
7.958666666666667311e+01
7.995000000000000284e+01
8.102500000000000568e+01
8.017833333333332746e+01
8.014833333333334053e+01
8.412999999999999545e+01
8.255500000000000682e+01
8.657666666666666799e+01
8.534833333333332916e+01
8.504833333333333201e+01
8.517166666666666686e+01
8.592833333333334167e+01
8.584999999999999432e+01
8.484666666666666401e+01
8.473999999999999488e+01
8.416833333333333655e+01
8.398000000000000398e+01
8.495999999999999375e+01
8.395333333333333314e+01
8.322166666666666401e+01
8.365666666666666629e+01
8.386833333333333940e+01
8.412166666666666970e+01
8.419333333333332803e+01
8.334666666666666401e+01
8.420666666666666345e+01
8.332833333333333314e+01
8.304833333333333201e+01
8.176833333333333087e+01
8.248833333333332973e+01
8.268333333333333712e+01
8.275499999999999545e+01
8.149666666666666970e+01
8.115999999999999659e+01
8.068500000000000227e+01
8.128833333333332689e+01
8.272833333333333883e+01
8.203333333333333144e+01
8.387333333333333485e+01
8.352666666666667084e+01
8.286333333333332973e+01
8.208333333333332860e+01
8.220166666666666799e+01
8.206333333333333258e+01
8.124166666666667425e+01
8.136666666666667425e+01
8.154666666666666686e+01
8.035833333333333428e+01
8.093333333333333712e+01
8.095833333333332860e+01
8.056833333333332803e+01
8.189000000000000057e+01
8.237000000000000455e+01
8.144166666666666288e+01
8.136666666666667425e+01
8.473666666666666458e+01
8.349500000000000455e+01
8.742166666666666686e+01
8.704000000000000625e+01
8.592499999999999716e+01
8.550333333333333030e+01
8.561166666666666458e+01
8.549833333333333485e+01
8.437500000000000000e+01
8.390999999999999659e+01
8.343166666666667197e+01
8.355833333333333712e+01
8.292666666666667652e+01
8.142833333333334167e+01
8.145666666666666345e+01
8.147666666666665947e+01
8.307999999999999829e+01
8.203166666666666629e+01
8.220000000000000284e+01
8.303666666666666174e+01
8.308333333333334281e+01
8.334499999999999886e+01
8.352666666666667084e+01
8.397499999999999432e+01
8.303499999999999659e+01
8.218166666666667197e+01
8.097499999999999432e+01
8.149666666666666970e+01
8.051000000000000512e+01
8.001833333333333087e+01
8.176500000000000057e+01
8.310833333333333428e+01
8.273499999999999943e+01
8.524500000000000455e+01
8.405166666666666231e+01
8.372666666666665947e+01
8.268666666666666742e+01
8.246833333333333371e+01
8.221000000000000796e+01
8.139333333333333087e+01
8.010999999999999943e+01
7.985166666666665947e+01
7.991166666666666174e+01
7.920000000000000284e+01
8.071500000000000341e+01
8.124166666666667425e+01
8.136166666666666458e+01
8.254999999999999716e+01
8.261166666666666458e+01
8.344166666666666288e+01
8.529999999999999716e+01
8.415500000000000114e+01
8.746500000000000341e+01
8.679166666666667140e+01
8.592333333333333201e+01
8.562833333333333030e+01
8.468999999999999773e+01
8.396500000000000341e+01
8.316166666666666174e+01
8.189333333333333087e+01
8.229333333333333655e+01
8.190333333333333599e+01
8.187500000000000000e+01
8.052666666666667084e+01
7.937500000000000000e+01
7.995000000000000284e+01
7.930833333333333712e+01
7.931999999999999318e+01
8.121166666666667311e+01
8.217000000000000171e+01
8.317666666666666231e+01
8.394666666666665833e+01
8.375166666666666515e+01
8.354999999999999716e+01
8.277333333333334053e+01
8.232500000000000284e+01
8.301000000000000512e+01
8.257500000000000284e+01
8.265833333333333144e+01
8.263500000000000512e+01
8.334333333333333371e+01
8.439833333333334053e+01
8.451000000000000512e+01
8.539666666666667538e+01
8.399833333333333485e+01
8.378833333333332689e+01
8.349000000000000909e+01
8.315000000000000568e+01
8.284999999999999432e+01
8.171166666666667311e+01
8.080166666666666231e+01
7.955333333333334167e+01
7.949333333333333940e+01
7.867000000000000171e+01
7.782666666666666799e+01
7.673166666666666913e+01
7.786166666666666458e+01
7.868333333333333712e+01
7.844499999999999318e+01
7.815500000000000114e+01
8.267000000000000171e+01
8.137833333333333030e+01
8.547166666666666401e+01
8.507833333333333314e+01
8.579500000000000171e+01
8.522833333333333883e+01
8.475499999999999545e+01
8.503833333333332689e+01
8.542166666666666686e+01
8.488833333333333542e+01
8.475666666666666060e+01
8.384499999999999886e+01
8.424666666666666970e+01
8.455166666666666231e+01
8.478499999999999659e+01
8.529666666666666686e+01
8.489166666666666572e+01
8.370499999999999829e+01
8.279166666666667140e+01
8.190999999999999659e+01
8.276833333333333087e+01
8.253499999999999659e+01
8.166499999999999204e+01
8.156666666666666288e+01
8.003999999999999204e+01
7.825999999999999091e+01
7.778499999999999659e+01
7.746500000000000341e+01
7.864666666666667538e+01
7.943999999999999773e+01
7.990500000000000114e+01
8.234166666666666856e+01
8.137333333333333485e+01
8.406000000000000227e+01
8.405333333333332746e+01
8.309499999999999886e+01
8.272833333333333883e+01
8.318333333333333712e+01
8.353999999999999204e+01
8.255833333333333712e+01
8.129666666666666686e+01
7.964333333333333087e+01
8.180833333333333712e+01
8.221333333333333826e+01
8.142833333333334167e+01
8.074500000000000455e+01
8.166166666666666174e+01
8.316666666666667140e+01
8.203166666666666629e+01
8.234999999999999432e+01
8.454000000000000625e+01
8.266499999999999204e+01
8.680833333333333712e+01
8.612666666666666515e+01
8.548333333333333428e+01
8.465333333333333599e+01
8.453333333333333144e+01
8.476500000000000057e+01
8.432999999999999829e+01
8.438499999999999091e+01
8.393500000000000227e+01
8.429500000000000171e+01
8.393833333333333258e+01
8.308833333333333826e+01
8.237000000000000455e+01
8.331499999999999773e+01
8.369166666666666288e+01
8.254999999999999716e+01
8.157166666666667254e+01
8.119333333333332803e+01
8.211166666666666458e+01
8.285999999999999943e+01
