1.021833333333333371e+01
1.023166666666665492e+01
1.069833333333333769e+01
1.199500000000000455e+01
1.330500000000000682e+01
1.442833333333332746e+01
1.528833333333334110e+01
1.591500000000000625e+01
1.629666666666666686e+01
1.653999999999999204e+01
1.666499999999999204e+01
1.668333333333332291e+01
1.660000000000000853e+01
1.643999999999999773e+01
1.623666666666666458e+01
1.600833333333333997e+01
1.573333333333333428e+01
1.541833333333333655e+01
1.505166666666666231e+01
1.466499999999999204e+01
1.431166666666666742e+01
1.392000000000000171e+01
1.351666666666666572e+01
1.315500000000000114e+01
1.275333333333334451e+01
1.239833333333334053e+01
1.206333333333333258e+01
1.166833333333333655e+01
1.134333333333333371e+01
1.104000000000000625e+01
1.080499999999999261e+01
1.058666666666667311e+01
1.174333333333332519e+01
1.888333333333332575e+01
3.426833333333333087e+01
7.456666666666666288e+01
8.978166666666666629e+01
8.978166666666666629e+01
8.957833333333333314e+01
8.432333333333333769e+01
7.712666666666666515e+01
7.173166666666666913e+01
6.574666666666666970e+01
5.954833333333333201e+01
5.368833333333333258e+01
4.833166666666666345e+01
4.324666666666666970e+01
3.875666666666666060e+01
3.475166666666666515e+01
3.107666666666666799e+01
2.770833333333332860e+01
2.477666666666667084e+01
2.220333333333333314e+01
1.989333333333333087e+01
1.780833333333333712e+01
1.674833333333333485e+01
1.672166666666666401e+01
1.565999999999999659e+01
2.059333333333333371e+01
4.674333333333333940e+01
8.153666666666666174e+01
8.893000000000000682e+01
8.978166666666666629e+01
8.973333333333333428e+01
8.890833333333333144e+01
8.693999999999999773e+01
8.300833333333332575e+01
7.988833333333333542e+01
7.536666666666667425e+01
6.979166666666667140e+01
6.362333333333333485e+01
5.725999999999999801e+01
5.100666666666666771e+01
4.502166666666666828e+01
3.937500000000000711e+01
3.422166666666666401e+01
2.946666666666666856e+01
2.509999999999999432e+01
2.221666666666666856e+01
2.378499999999999659e+01
6.470166666666666799e+01
5.930499999999999972e+01
7.138833333333333542e+01
7.194666666666665833e+01
8.955500000000000682e+01
8.800000000000000000e+01
8.408666666666667311e+01
8.417166666666666686e+01
8.243833333333333258e+01
8.837666666666666515e+01
8.802333333333334053e+01
8.741666666666667140e+01
8.453166666666666629e+01
8.048833333333332973e+01
7.512500000000000000e+01
6.850499999999999545e+01
6.445000000000000284e+01
5.700000000000000000e+01
4.906333333333333968e+01
4.501500000000000767e+01
4.813833333333333542e+01
4.233166666666667055e+01
7.670499999999999829e+01
8.287666666666666515e+01
8.727833333333333599e+01
8.581833333333332803e+01
8.162000000000000455e+01
7.650666666666666060e+01
7.359999999999999432e+01
8.006499999999999773e+01
8.917000000000000171e+01
8.719833333333333769e+01
8.323666666666666458e+01
8.068999999999999773e+01
7.697166666666666401e+01
7.184833333333332916e+01
7.495666666666666345e+01
7.293166666666667197e+01
6.607666666666666799e+01
5.820499999999999829e+01
5.814500000000000313e+01
6.173499999999999943e+01
5.828666666666666174e+01
6.937500000000000000e+01
8.468166666666667197e+01
8.299500000000000455e+01
8.467499999999999716e+01
8.332500000000000284e+01
8.771666666666666856e+01
8.441333333333332689e+01
8.751166666666667027e+01
8.492666666666666231e+01
8.389166666666666572e+01
8.296999999999999886e+01
7.916333333333332689e+01
7.532333333333333769e+01
7.010999999999999943e+01
6.862833333333333030e+01
7.858666666666667311e+01
7.265000000000000568e+01
6.716333333333332689e+01
6.765500000000000114e+01
8.673999999999999488e+01
8.733333333333332860e+01
8.686333333333332973e+01
8.389833333333334053e+01
8.796833333333333371e+01
8.446166666666667311e+01
8.371666666666666856e+01
8.273166666666666913e+01
8.051000000000000512e+01
7.659833333333332916e+01
7.255666666666667197e+01
7.797333333333332916e+01
7.780166666666666231e+01
7.754666666666666686e+01
7.398000000000000398e+01
7.107500000000000284e+01
7.314333333333333087e+01
6.858500000000000796e+01
7.098333333333333428e+01
8.465999999999999659e+01
8.265000000000000568e+01
8.448499999999999943e+01
8.527666666666667084e+01
8.425999999999999091e+01
8.810833333333333428e+01
8.806166666666666742e+01
8.589833333333332632e+01
8.492666666666666231e+01
8.159833333333332916e+01
8.215999999999999659e+01
8.596500000000000341e+01
8.343500000000000227e+01
8.259000000000000341e+01
8.477833333333333599e+01
8.198333333333333428e+01
7.819666666666665833e+01
7.492666666666667652e+01
8.112500000000000000e+01
8.793500000000000227e+01
8.707666666666666799e+01
8.607166666666665833e+01
8.441833333333333655e+01
8.133499999999999375e+01
8.121833333333333371e+01
7.696666666666666856e+01
8.106999999999999318e+01
8.238666666666667027e+01
7.791333333333332689e+01
7.866666666666665719e+01
8.198000000000000398e+01
8.172833333333332462e+01
8.388666666666667027e+01
8.115666666666666629e+01
7.843333333333333712e+01
7.811666666666667425e+01
8.149333333333333940e+01
8.457166666666667254e+01
8.389000000000000057e+01
8.800833333333332575e+01
8.776000000000000512e+01
8.631166666666666742e+01
8.481333333333333258e+01
8.855666666666667197e+01
8.898499999999999943e+01
8.694499999999999318e+01
8.624833333333333485e+01
8.371000000000000796e+01
8.218666666666666742e+01
7.889833333333334053e+01
7.724166666666667425e+01
7.799500000000000455e+01
7.324666666666666970e+01
6.912500000000000000e+01
7.057166666666665833e+01
7.831000000000000227e+01
8.027666666666667084e+01
8.304500000000000171e+01
8.786499999999999488e+01
8.476666666666666572e+01
8.263833333333333542e+01
8.254833333333333201e+01
8.522666666666665947e+01
8.421333333333333826e+01
8.700000000000000000e+01
8.500000000000000000e+01
8.301166666666667027e+01
8.317833333333334167e+01
8.647833333333332462e+01
8.313166666666666060e+01
8.562166666666666970e+01
8.279333333333333655e+01
7.935833333333333428e+01
8.106333333333333258e+01
7.805666666666667197e+01
7.610500000000000398e+01
7.821333333333333826e+01
8.677666666666667084e+01
8.791333333333332689e+01
8.608500000000000796e+01
8.229500000000000171e+01
8.109666666666666401e+01
8.769499999999999318e+01
8.458499999999999375e+01
8.578666666666666174e+01
8.521333333333333826e+01
8.400833333333332575e+01
8.121500000000000341e+01
8.017000000000000171e+01
7.860500000000000398e+01
7.514499999999999602e+01
8.029833333333333201e+01
8.700499999999999545e+01
8.461166666666666458e+01
8.096666666666666856e+01
8.493166666666667197e+01
8.449333333333333940e+01
8.581499999999999773e+01
8.531666666666666288e+01
8.599833333333333485e+01
8.425833333333332575e+01
8.568666666666666742e+01
8.513333333333332575e+01
8.471666666666666856e+01
8.219166666666666288e+01
8.409166666666666856e+01
8.137999999999999545e+01
8.290666666666666629e+01
8.013333333333332575e+01
7.972666666666665947e+01
7.940666666666666629e+01
7.820499999999999829e+01
7.988166666666666060e+01
8.573000000000000398e+01
8.658833333333333826e+01
8.427333333333334053e+01
8.523999999999999488e+01
8.539333333333333087e+01
8.494499999999999318e+01
8.629999999999999716e+01
8.390500000000000114e+01
8.801000000000000512e+01
8.702666666666667084e+01
8.372499999999999432e+01
8.525333333333333030e+01
8.408666666666667311e+01
8.210666666666666913e+01
8.075333333333333030e+01
8.475833333333332575e+01
8.167333333333333201e+01
8.194166666666666288e+01
8.350833333333332575e+01
8.442499999999999716e+01
8.385833333333333428e+01
8.387999999999999545e+01
8.659999999999999432e+01
8.456666666666666288e+01
8.531499999999999773e+01
8.548333333333333428e+01
8.376333333333333542e+01
8.376166666666667027e+01
8.031833333333332803e+01
7.875166666666666515e+01
8.365666666666666629e+01
8.336166666666666458e+01
8.163833333333333542e+01
8.259000000000000341e+01
8.449166666666667425e+01
8.332333333333333769e+01
8.387333333333333485e+01
8.641833333333333655e+01
8.677500000000000568e+01
8.638166666666666060e+01
8.710166666666665947e+01
8.522833333333333883e+01
8.593000000000000682e+01
8.353166666666666629e+01
8.401666666666666572e+01
8.696666666666666856e+01
8.478999999999999204e+01
8.275333333333333030e+01
8.210666666666666913e+01
8.462166666666666970e+01
8.295666666666666345e+01
8.413833333333333542e+01
8.539166666666666572e+01
8.325333333333333030e+01
8.197666666666665947e+01
8.401500000000000057e+01
8.515333333333333599e+01
8.528000000000000114e+01
8.420333333333333314e+01
8.477333333333334053e+01
8.382333333333333769e+01
8.285333333333333883e+01
8.509666666666666401e+01
8.340833333333333144e+01
8.533666666666667311e+01
8.467166666666666686e+01
8.236666666666667425e+01
8.417666666666666231e+01
8.365833333333333144e+01
8.101333333333333542e+01
8.289833333333334053e+01
8.462666666666666515e+01
8.334999999999999432e+01
8.287333333333333485e+01
8.660833333333333428e+01
8.739666666666666117e+01
8.573833333333332973e+01
8.618333333333333712e+01
8.460833333333333428e+01
8.378999999999999204e+01
8.311666666666667425e+01
8.167000000000000171e+01
8.541666666666667140e+01
8.389333333333333087e+01
8.589333333333333087e+01
8.242000000000000171e+01
8.476333333333333542e+01
8.404166666666667140e+01
8.418999999999999773e+01
8.572499999999999432e+01
8.271833333333333371e+01
8.379166666666667140e+01
8.280666666666667197e+01
8.335166666666665947e+01
8.717333333333333201e+01
8.488500000000000512e+01
8.337999999999999545e+01
8.476833333333333087e+01
8.284333333333333371e+01
8.563166666666666060e+01
8.319166666666666288e+01
8.321333333333333826e+01
8.344333333333332803e+01
8.124833333333333485e+01
8.188833333333333542e+01
8.370166666666666799e+01
8.139499999999999602e+01
8.315999999999999659e+01
8.498666666666666458e+01
8.331499999999999773e+01
8.275833333333332575e+01
8.593666666666666742e+01
8.756000000000000227e+01
8.570833333333332860e+01
8.406333333333333258e+01
8.262666666666666515e+01
8.176666666666666572e+01
8.222166666666666401e+01
8.178166666666666629e+01
8.481999999999999318e+01
8.646166666666667311e+01
8.348833333333332973e+01
8.056666666666666288e+01
8.349000000000000909e+01
8.298666666666666458e+01
8.278999999999999204e+01
8.841666666666667140e+01
8.672666666666665947e+01
8.464833333333334053e+01
8.473833333333332973e+01
8.564000000000000057e+01
8.449666666666666970e+01
8.241833333333333655e+01
8.302833333333333599e+01
8.298999999999999488e+01
8.217166666666666686e+01
8.418666666666666742e+01
8.485833333333333428e+01
8.359000000000000341e+01
8.035999999999999943e+01
8.045333333333333314e+01
8.276833333333333087e+01
8.208333333333332860e+01
8.268000000000000682e+01
8.296333333333333826e+01
8.399666666666666970e+01
8.325499999999999545e+01
8.368500000000000227e+01
8.687999999999999545e+01
8.614000000000000057e+01
8.429999999999999716e+01
8.448166666666666913e+01
8.684666666666666401e+01
8.714000000000000057e+01
8.412166666666666970e+01
8.471333333333333826e+01
8.471999999999999886e+01
8.482666666666666799e+01
8.465833333333333144e+01
8.491333333333332689e+01
8.299833333333333485e+01
8.347333333333332916e+01
8.407999999999999829e+01
8.545499999999999829e+01
8.521333333333333826e+01
8.629833333333333201e+01
8.402333333333334053e+01
8.330166666666666231e+01
8.347499999999999432e+01
8.429166666666667140e+01
8.511833333333333940e+01
8.403166666666666629e+01
8.307166666666665833e+01
8.534166666666666856e+01
8.590999999999999659e+01
8.359333333333333371e+01
8.576833333333333087e+01
8.243833333333333258e+01
8.115500000000000114e+01
8.153499999999999659e+01
8.145666666666666345e+01
8.142000000000000171e+01
8.289333333333333087e+01
8.220333333333333314e+01
8.291166666666666174e+01
8.602333333333332632e+01
8.576333333333333542e+01
8.421833333333333371e+01
8.057999999999999829e+01
8.534499999999999886e+01
8.521999999999999886e+01
8.636166666666666458e+01
8.303000000000000114e+01
8.546333333333333826e+01
8.484666666666666401e+01
8.629833333333333201e+01
8.381833333333332803e+01
8.413499999999999091e+01
8.127333333333334053e+01
8.237000000000000455e+01
8.622333333333332916e+01
8.512500000000000000e+01
8.597833333333333883e+01
8.516499999999999204e+01
8.453000000000000114e+01
8.343833333333333258e+01
8.468666666666666742e+01
8.309499999999999886e+01
8.414000000000000057e+01
8.515999999999999659e+01
8.564833333333334053e+01
8.526333333333333542e+01
8.253666666666666174e+01
8.267499999999999716e+01
8.155833333333333712e+01
8.277333333333334053e+01
8.335333333333332462e+01
8.265000000000000568e+01
7.978833333333332689e+01
8.101666666666666572e+01
8.008500000000000796e+01
8.348166666666666913e+01
8.535666666666666913e+01
8.536833333333333940e+01
8.437833333333333030e+01
8.545000000000000284e+01
8.632666666666666799e+01
8.607833333333333314e+01
8.436166666666666458e+01
8.186833333333333940e+01
8.448833333333332973e+01
8.709999999999999432e+01
8.617333333333333201e+01
8.333833333333333826e+01
8.296333333333333826e+01
8.240166666666667084e+01
8.137833333333333030e+01
8.497333333333332916e+01
8.320166666666666799e+01
8.106833333333332803e+01
8.628999999999999204e+01
8.720833333333332860e+01
8.513500000000000512e+01
8.451333333333333542e+01
8.416500000000000625e+01
8.394666666666665833e+01
8.246999999999999886e+01
8.354166666666667140e+01
8.421333333333333826e+01
8.374833333333333485e+01
8.251166666666667027e+01
8.052333333333334053e+01
7.940166666666667084e+01
7.929833333333333201e+01
7.885666666666666913e+01
7.869666666666667254e+01
7.990333333333333599e+01
7.812833333333333030e+01
8.014000000000000057e+01
8.668999999999999773e+01
8.832166666666667254e+01
8.796500000000000341e+01
8.559666666666666401e+01
8.454833333333333201e+01
8.688166666666666060e+01
8.562000000000000455e+01
8.666666666666667140e+01
8.524333333333333940e+01
8.457666666666666799e+01
8.402500000000000568e+01
8.117499999999999716e+01
8.082166666666665833e+01
7.723666666666666458e+01
7.500666666666666060e+01
7.535666666666666913e+01
7.438333333333332575e+01
8.301333333333333542e+01
8.735999999999999943e+01
8.670000000000000284e+01
8.473166666666666913e+01
8.493333333333333712e+01
8.403333333333333144e+01
8.380500000000000682e+01
8.468333333333333712e+01
8.742666666666666231e+01
8.461833333333333940e+01
8.394333333333332803e+01
8.307833333333333314e+01
8.059666666666666401e+01
8.075666666666666060e+01
8.026166666666667027e+01
7.860833333333333428e+01
7.353166666666666629e+01
7.509999999999999432e+01
7.204666666666666686e+01
7.719666666666665833e+01
8.594499999999999318e+01
8.720333333333333314e+01
8.594166666666666288e+01
8.520166666666666799e+01
8.725999999999999091e+01
8.591166666666666174e+01
8.588666666666667027e+01
8.393833333333333258e+01
8.552333333333334053e+01
8.309999999999999432e+01
8.338833333333333542e+01
8.125666666666666060e+01
7.925499999999999545e+01
7.935999999999999943e+01
8.327666666666667084e+01
8.587000000000000455e+01
8.540000000000000568e+01
8.379833333333333201e+01
8.592166666666666686e+01
8.687999999999999545e+01
8.677500000000000568e+01
8.668500000000000227e+01
8.798833333333332973e+01
8.578666666666666174e+01
8.429833333333333201e+01
8.631499999999999773e+01
8.385333333333332462e+01
8.285166666666665947e+01
7.829999999999999716e+01
7.522666666666665947e+01
7.468666666666666742e+01
7.225666666666666060e+01
6.952666666666667084e+01
6.467000000000000171e+01
6.972666666666665947e+01
7.067333333333333201e+01
7.782333333333333769e+01
8.640999999999999659e+01
8.621833333333333371e+01
8.752833333333333599e+01
8.481000000000000227e+01
8.823666666666666458e+01
8.761499999999999488e+01
8.607333333333333769e+01
8.515166666666667084e+01
8.648666666666666458e+01
8.511666666666666003e+01
8.544833333333333769e+01
8.666833333333333655e+01
8.516166666666666174e+01
8.297666666666665947e+01
8.112333333333333485e+01
8.398833333333332973e+01
8.305166666666666231e+01
7.811500000000000909e+01
7.619833333333333769e+01
8.532999999999999829e+01
8.375333333333333030e+01
8.382333333333333769e+01
8.750833333333333997e+01
8.692499999999999716e+01
8.519166666666666288e+01
8.522833333333333883e+01
8.428833333333332689e+01
8.079833333333333201e+01
7.775166666666666515e+01
7.360666666666666913e+01
7.507999999999999829e+01
7.934000000000000341e+01
7.645499999999999829e+01
7.858500000000000796e+01
8.345833333333334281e+01
8.154666666666666686e+01
8.066499999999999204e+01
8.289000000000000057e+01
8.733833333333333826e+01
8.829000000000000625e+01
8.628333333333333144e+01
8.366666666666667140e+01
8.811666666666667425e+01
8.562500000000000000e+01
8.477333333333334053e+01
8.293000000000000682e+01
8.702833333333333599e+01
8.433333333333332860e+01
8.626833333333333087e+01
8.571666666666666856e+01
8.415166666666667084e+01
8.351500000000000057e+01
8.491166666666666174e+01
8.220833333333332860e+01
7.800999999999999091e+01
7.765000000000000568e+01
8.236333333333332973e+01
8.373666666666666458e+01
8.665166666666667084e+01
8.490500000000000114e+01
8.746333333333333826e+01
8.642833333333332746e+01
8.597333333333332916e+01
8.331999999999999318e+01
8.330333333333332746e+01
8.187000000000000455e+01
7.982833333333333314e+01
8.080500000000000682e+01
7.865333333333333599e+01
7.652666666666667084e+01
7.548833333333332973e+01
7.921833333333333371e+01
8.255666666666667197e+01
8.207999999999999829e+01
8.506499999999999773e+01
8.525499999999999545e+01
8.422666666666665947e+01
8.352500000000000568e+01
8.745666666666666345e+01
8.749500000000000455e+01
8.701333333333333542e+01
8.625000000000000000e+01
8.694333333333332803e+01
8.721166666666667311e+01
8.563833333333333542e+01
8.514166666666666572e+01
8.430833333333333712e+01
8.579166666666667140e+01
8.601000000000000512e+01
8.730666666666667197e+01
8.438833333333333542e+01
8.359000000000000341e+01
8.217166666666666686e+01
8.097499999999999432e+01
7.751000000000000512e+01
7.706999999999999318e+01
7.955833333333333712e+01
8.831999999999999318e+01
8.629500000000000171e+01
8.811666666666667425e+01
8.592166666666666686e+01
8.312166666666666970e+01
8.336333333333332973e+01
8.198499999999999943e+01
8.098000000000000398e+01
8.015833333333333144e+01
7.824333333333333940e+01
7.712166666666666970e+01
7.664833333333334053e+01
7.793166666666667197e+01
7.961333333333332973e+01
8.155833333333333712e+01
8.291666666666667140e+01
8.364833333333334053e+01
8.410166666666665947e+01
8.696333333333333826e+01
8.740999999999999659e+01
8.567166666666666686e+01
8.659000000000000341e+01
8.715166666666667084e+01
8.715999999999999659e+01
8.898833333333332973e+01
8.722666666666665947e+01
8.590166666666667084e+01
8.573833333333332973e+01
8.577166666666666117e+01
8.606333333333333258e+01
8.390500000000000114e+01
8.411333333333332973e+01
8.134333333333333371e+01
7.720333333333333314e+01
7.302000000000001023e+01
7.116666666666667140e+01
7.937833333333333030e+01
8.504500000000000171e+01
8.514833333333334053e+01
8.257500000000000284e+01
8.244833333333333769e+01
8.321000000000000796e+01
8.427500000000000568e+01
8.452333333333334053e+01
8.428000000000000114e+01
8.214833333333334053e+01
7.981999999999999318e+01
8.293000000000000682e+01
8.653333333333333144e+01
8.453166666666666629e+01
8.340333333333333599e+01
8.613500000000000512e+01
8.683833333333333826e+01
8.704166666666667140e+01
8.555833333333333712e+01
8.431499999999999773e+01
8.187833333333333030e+01
7.910500000000000398e+01
8.786499999999999488e+01
8.623999999999999488e+01
8.437000000000000455e+01
8.596999999999999886e+01
8.308333333333334281e+01
8.529999999999999716e+01
8.673499999999999943e+01
8.526999999999999602e+01
8.630500000000000682e+01
8.406000000000000227e+01
8.345000000000000284e+01
8.330666666666667197e+01
8.587666666666666515e+01
8.370666666666666345e+01
8.246999999999999886e+01
8.082833333333333314e+01
7.992166666666666686e+01
8.301833333333333087e+01
8.018500000000000227e+01
8.090166666666667084e+01
8.653666666666666174e+01
8.428499999999999659e+01
8.302166666666666117e+01
8.414499999999999602e+01
8.299333333333333940e+01
8.211333333333332973e+01
8.148833333333332973e+01
8.406999999999999318e+01
8.246833333333333371e+01
8.214166666666666572e+01
8.632333333333333769e+01
8.787166666666666970e+01
8.677500000000000568e+01
8.440333333333333599e+01
8.696166666666667311e+01
8.655833333333333712e+01
8.912000000000000455e+01
8.781499999999999773e+01
8.549666666666666970e+01
8.425000000000000000e+01
8.331666666666666288e+01
8.721999999999999886e+01
8.560833333333333428e+01
8.407666666666666799e+01
8.434499999999999886e+01
8.276833333333333087e+01
8.148499999999999943e+01
8.255333333333334167e+01
8.364000000000000057e+01
8.298000000000000398e+01
8.204999999999999716e+01
8.259000000000000341e+01
8.167499999999999716e+01
8.256333333333333258e+01
8.259833333333332916e+01
8.287833333333333030e+01
8.426166666666667027e+01
8.264499999999999602e+01
8.581333333333333258e+01
8.498833333333332973e+01
8.529999999999999716e+01
8.633166666666666345e+01
8.434499999999999886e+01
8.486333333333332973e+01
8.514000000000000057e+01
8.374000000000000909e+01
8.668999999999999773e+01
8.789333333333333087e+01
8.782500000000000284e+01
8.825166666666666515e+01
8.646999999999999886e+01
8.593333333333333712e+01
8.420666666666666345e+01
8.405500000000000682e+01
8.071833333333333371e+01
7.802666666666667084e+01
8.026333333333333542e+01
8.390833333333333144e+01
8.564499999999999602e+01
8.642666666666666231e+01
8.620499999999999829e+01
8.578499999999999659e+01
8.544499999999999318e+01
8.282666666666666799e+01
8.103499999999999659e+01
8.026000000000000512e+01
8.185166666666665947e+01
8.197666666666665947e+01
8.429666666666666686e+01
8.429833333333333201e+01
8.416500000000000625e+01
8.345333333333333314e+01
8.136833333333333940e+01
7.902000000000001023e+01
7.894666666666667254e+01
7.793666666666666742e+01
8.111666666666667425e+01
8.318333333333333712e+01
8.479333333333333655e+01
8.324666666666666970e+01
8.657999999999999829e+01
8.704999999999999716e+01
8.516666666666667140e+01
8.664833333333334053e+01
8.809333333333333371e+01
8.784833333333332916e+01
8.640833333333333144e+01
8.649166666666667425e+01
8.428499999999999659e+01
8.202666666666667084e+01
7.907666666666666799e+01
8.087666666666666515e+01
7.694333333333332803e+01
7.375166666666666515e+01
7.599833333333333485e+01
8.236333333333332973e+01
8.573666666666666458e+01
8.596166666666667311e+01
8.506666666666666288e+01
8.678166666666666629e+01
8.500333333333333030e+01
8.456000000000000227e+01
8.260500000000000398e+01
8.609999999999999432e+01
8.340833333333333144e+01
8.474333333333333940e+01
8.392000000000000171e+01
8.251999999999999602e+01
8.388166666666666060e+01
8.408666666666667311e+01
8.351999999999999602e+01
8.038166666666666060e+01
7.762166666666666970e+01
8.062166666666666970e+01
8.619333333333332803e+01
8.733499999999999375e+01
8.558833333333333826e+01
8.343666666666666742e+01
8.189166666666666572e+01
8.170333333333333314e+01
8.519500000000000739e+01
8.613500000000000512e+01
8.708833333333333826e+01
8.703000000000000114e+01
8.557333333333333769e+01
8.246833333333333371e+01
7.900666666666666060e+01
7.600000000000000000e+01
7.196500000000000341e+01
7.723833333333332973e+01
7.688833333333333542e+01
7.875499999999999545e+01
8.584999999999999432e+01
8.890500000000000114e+01
8.817333333333333201e+01
8.787166666666666970e+01
8.622666666666665947e+01
8.592666666666666231e+01
8.468833333333333258e+01
8.336666666666667425e+01
8.164000000000000057e+01
7.902166666666667538e+01
8.032833333333333314e+01
8.099666666666666970e+01
8.308333333333334281e+01
8.273333333333333428e+01
8.070499999999999829e+01
7.700666666666666060e+01
7.424000000000000909e+01
6.982500000000000284e+01
6.858833333333333826e+01
8.212500000000000000e+01
8.756333333333333258e+01
8.735166666666665947e+01
8.604500000000000171e+01
8.630333333333334167e+01
8.350499999999999545e+01
8.583333333333332860e+01
8.789000000000000057e+01
8.732999999999999829e+01
8.715666666666666629e+01
8.683166666666666345e+01
8.395000000000000284e+01
8.283833333333333826e+01
8.114333333333333087e+01
7.976166666666667027e+01
7.584333333333333371e+01
7.136333333333332973e+01
7.021500000000000341e+01
7.372833333333333883e+01
8.501333333333333542e+01
8.754833333333333201e+01
8.829833333333333201e+01
8.651166666666667027e+01
8.619166666666666288e+01
8.765500000000000114e+01
8.586666666666666003e+01
8.437333333333333485e+01
8.258166666666666345e+01
8.418500000000000227e+01
8.136333333333332973e+01
8.137999999999999545e+01
8.361833333333333940e+01
8.145499999999999829e+01
7.779333333333333655e+01
7.409000000000000341e+01
7.016499999999999204e+01
6.805833333333333712e+01
7.168000000000000682e+01
8.743833333333333258e+01
8.721166666666667311e+01
8.720499999999999829e+01
8.578999999999999204e+01
8.413666666666667027e+01
8.407833333333333314e+01
8.638333333333333997e+01
8.593000000000000682e+01
8.839666666666666117e+01
8.632999999999999829e+01
8.464499999999999602e+01
8.398000000000000398e+01
8.064333333333333087e+01
8.043500000000000227e+01
7.536666666666667425e+01
8.214500000000001023e+01
8.084000000000000341e+01
7.797166666666666401e+01
8.262833333333333030e+01
8.977166666666666117e+01
8.967499999999999716e+01
8.892666666666666231e+01
8.689000000000000057e+01
8.436500000000000909e+01
8.210833333333333428e+01
8.450499999999999545e+01
8.165500000000000114e+01
8.244666666666665833e+01
7.948499999999999943e+01
