1.021833333333333371e+01
1.025666666666667481e+01
1.140500000000000114e+01
1.407166666666667254e+01
1.679500000000000171e+01
1.913666666666667027e+01
2.095833333333332860e+01
2.230333333333332746e+01
2.333333333333332860e+01
2.400499999999999545e+01
2.456166666666666742e+01
2.486166666666666458e+01
2.503333333333333144e+01
2.508500000000000796e+01
2.506166666666666742e+01
2.495333333333333314e+01
2.477833333333333599e+01
2.456000000000000227e+01
2.427666666666667084e+01
2.396166666666667311e+01
2.360666666666666913e+01
2.327666666666667084e+01
2.287500000000000000e+01
2.243500000000000227e+01
2.195833333333332860e+01
2.152833333333333599e+01
2.104000000000000625e+01
2.049166666666666003e+01
1.996333333333333826e+01
1.948999999999999488e+01
1.891333333333334110e+01
1.836833333333332519e+01
1.778999999999999204e+01
1.722166666666666401e+01
1.663333333333333997e+01
1.605833333333333712e+01
1.549833333333333485e+01
1.488500000000000512e+01
1.431333333333333258e+01
1.372833333333332462e+01
1.320166666666666799e+01
1.266166666666667595e+01
1.216000000000001080e+01
1.358833333333333826e+01
1.688333333333332575e+01
3.187166666666666970e+01
4.634166666666666856e+01
6.976999999999999602e+01
8.887000000000000455e+01
8.956000000000000227e+01
8.876333333333333542e+01
8.784499999999999886e+01
8.707333333333333769e+01
8.265000000000000568e+01
7.927833333333333599e+01
7.559333333333333371e+01
7.142166666666666686e+01
6.699500000000000455e+01
6.246999999999999886e+01
5.785333333333333172e+01
5.347833333333333172e+01
4.924166666666666003e+01
4.520333333333332604e+01
4.134999999999999432e+01
3.790999999999999659e+01
3.454000000000000625e+01
3.151166666666667027e+01
2.859499999999999886e+01
2.584333333333333371e+01
2.334499999999999886e+01
2.097833333333333883e+01
2.243500000000000227e+01
2.592833333333332746e+01
6.873166666666666913e+01
7.968500000000000227e+01
8.337666666666666515e+01
8.274666666666666970e+01
7.994666666666665833e+01
8.311166666666666458e+01
8.499666666666666970e+01
8.051333333333333542e+01
8.076999999999999602e+01
8.095000000000000284e+01
8.196999999999999886e+01
8.335333333333332462e+01
8.256999999999999318e+01
8.208166666666666345e+01
8.223000000000000398e+01
8.405166666666666231e+01
8.323000000000000398e+01
8.159833333333332916e+01
8.137000000000000455e+01
7.832500000000000284e+01
7.875499999999999545e+01
8.078666666666666174e+01
7.858666666666667311e+01
7.565333333333333599e+01
8.145166666666666799e+01
8.776333333333333542e+01
8.385500000000000398e+01
8.054999999999999716e+01
8.197166666666666401e+01
7.928999999999999204e+01
8.793166666666667197e+01
8.679500000000000171e+01
8.334999999999999432e+01
8.016499999999999204e+01
7.992666666666666231e+01
7.774000000000000909e+01
7.364000000000000057e+01
7.476833333333333087e+01
7.018666666666666742e+01
6.505666666666667197e+01
6.134166666666666856e+01
6.622999999999998977e+01
6.372166666666666401e+01
5.956833333333333513e+01
6.030333333333332746e+01
6.153333333333333144e+01
5.910666666666666913e+01
7.357500000000000284e+01
7.818833333333333258e+01
7.806666666666666288e+01
8.092166666666666686e+01
8.006666666666666288e+01
7.891166666666666174e+01
7.722166666666666401e+01
8.404999999999999716e+01
8.465166666666667084e+01
8.530833333333333712e+01
8.198166666666666913e+01
8.033666666666667311e+01
8.209833333333332916e+01
8.061666666666667425e+01
8.055833333333333712e+01
7.820666666666666345e+01
7.486833333333333940e+01
7.728833333333332689e+01
8.848833333333332973e+01
8.687166666666666970e+01
8.537500000000000000e+01
8.588166666666666060e+01
8.537833333333333030e+01
8.631666666666666288e+01
8.449500000000000455e+01
8.301500000000000057e+01
8.213166666666666060e+01
8.145333333333333314e+01
8.426500000000000057e+01
8.244333333333332803e+01
8.423999999999999488e+01
8.518166666666667197e+01
8.455166666666666231e+01
8.551333333333333542e+01
8.424833333333333485e+01
8.734666666666666401e+01
8.457333333333333769e+01
8.484499999999999886e+01
8.443166666666667197e+01
8.131333333333333258e+01
7.995166666666666799e+01
7.720166666666666799e+01
7.558333333333332860e+01
7.420666666666666345e+01
7.263499999999999091e+01
7.388166666666666060e+01
7.934999999999999432e+01
7.742833333333332746e+01
7.699500000000000455e+01
7.753333333333333144e+01
8.109499999999999886e+01
8.016833333333333655e+01
7.943999999999999773e+01
8.086666666666667425e+01
7.760833333333333428e+01
7.649166666666667425e+01
7.329666666666666686e+01
8.359833333333332916e+01
8.454999999999999716e+01
8.395499999999999829e+01
8.103666666666666174e+01
8.026000000000000512e+01
8.193666666666666742e+01
8.120499999999999829e+01
8.381166666666666742e+01
8.233333333333332860e+01
8.056999999999999318e+01
8.287999999999999545e+01
8.482333333333333769e+01
8.440833333333333144e+01
8.359999999999999432e+01
8.715999999999999659e+01
8.520499999999999829e+01
8.574166666666666003e+01
8.867333333333333201e+01
8.648166666666666913e+01
8.596333333333333826e+01
8.506833333333332803e+01
8.593666666666666742e+01
8.342000000000000171e+01
8.372166666666666401e+01
8.401833333333333087e+01
8.262333333333333485e+01
8.086166666666666458e+01
7.931333333333333258e+01
7.754166666666667140e+01
7.792166666666666686e+01
7.978833333333332689e+01
7.969166666666666288e+01
8.147333333333332916e+01
8.309833333333332916e+01
8.209666666666666401e+01
7.955666666666667197e+01
8.183666666666667311e+01
8.581000000000000227e+01
8.272833333333333883e+01
8.028666666666666174e+01
8.417000000000000171e+01
8.549666666666666970e+01
8.433666666666667311e+01
8.423833333333332973e+01
8.265666666666666629e+01
8.198499999999999943e+01
8.018500000000000227e+01
7.822833333333332462e+01
7.598333333333333428e+01
7.699333333333333940e+01
7.821999999999999886e+01
8.179999999999999716e+01
8.120999999999999375e+01
7.814166666666666572e+01
7.977666666666667084e+01
8.215000000000000568e+01
8.309999999999999432e+01
8.467000000000000171e+01
8.343000000000000682e+01
8.369166666666666288e+01
8.407333333333333769e+01
8.576666666666666572e+01
8.686833333333333940e+01
8.552666666666667084e+01
8.719166666666666288e+01
8.533166666666666345e+01
8.658333333333332860e+01
8.575499999999999545e+01
8.459333333333333371e+01
8.768500000000000227e+01
8.518500000000000227e+01
8.599333333333333940e+01
8.784833333333332916e+01
8.553166666666666629e+01
8.496999999999999886e+01
8.635666666666666913e+01
8.387833333333333030e+01
8.415333333333333599e+01
8.219499999999999318e+01
8.337999999999999545e+01
8.137500000000000000e+01
7.992499999999999716e+01
7.887833333333333030e+01
7.575833333333332575e+01
7.821333333333333826e+01
7.529666666666666686e+01
7.653499999999999659e+01
8.172666666666665947e+01
7.943333333333333712e+01
7.818166666666667197e+01
8.178666666666666174e+01
8.451333333333333542e+01
8.359499999999999886e+01
8.265666666666666629e+01
8.151333333333333542e+01
7.935833333333333428e+01
7.817000000000000171e+01
7.936499999999999488e+01
7.815833333333333144e+01
8.146833333333333371e+01
8.332666666666666799e+01
8.615333333333333599e+01
8.532166666666667254e+01
8.139833333333334053e+01
8.275000000000000000e+01
8.209499999999999886e+01
8.319499999999999318e+01
8.362833333333333030e+01
8.482333333333333769e+01
8.522333333333332916e+01
8.453499999999999659e+01
8.642833333333332746e+01
8.586833333333333940e+01
8.609499999999999886e+01
8.663333333333333997e+01
8.466666666666667140e+01
8.411499999999999488e+01
8.471166666666667311e+01
8.543166666666667197e+01
8.561166666666666458e+01
8.670333333333333314e+01
8.526333333333333542e+01
8.517166666666666686e+01
8.603666666666666174e+01
8.547333333333332916e+01
8.461666666666667425e+01
8.449500000000000455e+01
8.284833333333332916e+01
8.149166666666667425e+01
8.437999999999999545e+01
8.233833333333333826e+01
8.165000000000000568e+01
8.109166666666666856e+01
8.174500000000000455e+01
8.313666666666667027e+01
8.020000000000000284e+01
8.204166666666665719e+01
8.455666666666667197e+01
8.154999999999999716e+01
7.951000000000000512e+01
8.476000000000000512e+01
8.507333333333333769e+01
8.395499999999999829e+01
8.353666666666666174e+01
8.287500000000000000e+01
8.242000000000000171e+01
8.048499999999999943e+01
8.325499999999999545e+01
8.064166666666666572e+01
7.992166666666666686e+01
8.215166666666667084e+01
8.443833333333333258e+01
8.413666666666667027e+01
8.103999999999999204e+01
8.128499999999999659e+01
8.466666666666667140e+01
8.594166666666666288e+01
8.545999999999999375e+01
8.426333333333333542e+01
8.290166666666667084e+01
8.332333333333333769e+01
8.612666666666666515e+01
8.582166666666665833e+01
8.432833333333333314e+01
8.474666666666666970e+01
8.533499999999999375e+01
8.579333333333333655e+01
8.627833333333333599e+01
8.399500000000000455e+01
8.406666666666666288e+01
8.336666666666667425e+01
8.442166666666666686e+01
8.401500000000000057e+01
8.674500000000000455e+01
8.503000000000000114e+01
8.270833333333332860e+01
8.223000000000000398e+01
8.003000000000000114e+01
8.047833333333332462e+01
8.348833333333332973e+01
8.259833333333332916e+01
8.557666666666666799e+01
8.531499999999999773e+01
8.251333333333333542e+01
8.169499999999999318e+01
8.075166666666666515e+01
7.875166666666666515e+01
8.328166666666666629e+01
8.090833333333333144e+01
7.988500000000000512e+01
8.507333333333333769e+01
8.562166666666666970e+01
8.444499999999999318e+01
8.284833333333332916e+01
8.308333333333334281e+01
8.257500000000000284e+01
8.182833333333333314e+01
8.013333333333332575e+01
7.864000000000000057e+01
7.621666666666666856e+01
8.102166666666667538e+01
8.437833333333333030e+01
8.416500000000000625e+01
8.211499999999999488e+01
8.423000000000000398e+01
8.321500000000000341e+01
8.326833333333333087e+01
8.463833333333333542e+01
8.371666666666666856e+01
8.301000000000000512e+01
8.398000000000000398e+01
8.682333333333333769e+01
8.573166666666666913e+01
8.392666666666666231e+01
8.606333333333333258e+01
8.671166666666667311e+01
8.598333333333333428e+01
8.542000000000000171e+01
8.550666666666666060e+01
8.479166666666667140e+01
8.741833333333333655e+01
8.467666666666666231e+01
8.446666666666666856e+01
8.533833333333333826e+01
8.559000000000000341e+01
8.539833333333334053e+01
8.576333333333333542e+01
8.481166666666666742e+01
8.479666666666666686e+01
8.688333333333333997e+01
8.371500000000000341e+01
8.419333333333332803e+01
8.375499999999999545e+01
8.184166666666666856e+01
8.044666666666665833e+01
8.045333333333333314e+01
7.901333333333333542e+01
8.330166666666666231e+01
8.220166666666666799e+01
8.112833333333333030e+01
8.359000000000000341e+01
8.515833333333333144e+01
8.414833333333334053e+01
8.181833333333332803e+01
8.225333333333333030e+01
8.145333333333333314e+01
8.150833333333332575e+01
8.171999999999999886e+01
7.912166666666666970e+01
7.807666666666666799e+01
7.676166666666667027e+01
8.193666666666666742e+01
8.306999999999999318e+01
8.024000000000000909e+01
8.343999999999999773e+01
8.387500000000000000e+01
8.464333333333333087e+01
8.718500000000000227e+01
8.539000000000000057e+01
8.380166666666666231e+01
8.390166666666667084e+01
8.651666666666666572e+01
8.526500000000000057e+01
8.615833333333333144e+01
8.767333333333333201e+01
8.648166666666666913e+01
8.594166666666666288e+01
8.482500000000000284e+01
8.570666666666666345e+01
8.572666666666667368e+01
8.616499999999999204e+01
8.403499999999999659e+01
8.173000000000000398e+01
8.393500000000000227e+01
8.425999999999999091e+01
8.550000000000000000e+01
8.393666666666666742e+01
8.545999999999999375e+01
8.492666666666666231e+01
8.354500000000000171e+01
8.456666666666666288e+01
8.343999999999999773e+01
8.216499999999999204e+01
8.384000000000000341e+01
8.299833333333333485e+01
8.300499999999999545e+01
8.262999999999999545e+01
8.448333333333333428e+01
8.202666666666667084e+01
8.185166666666665947e+01
8.406166666666666742e+01
8.409166666666666856e+01
8.648000000000000398e+01
8.344333333333332803e+01
8.192499999999999716e+01
8.444499999999999318e+01
8.222333333333332916e+01
8.100999999999999091e+01
7.871833333333333371e+01
8.116666666666667140e+01
8.182166666666667254e+01
8.411499999999999488e+01
8.431166666666666742e+01
8.297666666666665947e+01
8.240666666666666629e+01
8.368000000000000682e+01
8.371833333333333371e+01
8.527500000000000568e+01
8.356499999999999773e+01
8.324500000000000455e+01
8.464333333333333087e+01
8.600166666666666515e+01
8.476666666666666572e+01
8.468999999999999773e+01
8.607333333333333769e+01
8.639499999999999602e+01
8.659499999999999886e+01
8.427833333333333599e+01
8.489499999999999602e+01
8.408666666666667311e+01
8.636333333333332973e+01
8.366499999999999204e+01
8.670666666666666345e+01
8.582500000000000284e+01
8.605500000000000682e+01
8.470333333333333314e+01
8.468333333333333712e+01
8.299833333333333485e+01
8.273333333333333428e+01
8.428833333333332689e+01
8.361333333333332973e+01
8.267666666666667652e+01
8.446500000000000341e+01
8.654500000000000171e+01
8.440166666666667084e+01
8.371333333333333826e+01
8.304166666666667140e+01
8.408333333333332860e+01
8.104333333333333655e+01
7.836333333333332973e+01
8.075333333333333030e+01
8.363500000000000512e+01
8.632333333333333769e+01
8.428166666666666629e+01
8.171166666666667311e+01
8.224833333333333485e+01
8.144166666666666288e+01
8.396500000000000341e+01
8.142833333333334167e+01
8.192499999999999716e+01
8.090000000000000568e+01
8.353166666666666629e+01
8.316333333333332689e+01
8.036666666666667425e+01
7.940999999999999659e+01
8.206833333333332803e+01
8.266166666666666174e+01
8.391333333333332689e+01
8.380166666666666231e+01
8.248833333333332973e+01
8.429833333333333201e+01
8.564166666666666572e+01
8.405500000000000682e+01
8.338666666666667027e+01
8.518166666666667197e+01
8.689833333333334053e+01
8.654000000000000625e+01
8.684333333333333371e+01
8.565999999999999659e+01
8.631333333333333258e+01
8.864499999999999602e+01
8.696000000000000796e+01
8.600499999999999545e+01
8.456166666666666742e+01
8.484499999999999886e+01
8.578166666666666629e+01
8.378166666666666629e+01
8.444333333333332803e+01
8.401999999999999602e+01
8.435666666666666913e+01
8.199333333333333940e+01
8.406666666666666288e+01
8.633166666666666345e+01
8.340000000000000568e+01
8.269333333333332803e+01
8.471666666666666856e+01
8.216833333333333655e+01
7.987333333333333485e+01
8.306333333333333258e+01
8.448166666666666913e+01
8.473000000000000398e+01
8.421500000000000341e+01
8.265999999999999659e+01
8.116166666666666174e+01
8.209000000000000341e+01
8.157999999999999829e+01
7.883833333333333826e+01
8.292333333333333201e+01
8.116666666666667140e+01
7.872499999999999432e+01
7.838833333333333542e+01
8.252833333333333599e+01
8.471333333333333826e+01
8.411333333333332973e+01
8.290999999999999659e+01
8.396666666666666856e+01
8.479166666666667140e+01
8.528333333333333144e+01
8.450666666666666060e+01
8.485666666666666913e+01
8.473999999999999488e+01
8.789166666666666572e+01
8.661333333333332973e+01
8.647833333333332462e+01
8.793166666666667197e+01
8.621500000000000341e+01
8.660166666666665947e+01
8.735666666666666913e+01
8.506499999999999773e+01
8.520000000000000284e+01
8.485166666666665947e+01
8.470166666666666799e+01
8.358500000000000796e+01
8.431166666666666742e+01
8.609000000000000341e+01
8.453833333333332689e+01
8.544333333333332803e+01
8.325666666666666060e+01
8.395333333333333314e+01
8.602166666666666117e+01
8.253166666666666629e+01
8.278000000000000114e+01
8.465666666666666629e+01
8.204666666666666686e+01
8.159833333333332916e+01
8.387166666666666970e+01
8.075833333333332575e+01
8.010999999999999943e+01
8.289666666666666117e+01
8.392499999999999716e+01
8.367166666666666686e+01
8.236666666666667425e+01
8.531999999999999318e+01
8.337833333333333030e+01
8.287333333333333485e+01
8.445666666666666345e+01
8.304500000000000171e+01
8.302666666666667084e+01
8.048499999999999943e+01
8.135333333333332462e+01
8.207999999999999829e+01
8.522833333333333883e+01
8.437000000000000455e+01
8.319166666666666288e+01
8.332666666666666799e+01
8.474833333333333485e+01
8.404833333333333201e+01
8.487666666666666515e+01
8.364833333333334053e+01
8.317833333333334167e+01
8.481333333333333258e+01
8.625666666666666060e+01
8.566499999999999204e+01
8.604333333333333655e+01
8.730166666666666231e+01
8.696333333333333826e+01
8.644166666666666288e+01
8.697333333333332916e+01
8.555666666666667197e+01
8.647833333333332462e+01
8.486666666666667425e+01
8.366333333333332689e+01
8.427833333333333599e+01
8.603833333333332689e+01
8.537999999999999545e+01
8.620166666666666799e+01
8.447666666666665947e+01
8.346999999999999886e+01
8.283500000000000796e+01
8.382833333333333314e+01
8.184666666666666401e+01
8.163833333333333542e+01
8.344833333333333769e+01
8.278666666666666174e+01
8.282999999999999829e+01
8.425499999999999545e+01
8.531000000000000227e+01
8.253666666666666174e+01
8.395000000000000284e+01
8.537333333333333485e+01
8.556833333333332803e+01
8.439333333333333087e+01
8.534333333333333371e+01
8.329999999999999716e+01
8.266166666666666174e+01
8.090833333333333144e+01
8.087500000000000000e+01
8.313666666666667027e+01
8.017000000000000171e+01
7.875166666666666515e+01
7.891333333333332689e+01
8.490500000000000114e+01
8.428833333333332689e+01
8.225499999999999545e+01
8.359666666666666401e+01
8.325499999999999545e+01
8.348166666666666913e+01
8.500166666666666515e+01
8.390500000000000114e+01
8.222499999999999432e+01
8.455333333333332746e+01
8.719166666666666288e+01
8.596666666666666856e+01
8.610833333333333428e+01
8.816166666666666174e+01
8.693166666666667197e+01
8.490666666666666629e+01
8.215166666666667084e+01
8.168166666666667197e+01
8.253999999999999204e+01
8.022499999999999432e+01
8.412833333333333030e+01
8.462166666666666970e+01
8.464666666666666117e+01
8.676999999999999602e+01
8.461500000000000909e+01
8.586333333333332973e+01
8.454500000000000171e+01
8.405833333333333712e+01
8.357166666666665833e+01
8.355333333333332746e+01
8.256499999999999773e+01
8.374500000000000455e+01
8.336666666666667425e+01
8.364000000000000057e+01
8.479500000000000171e+01
8.346666666666666856e+01
8.107666666666666799e+01
8.440000000000000568e+01
8.511833333333333940e+01
8.542000000000000171e+01
8.375166666666666515e+01
8.418500000000000227e+01
8.290999999999999659e+01
8.396500000000000341e+01
8.582333333333333769e+01
8.412999999999999545e+01
8.316166666666666174e+01
8.240333333333333599e+01
8.070000000000000284e+01
8.095499999999999829e+01
8.372499999999999432e+01
8.301666666666666572e+01
8.237500000000000000e+01
8.184000000000000341e+01
8.352166666666666117e+01
8.329666666666666686e+01
8.469166666666666288e+01
8.404166666666667140e+01
8.368500000000000227e+01
8.476666666666666572e+01
8.710999999999999943e+01
8.573333333333333428e+01
8.702833333333333599e+01
8.736833333333333940e+01
8.747833333333333883e+01
8.589499999999999602e+01
8.576500000000000057e+01
8.607999999999999829e+01
8.395000000000000284e+01
8.397166666666666401e+01
8.213833333333333542e+01
8.141333333333332689e+01
8.183666666666667311e+01
8.335833333333333428e+01
8.415833333333333144e+01
8.261333333333332973e+01
8.450499999999999545e+01
8.482666666666666799e+01
8.390500000000000114e+01
8.495666666666666345e+01
8.508666666666667311e+01
8.560999999999999943e+01
8.300499999999999545e+01
8.390999999999999659e+01
8.601000000000000512e+01
8.278166666666666629e+01
8.355833333333333712e+01
8.489666666666667538e+01
8.585333333333333883e+01
8.605333333333334167e+01
8.416833333333333655e+01
8.355833333333333712e+01
8.373333333333333428e+01
8.388333333333332575e+01
8.347999999999998977e+01
8.191666666666665719e+01
8.274833333333333485e+01
8.142499999999999716e+01
8.048333333333333428e+01
8.203999999999999204e+01
8.366833333333333655e+01
8.393666666666666742e+01
8.177500000000000568e+01
8.061666666666667425e+01
8.294666666666665833e+01
8.346999999999999886e+01
8.445000000000000284e+01
8.300499999999999545e+01
8.129000000000000625e+01
8.341499999999999204e+01
8.698000000000000398e+01
8.580833333333333712e+01
8.682333333333333769e+01
8.698833333333332973e+01
8.628666666666666174e+01
8.744333333333332803e+01
8.538500000000000512e+01
8.515833333333333144e+01
8.575833333333332575e+01
8.473333333333333428e+01
8.430166666666666231e+01
8.520999999999999375e+01
8.664333333333333087e+01
8.467666666666666231e+01
8.629666666666666686e+01
8.354666666666666686e+01
8.445166666666666799e+01
8.384166666666666856e+01
8.306666666666666288e+01
8.159000000000000341e+01
8.391499999999999204e+01
8.320166666666666799e+01
8.023000000000000398e+01
7.987999999999999545e+01
8.296166666666667311e+01
8.250833333333332575e+01
8.204500000000000171e+01
8.358500000000000796e+01
8.610833333333333428e+01
8.510833333333333428e+01
8.520833333333332860e+01
8.461666666666667425e+01
8.425999999999999091e+01
8.230666666666667197e+01
8.388166666666666060e+01
8.310500000000000398e+01
8.264000000000000057e+01
8.200333333333333030e+01
8.176999999999999602e+01
8.316833333333333655e+01
8.473166666666666913e+01
8.459499999999999886e+01
8.265833333333333144e+01
8.292499999999999716e+01
8.403000000000000114e+01
8.313666666666667027e+01
8.509333333333333371e+01
8.401833333333333087e+01
8.272333333333332916e+01
8.456499999999999773e+01
8.660166666666665947e+01
8.558833333333333826e+01
8.561833333333333940e+01
8.693500000000000227e+01
8.481999999999999318e+01
8.624833333333333485e+01
8.529166666666667140e+01
8.510833333333333428e+01
8.543166666666667197e+01
8.493666666666666742e+01
8.510833333333333428e+01
8.499166666666666003e+01
8.397833333333332462e+01
8.639833333333334053e+01
8.463333333333332575e+01
8.469833333333333769e+01
8.439000000000000057e+01
8.590166666666667084e+01
8.546666666666666856e+01
8.409000000000000341e+01
8.368333333333333712e+01
8.403499999999999659e+01
8.293666666666666742e+01
8.247833333333333883e+01
8.599166666666667425e+01
8.347833333333332462e+01
8.381166666666666742e+01
8.558833333333333826e+01
8.581499999999999773e+01
8.494666666666667254e+01
8.523499999999999943e+01
8.346166666666667311e+01
8.173166666666666913e+01
8.063666666666667027e+01
7.796166666666667311e+01
8.028666666666666174e+01
8.268000000000000682e+01
8.054999999999999716e+01
8.014666666666666117e+01
8.092166666666666686e+01
8.307999999999999829e+01
8.439000000000000057e+01
8.348833333333332973e+01
8.247166666666666401e+01
8.312999999999999545e+01
8.206000000000000227e+01
8.393500000000000227e+01
8.540833333333333144e+01
8.328666666666666174e+01
8.418500000000000227e+01
8.624333333333333940e+01
8.556666666666666288e+01
8.568999999999999773e+01
8.842666666666666231e+01
8.788666666666667027e+01
8.692499999999999716e+01
8.572666666666667368e+01
8.409666666666666401e+01
8.334000000000000341e+01
8.516833333333333655e+01
8.396666666666666856e+01
8.379500000000000171e+01
8.642833333333332746e+01
8.614000000000000057e+01
8.448000000000000398e+01
8.173166666666666913e+01
8.208166666666666345e+01
8.286333333333332973e+01
8.274166666666667425e+01
8.242166666666666686e+01
8.206999999999999318e+01
8.407166666666667254e+01
8.228333333333333144e+01
8.264000000000000057e+01
8.522666666666665947e+01
8.238666666666667027e+01
8.256999999999999318e+01
8.477666666666667084e+01
8.541166666666666174e+01
8.499833333333333485e+01
8.365666666666666629e+01
8.450166666666666515e+01
8.187666666666666515e+01
8.210333333333333883e+01
8.544499999999999318e+01
8.509333333333333371e+01
8.325166666666666515e+01
8.152500000000000568e+01
7.959333333333333371e+01
8.049833333333333485e+01
8.224666666666666970e+01
8.420666666666666345e+01
8.144166666666666288e+01
8.243500000000000227e+01
8.288833333333333542e+01
8.297333333333332916e+01
8.377500000000000568e+01
8.374166666666667425e+01
8.392166666666666686e+01
8.396666666666666856e+01
8.710166666666665947e+01
8.646500000000000341e+01
8.565833333333333144e+01
8.842833333333334167e+01
8.684499999999999886e+01
8.579500000000000171e+01
8.371833333333333371e+01
8.233500000000000796e+01
8.545999999999999375e+01
8.300833333333332575e+01
8.275499999999999545e+01
8.125499999999999545e+01
8.265999999999999659e+01
8.407833333333333314e+01
8.439666666666666117e+01
8.533166666666666345e+01
8.468000000000000682e+01
8.745000000000000284e+01
8.521500000000000341e+01
8.300499999999999545e+01
8.257333333333333769e+01
8.381833333333332803e+01
8.393333333333333712e+01
8.526666666666666572e+01
8.425666666666666060e+01
8.149000000000000909e+01
8.116833333333333655e+01
8.434000000000000341e+01
8.489833333333334053e+01
8.479166666666667140e+01
8.405166666666666231e+01
8.310666666666666913e+01
8.567833333333334167e+01
8.476166666666667027e+01
8.299833333333333485e+01
8.320499999999999829e+01
8.301999999999999602e+01
8.096166666666667311e+01
7.875000000000000000e+01
8.004999999999999716e+01
8.271833333333333371e+01
8.287666666666666515e+01
8.135333333333332462e+01
8.193000000000000682e+01
8.120166666666666799e+01
8.134000000000000341e+01
8.377333333333334053e+01
8.294833333333332348e+01
8.345000000000000284e+01
8.265999999999999659e+01
8.724333333333333940e+01
8.556833333333332803e+01
8.446500000000000341e+01
8.758500000000000796e+01
8.689166666666666572e+01
8.729166666666667140e+01
8.778166666666666629e+01
8.660500000000000398e+01
8.834499999999999886e+01
8.709499999999999886e+01
8.569499999999999318e+01
8.489333333333333087e+01
