2.644666666666665833e+01
2.934833333333332916e+01
3.252666666666667084e+01
3.573666666666667879e+01
3.921666666666666856e+01
4.291666666666667140e+01
4.647333333333333627e+01
5.023000000000000398e+01
5.383500000000000085e+01
5.744000000000000483e+01
6.084333333333333371e+01
6.407333333333332348e+01
6.706833333333332803e+01
6.973833333333334394e+01
7.223000000000000398e+01
7.447333333333332916e+01
7.634000000000000341e+01
7.791666666666667140e+01
7.936666666666667425e+01
8.060166666666665947e+01
8.156333333333333258e+01
8.229666666666666686e+01
8.284333333333333371e+01
8.325833333333332575e+01
8.372499999999999432e+01
8.404333333333333655e+01
8.437500000000000000e+01
8.477833333333333599e+01
8.513833333333333542e+01
8.545166666666666799e+01
8.577166666666666117e+01
8.605500000000000682e+01
8.640999999999999659e+01
8.673333333333333428e+01
8.708666666666667311e+01
8.745666666666666345e+01
8.776833333333333087e+01
8.809999999999999432e+01
8.841166666666666174e+01
8.877500000000000568e+01
8.914000000000000057e+01
8.948833333333332973e+01
8.978000000000000114e+01
9.015166666666667084e+01
9.046833333333333371e+01
9.076999999999999602e+01
9.106000000000000227e+01
9.132666666666666799e+01
9.155333333333334167e+01
9.176999999999999602e+01
9.203833333333332689e+01
9.224833333333333485e+01
9.245000000000000284e+01
9.266166666666666174e+01
9.287833333333333030e+01
9.303000000000000114e+01
9.323166666666666913e+01
9.339499999999999602e+01
9.354666666666666686e+01
9.370333333333333314e+01
9.382666666666666799e+01
9.397499999999999432e+01
9.411833333333333940e+01
9.424166666666666003e+01
9.434999999999999432e+01
9.446999999999999886e+01
9.457333333333333769e+01
9.465999999999999659e+01
9.474500000000000455e+01
9.483833333333333826e+01
9.490000000000000568e+01
9.500166666666666515e+01
9.507833333333333314e+01
9.515500000000000114e+01
9.522333333333332916e+01
9.530166666666666231e+01
9.535833333333333428e+01
9.544666666666667254e+01
9.550499999999999545e+01
9.557333333333333769e+01
9.561499999999999488e+01
9.567166666666666686e+01
9.570333333333333314e+01
9.576333333333333542e+01
9.580666666666667197e+01
9.587166666666666970e+01
9.592833333333332746e+01
9.596999999999999886e+01
9.600666666666666060e+01
9.604000000000000625e+01
9.609833333333332916e+01
9.613166666666666060e+01
9.619499999999999318e+01
9.624666666666666970e+01
9.630166666666666231e+01
9.634499999999999886e+01
9.638333333333333997e+01
9.641500000000000625e+01
9.646166666666667311e+01
9.650166666666666515e+01
