2.644666666666665833e+01
3.212666666666666515e+01
3.849833333333333485e+01
4.573166666666666913e+01
5.330166666666666941e+01
6.071500000000000341e+01
6.748833333333334394e+01
7.304666666666666686e+01
7.733500000000000796e+01
8.062166666666666970e+01
8.261833333333333940e+01
8.370833333333334281e+01
8.464499999999999602e+01
8.535333333333333883e+01
8.590000000000000568e+01
8.660500000000000398e+01
8.744166666666666288e+01
8.823833333333332973e+01
8.906833333333332803e+01
8.989000000000000057e+01
9.069499999999999318e+01
9.140000000000000568e+01
9.209999999999999432e+01
9.265500000000000114e+01
9.316833333333333655e+01
9.358833333333333826e+01
9.398999999999999488e+01
9.431333333333333258e+01
9.459000000000000341e+01
9.484000000000000341e+01
9.505500000000000682e+01
9.527166666666666117e+01
9.544499999999999318e+01
9.562333333333333485e+01
9.576833333333333087e+01
9.589499999999999602e+01
9.602500000000000568e+01
9.618666666666666742e+01
9.620000000000000284e+01
9.644166666666666288e+01
9.641500000000000625e+01
9.662166666666666970e+01
9.659999999999999432e+01
9.675666666666666060e+01
9.675833333333332575e+01
9.690333333333333599e+01
9.688666666666667027e+01
9.702166666666666117e+01
9.700000000000000000e+01
9.715500000000000114e+01
9.709999999999999432e+01
9.725000000000000000e+01
9.720166666666666799e+01
9.732666666666666799e+01
9.726999999999999602e+01
9.739666666666666117e+01
9.734499999999999886e+01
9.745666666666666345e+01
9.743333333333333712e+01
9.752333333333334053e+01
9.748000000000000398e+01
9.757666666666666799e+01
9.754166666666667140e+01
9.761499999999999488e+01
9.758666666666667311e+01
9.768000000000000682e+01
9.761333333333332973e+01
9.772166666666666401e+01
9.766666666666667140e+01
9.776333333333333542e+01
9.770166666666666799e+01
9.780333333333332746e+01
9.773000000000000398e+01
9.783833333333333826e+01
9.776833333333333087e+01
9.790333333333333599e+01
9.779833333333333201e+01
9.793500000000000227e+01
9.782333333333333769e+01
9.795499999999999829e+01
9.786166666666666458e+01
9.797333333333332916e+01
9.788333333333333997e+01
9.800833333333333997e+01
9.791500000000000625e+01
9.803499999999999659e+01
9.793333333333333712e+01
9.805666666666667197e+01
9.797166666666666401e+01
9.809166666666666856e+01
9.798833333333332973e+01
9.810833333333333428e+01
9.800000000000000000e+01
9.812833333333333030e+01
9.802833333333333599e+01
9.813666666666667027e+01
9.804333333333333655e+01
9.815166666666667084e+01
9.805666666666667197e+01
9.818500000000000227e+01
