2.644666666666665833e+01
4.607500000000000284e+01
6.787000000000000455e+01
8.110500000000000398e+01
8.482666666666666799e+01
8.599333333333333940e+01
8.843833333333333258e+01
9.071333333333333826e+01
9.258333333333332860e+01
9.353333333333333144e+01
9.409999999999999432e+01
9.420666666666666345e+01
9.457666666666666799e+01
9.479999999999999716e+01
9.504333333333333655e+01
9.520499999999999829e+01
9.528166666666666629e+01
9.549666666666666970e+01
9.553666666666666174e+01
9.573000000000000398e+01
9.563666666666667027e+01
9.586833333333333940e+01
9.575166666666666515e+01
9.600833333333332575e+01
9.583166666666666345e+01
9.610666666666666913e+01
9.588500000000000512e+01
9.619166666666666288e+01
9.593000000000000682e+01
9.624500000000000455e+01
9.600666666666666060e+01
9.628166666666666629e+01
9.601166666666667027e+01
9.632833333333333314e+01
9.602666666666667084e+01
9.635666666666666913e+01
9.605500000000000682e+01
9.640333333333333599e+01
9.605333333333332746e+01
9.642666666666666231e+01
9.605666666666667197e+01
9.644166666666666288e+01
9.609333333333333371e+01
9.646999999999999886e+01
9.609499999999999886e+01
9.647333333333332916e+01
9.609499999999999886e+01
9.647833333333333883e+01
9.609666666666666401e+01
9.648166666666666913e+01
9.609999999999999432e+01
9.648499999999999943e+01
9.609833333333332916e+01
9.648833333333332973e+01
9.610166666666665947e+01
9.648999999999999488e+01
9.610333333333333883e+01
9.648333333333333428e+01
9.610500000000000398e+01
9.648499999999999943e+01
9.610666666666666913e+01
9.648666666666666458e+01
9.610666666666666913e+01
9.648833333333332973e+01
9.610999999999999943e+01
9.648999999999999488e+01
9.611833333333333940e+01
9.648499999999999943e+01
9.611833333333333940e+01
9.648499999999999943e+01
9.611833333333333940e+01
9.648333333333333428e+01
9.611833333333333940e+01
9.648333333333333428e+01
9.611833333333333940e+01
9.648333333333333428e+01
9.612000000000000455e+01
9.648499999999999943e+01
9.612000000000000455e+01
9.648333333333333428e+01
9.612166666666666970e+01
9.648333333333333428e+01
9.612166666666666970e+01
9.648333333333333428e+01
9.612166666666666970e+01
9.648499999999999943e+01
9.612166666666666970e+01
9.648499999999999943e+01
9.612166666666666970e+01
9.648499999999999943e+01
9.612166666666666970e+01
9.648499999999999943e+01
9.612166666666666970e+01
9.648499999999999943e+01
9.612166666666666970e+01
9.648499999999999943e+01
9.612166666666666970e+01
9.648499999999999943e+01
9.612166666666666970e+01
9.648499999999999943e+01
