2.644666666666665833e+01
2.755166666666666231e+01
2.866499999999999204e+01
2.974166666666666003e+01
3.078166666666666629e+01
3.189666666666666117e+01
3.291166666666666174e+01
3.392166666666666686e+01
3.485666666666666913e+01
3.574500000000000455e+01
3.671166666666666600e+01
3.767333333333333911e+01
3.860833333333333428e+01
3.945833333333332860e+01
4.041166666666666885e+01
4.131500000000000483e+01
4.220333333333334025e+01
4.314666666666666828e+01
4.394333333333333513e+01
4.475833333333333286e+01
4.557833333333333314e+01
4.640499999999999403e+01
4.713833333333333542e+01
4.793833333333333968e+01
4.874500000000000455e+01
4.953166666666666629e+01
5.028333333333333854e+01
5.101999999999999602e+01
5.175833333333333286e+01
5.243166666666666487e+01
5.315333333333333599e+01
5.383166666666666345e+01
5.445999999999999375e+01
5.512000000000000455e+01
5.580166666666666941e+01
5.638333333333333286e+01
5.698833333333333684e+01
5.765666666666666629e+01
5.827833333333332888e+01
5.891833333333333655e+01
5.952166666666666828e+01
6.009999999999999432e+01
6.067666666666666941e+01
6.123000000000000398e+01
6.176666666666666572e+01
6.230666666666666487e+01
6.282666666666666089e+01
6.337500000000000000e+01
6.379666666666666686e+01
6.426333333333333542e+01
6.473166666666665492e+01
6.519833333333333769e+01
6.563666666666665606e+01
6.610333333333332462e+01
6.651333333333333542e+01
6.696333333333333826e+01
6.737500000000000000e+01
6.777166666666667538e+01
6.819333333333332803e+01
6.862166666666666970e+01
6.898333333333333428e+01
6.939666666666667538e+01
6.978833333333332689e+01
7.012500000000000000e+01
7.045166666666666799e+01
7.082500000000000284e+01
7.118833333333333258e+01
7.153000000000000114e+01
7.183499999999999375e+01
7.210999999999999943e+01
7.240833333333333144e+01
7.268500000000000227e+01
7.293000000000000682e+01
7.320166666666666799e+01
7.346500000000000341e+01
7.373666666666666458e+01
7.400000000000000000e+01
7.429666666666666686e+01
7.455333333333332746e+01
7.485166666666665947e+01
7.508499999999999375e+01
7.532333333333333769e+01
7.553666666666666174e+01
7.578666666666666174e+01
7.597499999999999432e+01
7.617333333333333201e+01
7.638833333333333542e+01
7.656999999999999318e+01
7.678333333333333144e+01
7.698000000000000398e+01
7.717333333333333201e+01
7.734666666666666401e+01
7.750166666666666515e+01
7.762666666666666515e+01
7.782333333333333769e+01
7.795333333333333314e+01
7.810833333333333428e+01
7.827500000000000568e+01
7.840666666666666629e+01
7.857500000000000284e+01
