2.644666666666665833e+01
8.508833333333333826e+01
8.770833333333332860e+01
8.958166666666666345e+01
8.563500000000000512e+01
8.958833333333333826e+01
8.371333333333333826e+01
8.959666666666666401e+01
8.232833333333333314e+01
8.960166666666665947e+01
8.215833333333333144e+01
8.960333333333333883e+01
8.180166666666666231e+01
8.960333333333333883e+01
8.154000000000000625e+01
8.960500000000000398e+01
7.922166666666666401e+01
8.960833333333333428e+01
7.936666666666667425e+01
8.961166666666666458e+01
7.930166666666666231e+01
8.962166666666666970e+01
7.945000000000000284e+01
8.963333333333332575e+01
7.807333333333333769e+01
8.963166666666666060e+01
7.849166666666667425e+01
8.962999999999999545e+01
7.836666666666667425e+01
8.962999999999999545e+01
7.819666666666665833e+01
8.963500000000000512e+01
7.860333333333332462e+01
8.964666666666666117e+01
7.751500000000000057e+01
8.960666666666666913e+01
7.831166666666666742e+01
8.963833333333333542e+01
7.763833333333333542e+01
8.962000000000000455e+01
7.859666666666666401e+01
8.964499999999999602e+01
7.677500000000000568e+01
8.962000000000000455e+01
7.849833333333333485e+01
8.964166666666666572e+01
7.766333333333332689e+01
8.962000000000000455e+01
7.825166666666666515e+01
8.964166666666666572e+01
7.751666666666666572e+01
8.961833333333333940e+01
7.857500000000000284e+01
8.964166666666666572e+01
7.656166666666666742e+01
8.960833333333333428e+01
7.860999999999999943e+01
8.963833333333333542e+01
7.770000000000000284e+01
8.963500000000000512e+01
7.823166666666666913e+01
8.962833333333333030e+01
7.761833333333333940e+01
8.963166666666666060e+01
7.824666666666666970e+01
8.963500000000000512e+01
7.742000000000000171e+01
8.962999999999999545e+01
7.817833333333334167e+01
8.964000000000000057e+01
7.696333333333333826e+01
8.960999999999999943e+01
7.873166666666666913e+01
8.963166666666666060e+01
7.729833333333333201e+01
8.962666666666666515e+01
7.815500000000000114e+01
8.963333333333332575e+01
7.821500000000000341e+01
8.963333333333332575e+01
7.695666666666666345e+01
8.963500000000000512e+01
7.775666666666666060e+01
8.962833333333333030e+01
7.820333333333333314e+01
8.963833333333333542e+01
7.722666666666665947e+01
8.961833333333333940e+01
7.896500000000000341e+01
8.963500000000000512e+01
7.726999999999999602e+01
8.962500000000000000e+01
7.812333333333333485e+01
8.964166666666666572e+01
7.836166666666666458e+01
8.963166666666666060e+01
7.665166666666667084e+01
8.963500000000000512e+01
7.863333333333332575e+01
8.964833333333334053e+01
