2.644666666666665833e+01
2.833333333333332860e+01
3.032833333333333314e+01
3.243999999999999773e+01
3.448999999999999488e+01
3.646000000000000085e+01
3.861333333333332973e+01
4.075833333333333286e+01
4.301000000000000512e+01
4.500666666666666060e+01
4.714666666666666828e+01
4.929999999999999716e+01
5.133666666666666600e+01
5.338666666666666316e+01
5.530166666666666231e+01
5.725000000000000000e+01
5.913000000000000256e+01
6.096500000000000341e+01
6.266666666666666430e+01
6.431499999999999773e+01
6.579499999999998749e+01
6.734333333333333371e+01
6.880666666666667197e+01
7.008166666666666345e+01
7.131999999999999318e+01
7.247333333333332916e+01
7.354500000000000171e+01
7.458166666666666345e+01
7.557333333333333769e+01
7.640000000000000568e+01
7.720333333333333314e+01
7.787999999999999545e+01
7.855166666666666231e+01
7.915000000000000568e+01
7.979166666666667140e+01
8.035333333333332462e+01
8.086333333333332973e+01
8.124333333333333940e+01
8.159666666666666401e+01
8.190000000000000568e+01
8.221500000000000341e+01
8.248833333333332973e+01
8.274166666666667425e+01
8.293166666666667197e+01
8.311833333333333940e+01
8.330500000000000682e+01
8.348499999999999943e+01
8.367166666666666686e+01
8.384333333333333371e+01
8.402666666666667084e+01
8.418166666666667197e+01
8.431333333333333258e+01
8.442666666666666231e+01
8.456000000000000227e+01
8.477333333333334053e+01
8.496666666666666856e+01
8.508333333333332860e+01
8.521500000000000341e+01
8.538333333333332575e+01
8.554500000000000171e+01
8.571666666666666856e+01
8.587999999999999545e+01
8.604666666666666686e+01
8.620333333333333314e+01
8.636166666666666458e+01
8.651999999999999602e+01
8.668500000000000227e+01
8.685833333333333428e+01
8.697833333333332462e+01
8.712666666666666515e+01
8.730833333333333712e+01
8.746500000000000341e+01
8.759166666666666856e+01
8.775499999999999545e+01
8.790999999999999659e+01
8.805833333333333712e+01
8.821166666666667311e+01
8.835999999999999943e+01
8.849333333333333940e+01
8.867666666666666231e+01
8.883166666666666345e+01
8.898333333333333428e+01
8.912000000000000455e+01
8.926333333333333542e+01
8.941833333333333655e+01
8.955333333333332746e+01
8.970999999999999375e+01
8.985333333333333883e+01
9.000833333333332575e+01
9.012666666666666515e+01
9.023166666666666913e+01
9.036833333333333940e+01
9.050000000000000000e+01
9.060666666666666913e+01
9.071166666666667311e+01
9.081999999999999318e+01
9.092333333333333201e+01
9.102500000000000568e+01
9.113833333333333542e+01
9.123999999999999488e+01
