2.644666666666665833e+01
8.955833333333333712e+01
2.241166666666666174e+01
8.955833333333333712e+01
2.592499999999999716e+01
8.955833333333333712e+01
2.857833333333333314e+01
8.955833333333333712e+01
3.036999999999999034e+01
8.955833333333333712e+01
3.082166666666667254e+01
8.955833333333333712e+01
3.082166666666667254e+01
8.955833333333333712e+01
3.082166666666667254e+01
8.955833333333333712e+01
3.082166666666667254e+01
8.955833333333333712e+01
3.082166666666667254e+01
8.955833333333333712e+01
3.082166666666667254e+01
8.955833333333333712e+01
3.082166666666667254e+01
8.955833333333333712e+01
3.082166666666667254e+01
8.955833333333333712e+01
3.082166666666667254e+01
8.955833333333333712e+01
3.082166666666667254e+01
8.955833333333333712e+01
3.082166666666667254e+01
8.955833333333333712e+01
3.082166666666667254e+01
8.955833333333333712e+01
3.082166666666667254e+01
8.955833333333333712e+01
3.082166666666667254e+01
8.955833333333333712e+01
3.082166666666667254e+01
8.955833333333333712e+01
3.082166666666667254e+01
8.955833333333333712e+01
3.082166666666667254e+01
8.955833333333333712e+01
3.082166666666667254e+01
8.955833333333333712e+01
3.082166666666667254e+01
8.955833333333333712e+01
3.082166666666667254e+01
8.955833333333333712e+01
3.082166666666667254e+01
8.955833333333333712e+01
3.082166666666667254e+01
8.955833333333333712e+01
3.082166666666667254e+01
8.955833333333333712e+01
3.082166666666667254e+01
8.955833333333333712e+01
3.082166666666667254e+01
8.955833333333333712e+01
3.082166666666667254e+01
8.955833333333333712e+01
3.082166666666667254e+01
8.955833333333333712e+01
3.082166666666667254e+01
8.955833333333333712e+01
3.082166666666667254e+01
8.955833333333333712e+01
3.082166666666667254e+01
8.955833333333333712e+01
3.082166666666667254e+01
8.955833333333333712e+01
3.082166666666667254e+01
8.955833333333333712e+01
3.082166666666667254e+01
8.955833333333333712e+01
3.082166666666667254e+01
8.955833333333333712e+01
3.082166666666667254e+01
8.955833333333333712e+01
3.082166666666667254e+01
8.955833333333333712e+01
3.082166666666667254e+01
8.955833333333333712e+01
3.082166666666667254e+01
8.955833333333333712e+01
3.082166666666667254e+01
8.955833333333333712e+01
3.082166666666667254e+01
8.955833333333333712e+01
3.082166666666667254e+01
8.955833333333333712e+01
3.082166666666667254e+01
8.955833333333333712e+01
3.082166666666667254e+01
8.955833333333333712e+01
3.082166666666667254e+01
8.955833333333333712e+01
3.082166666666667254e+01
8.955833333333333712e+01
