2.644666666666665833e+01
2.786499999999999488e+01
2.930166666666667652e+01
3.066499999999999204e+01
3.219666666666665833e+01
3.365000000000000568e+01
3.494666666666667254e+01
3.631499999999999773e+01
3.771000000000000085e+01
3.908000000000000540e+01
4.045833333333332860e+01
4.184666666666666401e+01
4.327499999999999858e+01
4.450166666666666515e+01
4.579833333333333201e+01
4.706499999999999773e+01
4.838499999999999801e+01
4.962333333333332774e+01
5.085333333333333172e+01
5.203000000000000114e+01
5.322833333333333172e+01
5.432166666666666544e+01
5.544833333333333059e+01
5.653166666666666629e+01
5.764666666666666828e+01
5.872166666666666401e+01
5.974499999999999744e+01
6.075166666666666515e+01
6.170666666666666345e+01
6.267499999999999716e+01
6.356499999999999773e+01
6.442833333333334167e+01
6.525333333333333030e+01
6.604500000000000171e+01
6.688499999999999091e+01
6.760499999999998977e+01
6.841499999999999204e+01
6.912999999999999545e+01
6.983500000000000796e+01
7.052166666666666117e+01
7.112999999999999545e+01
7.178666666666666174e+01
7.236833333333333940e+01
7.286333333333334394e+01
7.339666666666666117e+01
7.391166666666666174e+01
7.445999999999999375e+01
7.497833333333333883e+01
7.548999999999999488e+01
7.590000000000000568e+01
7.625499999999999545e+01
7.668500000000000227e+01
7.707333333333333769e+01
7.741666666666667140e+01
7.775499999999999545e+01
7.808333333333332860e+01
7.838666666666667027e+01
7.870666666666666345e+01
7.897666666666665947e+01
7.928666666666666174e+01
7.957666666666666799e+01
7.983333333333334281e+01
8.010999999999999943e+01
8.034000000000000341e+01
8.061833333333333940e+01
8.083666666666667311e+01
8.104999999999999716e+01
8.122666666666665947e+01
8.140666666666666629e+01
8.153499999999999659e+01
8.168666666666666742e+01
8.182666666666666799e+01
8.193999999999999773e+01
8.208666666666667311e+01
8.222333333333332916e+01
8.233333333333332860e+01
8.244166666666666288e+01
8.254666666666666686e+01
8.265166666666667084e+01
8.274500000000000455e+01
8.283166666666666345e+01
8.293999999999999773e+01
8.304999999999999716e+01
8.316166666666666174e+01
8.326000000000000512e+01
8.337666666666666515e+01
8.344833333333333769e+01
8.353166666666666629e+01
8.361333333333332973e+01
8.367000000000000171e+01
8.374333333333333940e+01
8.382666666666666799e+01
8.389833333333334053e+01
8.395499999999999829e+01
8.404166666666667140e+01
8.411666666666667425e+01
8.418999999999999773e+01
8.425666666666666060e+01
8.435333333333333883e+01
8.441500000000000625e+01
