2.560333333333333883e+01
2.873999999999999488e+01
3.221333333333333826e+01
3.583166666666666345e+01
3.960833333333333428e+01
4.358166666666666345e+01
4.746666666666666856e+01
5.151666666666666572e+01
5.527333333333333343e+01
5.888666666666666316e+01
6.253666666666666885e+01
6.569666666666665833e+01
6.858833333333333826e+01
7.125499999999999545e+01
7.359000000000000341e+01
7.575499999999999545e+01
7.754166666666667140e+01
7.902500000000000568e+01
8.022333333333332916e+01
8.130500000000000682e+01
8.220666666666666345e+01
8.292499999999999716e+01
8.356166666666666742e+01
8.415999999999999659e+01
8.461500000000000909e+01
8.501666666666666572e+01
8.537666666666666515e+01
8.570833333333332860e+01
8.601000000000000512e+01
8.626500000000000057e+01
8.657833333333333314e+01
8.684166666666666856e+01
8.712166666666666970e+01
8.740166666666667084e+01
8.765000000000000568e+01
8.785500000000000398e+01
8.807999999999999829e+01
8.831499999999999773e+01
8.855833333333333712e+01
8.875000000000000000e+01
8.898833333333332973e+01
8.919666666666667254e+01
8.941333333333332689e+01
8.960999999999999943e+01
8.978833333333332689e+01
8.998166666666666913e+01
9.018999999999999773e+01
9.035999999999999943e+01
9.051500000000000057e+01
9.070000000000000284e+01
9.085500000000000398e+01
9.101666666666666572e+01
9.115000000000000568e+01
9.126666666666666572e+01
9.140000000000000568e+01
9.157666666666666799e+01
9.170666666666666345e+01
9.183500000000000796e+01
9.198499999999999943e+01
9.213666666666667027e+01
9.221999999999999886e+01
9.234000000000000341e+01
9.239333333333333087e+01
9.249333333333333940e+01
9.261166666666666458e+01
9.269333333333332803e+01
9.279500000000000171e+01
9.287999999999999545e+01
9.297499999999999432e+01
9.307999999999999829e+01
9.318833333333333258e+01
9.327833333333333599e+01
9.335166666666665947e+01
9.342333333333333201e+01
9.350166666666666515e+01
9.356499999999999773e+01
9.365833333333333144e+01
9.371666666666666856e+01
9.377833333333333599e+01
9.385500000000000398e+01
9.390833333333333144e+01
9.400666666666666060e+01
9.404666666666666686e+01
9.411499999999999488e+01
9.416833333333333655e+01
9.420666666666666345e+01
9.425666666666666060e+01
9.431333333333333258e+01
9.437833333333333030e+01
9.441833333333333655e+01
9.447666666666665947e+01
9.449666666666666970e+01
9.456499999999999773e+01
9.457666666666666799e+01
9.464666666666666117e+01
9.467000000000000171e+01
9.470833333333332860e+01
9.474666666666666970e+01
9.478833333333332689e+01
9.481666666666666288e+01
