2.560333333333333883e+01
4.718333333333333002e+01
6.977833333333333599e+01
8.229666666666666686e+01
8.589000000000000057e+01
8.665333333333333599e+01
8.881999999999999318e+01
8.944833333333333769e+01
9.125000000000000000e+01
9.059999999999999432e+01
9.191166666666666174e+01
9.133499999999999375e+01
9.228333333333333144e+01
9.188666666666667027e+01
9.259833333333332916e+01
9.224333333333333940e+01
9.283833333333333826e+01
9.246833333333333371e+01
9.293999999999999773e+01
9.265999999999999659e+01
9.299666666666666970e+01
9.274833333333333485e+01
9.306999999999999318e+01
9.282500000000000284e+01
9.311166666666666458e+01
9.287333333333333485e+01
9.313500000000000512e+01
9.290999999999999659e+01
9.316500000000000625e+01
9.295000000000000284e+01
9.320499999999999829e+01
9.300166666666666515e+01
9.324500000000000455e+01
9.304000000000000625e+01
9.325833333333333997e+01
9.308666666666667311e+01
9.329500000000000171e+01
9.311666666666667425e+01
9.330666666666667197e+01
9.311833333333333940e+01
9.331000000000000227e+01
9.313333333333332575e+01
9.331166666666666742e+01
9.314499999999999602e+01
9.332500000000000284e+01
9.314499999999999602e+01
9.332666666666666799e+01
9.314833333333334053e+01
9.333666666666667311e+01
9.316166666666666174e+01
9.334166666666666856e+01
9.316500000000000625e+01
9.334333333333333371e+01
9.317499999999999716e+01
9.334499999999999886e+01
9.318333333333333712e+01
9.335666666666666913e+01
9.318166666666667197e+01
9.335833333333333428e+01
9.318999999999999773e+01
9.335999999999999943e+01
9.319333333333332803e+01
9.335999999999999943e+01
9.319499999999999318e+01
9.336333333333332973e+01
9.319666666666667254e+01
9.336333333333332973e+01
9.319666666666667254e+01
9.336666666666667425e+01
9.319833333333333769e+01
9.336833333333333940e+01
9.320166666666666799e+01
9.336833333333333940e+01
9.320833333333332860e+01
9.336833333333333940e+01
9.320999999999999375e+01
9.336833333333333940e+01
9.320999999999999375e+01
9.336833333333333940e+01
9.320999999999999375e+01
9.336833333333333940e+01
9.320999999999999375e+01
9.336833333333333940e+01
9.320999999999999375e+01
9.336833333333333940e+01
9.320999999999999375e+01
9.337000000000000455e+01
9.320999999999999375e+01
9.337000000000000455e+01
9.320999999999999375e+01
9.337000000000000455e+01
9.321166666666667311e+01
9.337000000000000455e+01
9.321166666666667311e+01
9.337000000000000455e+01
9.321166666666667311e+01
9.337000000000000455e+01
9.321166666666667311e+01
9.337000000000000455e+01
9.321166666666667311e+01
