2.560333333333333883e+01
3.176833333333333087e+01
3.886833333333333940e+01
4.667666666666666941e+01
5.479166666666666430e+01
6.256499999999999773e+01
6.917666666666666231e+01
7.457999999999999829e+01
7.867000000000000171e+01
8.154333333333333655e+01
8.340500000000000114e+01
8.464333333333333087e+01
8.554666666666666686e+01
8.626500000000000057e+01
8.685500000000000398e+01
8.742000000000000171e+01
8.793000000000000682e+01
8.850666666666666060e+01
8.908500000000000796e+01
8.965166666666667084e+01
9.016166666666666174e+01
9.059499999999999886e+01
9.104500000000000171e+01
9.136499999999999488e+01
9.183333333333332860e+01
9.207333333333333769e+01
9.248166666666666913e+01
9.265833333333333144e+01
9.295000000000000284e+01
9.314499999999999602e+01
9.339000000000000057e+01
9.348666666666666458e+01
9.372499999999999432e+01
9.380833333333333712e+01
9.399666666666666970e+01
9.404166666666667140e+01
9.423833333333332973e+01
9.424333333333333940e+01
9.442833333333332746e+01
9.448833333333332973e+01
9.460999999999999943e+01
9.468666666666666742e+01
9.475666666666666060e+01
9.484166666666666856e+01
9.488666666666667027e+01
9.497499999999999432e+01
9.502500000000000568e+01
9.509333333333333371e+01
9.515666666666666629e+01
9.522166666666666401e+01
9.526333333333333542e+01
9.534333333333333371e+01
9.535166666666665947e+01
9.544166666666666288e+01
9.545166666666666799e+01
9.553833333333332689e+01
9.553666666666666174e+01
9.562000000000000455e+01
9.558833333333333826e+01
9.570833333333332860e+01
9.565833333333333144e+01
9.577500000000000568e+01
9.572499999999999432e+01
9.584000000000000341e+01
9.579166666666667140e+01
9.589833333333334053e+01
9.582833333333333314e+01
9.596166666666667311e+01
9.587333333333333485e+01
9.600833333333332575e+01
9.588666666666667027e+01
9.605833333333333712e+01
9.597333333333332916e+01
9.611666666666667425e+01
9.599166666666667425e+01
9.614666666666666117e+01
9.608499999999999375e+01
9.620166666666666799e+01
9.609333333333333371e+01
9.623833333333332973e+01
9.611499999999999488e+01
9.627500000000000568e+01
9.614333333333333087e+01
9.630833333333333712e+01
9.618833333333333258e+01
9.633166666666666345e+01
9.620499999999999829e+01
9.634499999999999886e+01
9.628166666666666629e+01
9.637500000000000000e+01
9.627666666666667084e+01
9.639833333333332632e+01
9.631166666666666742e+01
9.643000000000000682e+01
9.634833333333332916e+01
9.645999999999999375e+01
9.635333333333333883e+01
9.647833333333333883e+01
9.641500000000000625e+01
9.651333333333333542e+01
