2.560333333333333883e+01
2.764833333333332632e+01
2.982666666666666799e+01
3.212000000000000455e+01
3.445166666666666799e+01
3.662166666666666259e+01
3.898499999999999943e+01
4.130499999999999972e+01
4.368833333333333258e+01
4.587666666666666515e+01
4.819833333333333059e+01
5.052499999999999858e+01
5.267166666666666686e+01
5.477000000000000313e+01
5.675500000000000256e+01
5.871833333333333371e+01
6.067166666666666686e+01
6.257833333333333314e+01
6.429833333333333201e+01
6.586333333333334394e+01
6.737000000000000455e+01
6.878499999999999659e+01
7.019666666666667254e+01
7.147833333333332462e+01
7.265999999999999659e+01
7.375666666666666060e+01
7.478000000000000114e+01
7.581999999999999318e+01
7.671666666666666856e+01
7.754833333333333201e+01
7.832333333333333769e+01
7.889166666666666572e+01
7.946666666666666856e+01
7.999666666666666970e+01
8.050833333333332575e+01
8.095666666666666345e+01
8.143166666666667197e+01
8.182333333333333769e+01
8.219333333333332803e+01
8.253499999999999659e+01
8.284166666666666856e+01
8.314499999999999602e+01
8.342333333333333201e+01
8.367666666666666231e+01
8.390166666666667084e+01
8.412666666666666515e+01
8.435500000000000398e+01
8.459499999999999886e+01
8.475833333333332575e+01
8.491166666666666174e+01
8.507833333333333314e+01
8.526666666666666572e+01
8.542499999999999716e+01
8.559999999999999432e+01
8.578666666666666174e+01
8.595166666666666799e+01
8.610166666666667368e+01
8.621666666666666856e+01
8.636499999999999488e+01
8.648166666666666913e+01
8.663500000000000512e+01
8.676333333333333542e+01
8.687833333333333030e+01
8.701666666666666572e+01
8.713333333333332575e+01
8.721666666666666856e+01
8.731499999999999773e+01
8.740833333333333144e+01
8.754833333333333201e+01
8.764833333333334053e+01
8.774833333333333485e+01
8.784333333333333371e+01
8.794666666666665833e+01
8.803000000000000114e+01
8.812000000000000455e+01
8.823666666666666458e+01
8.835166666666665947e+01
8.845999999999999375e+01
8.855500000000000682e+01
8.865833333333333144e+01
8.875000000000000000e+01
8.883333333333332860e+01
8.890500000000000114e+01
8.901666666666666572e+01
8.910666666666666913e+01
8.917833333333332746e+01
8.925000000000000000e+01
8.931333333333333258e+01
8.938500000000000512e+01
8.947833333333333883e+01
8.956000000000000227e+01
8.963166666666666060e+01
8.970166666666666799e+01
8.976999999999999602e+01
8.985666666666666913e+01
8.992166666666666686e+01
8.997499999999999432e+01
9.004833333333333201e+01
9.010166666666665947e+01
9.016333333333332689e+01
