2.560333333333333883e+01
8.567666666666666231e+01
8.043000000000000682e+01
8.982166666666665833e+01
7.619666666666665833e+01
8.982500000000000284e+01
7.122333333333332916e+01
8.981999999999999318e+01
6.496500000000000341e+01
8.981999999999999318e+01
6.179833333333333201e+01
8.980666666666667197e+01
5.824500000000000455e+01
8.979333333333333655e+01
5.530999999999999517e+01
8.978333333333333144e+01
5.255333333333333456e+01
8.978166666666666629e+01
5.393999999999999773e+01
8.978166666666666629e+01
4.933499999999999375e+01
8.978166666666666629e+01
5.326833333333333087e+01
8.978166666666666629e+01
4.775166666666667226e+01
8.978166666666666629e+01
5.393999999999999773e+01
8.978166666666666629e+01
4.690166666666666373e+01
8.978166666666666629e+01
5.302833333333333599e+01
8.978166666666666629e+01
4.805000000000000426e+01
8.978166666666666629e+01
5.098499999999999943e+01
8.978166666666666629e+01
4.699666666666666259e+01
8.978166666666666629e+01
5.554500000000000171e+01
8.978166666666666629e+01
4.836666666666666714e+01
8.978166666666666629e+01
5.187500000000000000e+01
8.978166666666666629e+01
4.802999999999999403e+01
8.978166666666666629e+01
5.547666666666666657e+01
8.978166666666666629e+01
4.854333333333333655e+01
8.978166666666666629e+01
5.200166666666666515e+01
8.978166666666666629e+01
4.818666666666666742e+01
8.978166666666666629e+01
5.616833333333332945e+01
8.978166666666666629e+01
4.923666666666666458e+01
8.978166666666666629e+01
5.146000000000000085e+01
8.978166666666666629e+01
5.103333333333333854e+01
8.978166666666666629e+01
5.125999999999999801e+01
8.978166666666666629e+01
5.019333333333333513e+01
8.978166666666666629e+01
5.532000000000000028e+01
8.978166666666666629e+01
4.867000000000000171e+01
8.978166666666666629e+01
5.253000000000000114e+01
8.978166666666666629e+01
4.841166666666666174e+01
8.978166666666666629e+01
5.682499999999999574e+01
8.978166666666666629e+01
4.990999999999999659e+01
8.978166666666666629e+01
5.169666666666666544e+01
8.978166666666666629e+01
4.827333333333333343e+01
8.978166666666666629e+01
5.589333333333333087e+01
8.978166666666666629e+01
4.912666666666666515e+01
8.978166666666666629e+01
5.248833333333332973e+01
8.978166666666666629e+01
4.853499999999999659e+01
8.978166666666666629e+01
5.583666666666666600e+01
8.978166666666666629e+01
4.909166666666666856e+01
8.978166666666666629e+01
5.223166666666666202e+01
8.978166666666666629e+01
4.859833333333332916e+01
8.978166666666666629e+01
5.623333333333333428e+01
8.978166666666666629e+01
