2.560333333333333883e+01
8.978166666666666629e+01
1.807833333333333314e+01
8.978166666666666629e+01
1.828333333333333144e+01
8.978166666666666629e+01
1.849166666666666003e+01
8.978166666666666629e+01
1.865833333333333144e+01
8.978166666666666629e+01
1.870833333333334281e+01
8.978166666666666629e+01
1.870833333333334281e+01
8.978166666666666629e+01
1.870833333333334281e+01
8.978166666666666629e+01
1.870833333333334281e+01
8.978166666666666629e+01
1.870833333333334281e+01
8.978166666666666629e+01
1.870833333333334281e+01
8.978166666666666629e+01
1.870833333333334281e+01
8.978166666666666629e+01
1.870833333333334281e+01
8.978166666666666629e+01
1.870833333333334281e+01
8.978166666666666629e+01
1.870833333333334281e+01
8.978166666666666629e+01
1.870833333333334281e+01
8.978166666666666629e+01
1.870833333333334281e+01
8.978166666666666629e+01
1.870833333333334281e+01
8.978166666666666629e+01
1.870833333333334281e+01
8.978166666666666629e+01
1.870833333333334281e+01
8.978166666666666629e+01
1.870833333333334281e+01
8.978166666666666629e+01
1.870833333333334281e+01
8.978166666666666629e+01
1.870833333333334281e+01
8.978166666666666629e+01
1.870833333333334281e+01
8.978166666666666629e+01
1.870833333333334281e+01
8.978166666666666629e+01
1.870833333333334281e+01
8.978166666666666629e+01
1.870833333333334281e+01
8.978166666666666629e+01
1.870833333333334281e+01
8.978166666666666629e+01
1.870833333333334281e+01
8.978166666666666629e+01
1.870833333333334281e+01
8.978166666666666629e+01
1.870833333333334281e+01
8.978166666666666629e+01
1.870833333333334281e+01
8.978166666666666629e+01
1.870833333333334281e+01
8.978166666666666629e+01
1.870833333333334281e+01
8.978166666666666629e+01
1.870833333333334281e+01
8.978166666666666629e+01
1.870833333333334281e+01
8.978166666666666629e+01
1.870833333333334281e+01
8.978166666666666629e+01
1.870833333333334281e+01
8.978166666666666629e+01
1.870833333333334281e+01
8.978166666666666629e+01
1.870833333333334281e+01
8.978166666666666629e+01
1.870833333333334281e+01
8.978166666666666629e+01
1.870833333333334281e+01
8.978166666666666629e+01
1.870833333333334281e+01
8.978166666666666629e+01
1.870833333333334281e+01
8.978166666666666629e+01
1.870833333333334281e+01
8.978166666666666629e+01
1.870833333333334281e+01
8.978166666666666629e+01
1.870833333333334281e+01
8.978166666666666629e+01
1.870833333333334281e+01
8.978166666666666629e+01
1.870833333333334281e+01
8.978166666666666629e+01
1.870833333333334281e+01
8.978166666666666629e+01
