2.560333333333333883e+01
2.682500000000000284e+01
2.799500000000000455e+01
2.920000000000000284e+01
3.034666666666666401e+01
3.153000000000000114e+01
3.270499999999999829e+01
3.389666666666666117e+01
3.491833333333332234e+01
3.591666666666665719e+01
3.699166666666666714e+01
3.802833333333332888e+01
3.903833333333332689e+01
3.995666666666666345e+01
4.099166666666667425e+01
4.194666666666666544e+01
4.292833333333333456e+01
4.389666666666666117e+01
4.478833333333332689e+01
4.564833333333333343e+01
4.658333333333332860e+01
4.744166666666666998e+01
4.825333333333333741e+01
4.912666666666666515e+01
4.999833333333333485e+01
5.082999999999999829e+01
5.161833333333333229e+01
5.239833333333333343e+01
5.315166666666667084e+01
5.387166666666666970e+01
5.458999999999999631e+01
5.530999999999999517e+01
5.596499999999999631e+01
5.659666666666666401e+01
5.725166666666666515e+01
5.786333333333332973e+01
5.850666666666666771e+01
5.918333333333333002e+01
5.986333333333333684e+01
6.047500000000000142e+01
6.109166666666666856e+01
6.167166666666666686e+01
6.224333333333333229e+01
6.282833333333333314e+01
6.339333333333333798e+01
6.387166666666666259e+01
6.437333333333333485e+01
6.491166666666666174e+01
6.536166666666666458e+01
6.578166666666666629e+01
6.627166666666667538e+01
6.671666666666666856e+01
6.712000000000000455e+01
6.756499999999999773e+01
6.795000000000000284e+01
6.838833333333333542e+01
6.877333333333332632e+01
6.914833333333334053e+01
6.958666666666667311e+01
6.998666666666666458e+01
7.032166666666665833e+01
7.067499999999999716e+01
7.101500000000000057e+01
7.138166666666666060e+01
7.168333333333333712e+01
7.205166666666667652e+01
7.240000000000000568e+01
7.272666666666665947e+01
7.302000000000001023e+01
7.328833333333332689e+01
7.358666666666667311e+01
7.386833333333333940e+01
7.412500000000000000e+01
7.435999999999999943e+01
7.462166666666666970e+01
7.492666666666667652e+01
7.520166666666666799e+01
7.544333333333332803e+01
7.572499999999999432e+01
7.596833333333333371e+01
7.619333333333332803e+01
7.640166666666667084e+01
7.661499999999999488e+01
7.681666666666666288e+01
7.705833333333333712e+01
7.727500000000000568e+01
7.747666666666665947e+01
7.763833333333333542e+01
7.783333333333332860e+01
7.803666666666666174e+01
7.819166666666666288e+01
7.834166666666666856e+01
7.849500000000000455e+01
7.864499999999999602e+01
7.878499999999999659e+01
7.890000000000000568e+01
7.899833333333333485e+01
7.910999999999999943e+01
7.925166666666666515e+01
7.937666666666666515e+01
