2.560333333333333883e+01
2.717166666666666686e+01
2.869666666666667254e+01
3.019666666666667254e+01
3.187833333333333030e+01
3.354500000000000171e+01
3.500833333333332575e+01
3.649333333333333229e+01
3.802499999999999858e+01
3.951500000000000057e+01
4.102666666666666373e+01
4.250500000000000256e+01
4.399999999999999289e+01
4.534499999999999886e+01
4.678166666666666629e+01
4.814333333333333798e+01
4.958166666666667055e+01
5.088500000000000512e+01
5.216166666666666885e+01
5.342000000000000171e+01
5.464999999999999858e+01
5.580166666666666941e+01
5.689500000000000313e+01
5.798333333333333428e+01
5.914166666666666572e+01
6.027333333333333343e+01
6.127499999999999858e+01
6.235666666666666913e+01
6.335333333333333172e+01
6.423166666666665492e+01
6.512666666666666515e+01
6.594999999999998863e+01
6.677833333333333599e+01
6.753666666666666174e+01
6.831833333333332803e+01
6.904500000000000171e+01
6.980166666666666231e+01
7.047333333333332916e+01
7.114000000000000057e+01
7.178666666666666174e+01
7.242333333333333201e+01
7.306166666666666742e+01
7.355666666666667197e+01
7.409999999999999432e+01
7.462333333333333485e+01
7.510166666666665947e+01
7.566333333333332689e+01
7.611833333333333940e+01
7.658333333333332860e+01
7.699833333333333485e+01
7.739000000000000057e+01
7.778999999999999204e+01
7.815166666666667084e+01
7.846666666666666856e+01
7.871999999999999886e+01
7.900499999999999545e+01
7.924666666666666970e+01
7.952500000000000568e+01
7.978000000000000114e+01
8.003999999999999204e+01
8.026000000000000512e+01
8.049833333333333485e+01
8.073333333333333428e+01
8.093333333333333712e+01
8.114499999999999602e+01
8.131999999999999318e+01
8.151833333333333087e+01
8.172333333333332916e+01
8.189499999999999602e+01
8.203999999999999204e+01
8.220499999999999829e+01
8.238500000000000512e+01
8.253000000000000114e+01
8.269333333333332803e+01
8.281499999999999773e+01
8.297333333333332916e+01
8.312833333333333030e+01
8.325833333333332575e+01
8.338166666666666060e+01
8.349166666666667425e+01
8.358666666666667311e+01
8.369166666666666288e+01
8.381666666666666288e+01
8.392833333333332746e+01
8.403833333333332689e+01
8.414333333333333087e+01
8.423166666666666913e+01
8.431833333333332803e+01
8.441166666666666174e+01
8.450666666666666060e+01
8.460833333333333428e+01
8.468999999999999773e+01
8.480666666666667197e+01
8.488666666666667027e+01
8.497666666666665947e+01
8.506333333333333258e+01
8.514499999999999602e+01
8.520999999999999375e+01
8.527833333333333599e+01
8.537166666666666970e+01
