9.871666666666669698e+00
9.012833333333333030e+01
9.012833333333333030e+01
9.191833333333333655e+01
9.720499999999999829e+01
9.707999999999999829e+01
9.702166666666666117e+01
9.699500000000000455e+01
9.696666666666666856e+01
9.694666666666667254e+01
9.693000000000000682e+01
9.697666666666665947e+01
9.696500000000000341e+01
9.698166666666666913e+01
9.698999999999999488e+01
9.700000000000000000e+01
9.699500000000000455e+01
9.701999999999999602e+01
9.701500000000000057e+01
9.701833333333333087e+01
9.704000000000000625e+01
9.703000000000000114e+01
9.703000000000000114e+01
9.704333333333333655e+01
9.704166666666667140e+01
9.704000000000000625e+01
9.703833333333332689e+01
9.705166666666666231e+01
9.704833333333333201e+01
9.704833333333333201e+01
9.704666666666666686e+01
9.704500000000000171e+01
9.704500000000000171e+01
9.705166666666666231e+01
9.705666666666667197e+01
9.705333333333332746e+01
9.705666666666667197e+01
9.705666666666667197e+01
9.705833333333333712e+01
9.705666666666667197e+01
9.705833333333333712e+01
9.706000000000000227e+01
9.705666666666667197e+01
9.706000000000000227e+01
9.706166666666666742e+01
9.706666666666666288e+01
9.706666666666666288e+01
9.706833333333332803e+01
9.707166666666667254e+01
9.707666666666666799e+01
9.707833333333333314e+01
9.707666666666666799e+01
9.707500000000000284e+01
9.707999999999999829e+01
9.708166666666666345e+01
9.708333333333332860e+01
9.708166666666666345e+01
9.708333333333332860e+01
9.708499999999999375e+01
9.708499999999999375e+01
9.709000000000000341e+01
9.708833333333333826e+01
9.708833333333333826e+01
9.709000000000000341e+01
9.709000000000000341e+01
9.709000000000000341e+01
9.709333333333333371e+01
9.709499999999999886e+01
9.709666666666666401e+01
9.709833333333332916e+01
9.709999999999999432e+01
9.709999999999999432e+01
9.710166666666665947e+01
9.710500000000000398e+01
9.710500000000000398e+01
9.710666666666666913e+01
9.710666666666666913e+01
9.710833333333333428e+01
9.710999999999999943e+01
9.711166666666666458e+01
9.711333333333332973e+01
9.711499999999999488e+01
9.711499999999999488e+01
9.712000000000000455e+01
9.711833333333333940e+01
9.711666666666666003e+01
9.711666666666666003e+01
9.711833333333333940e+01
9.711833333333333940e+01
9.711833333333333940e+01
9.712000000000000455e+01
9.712000000000000455e+01
9.712000000000000455e+01
9.712166666666666970e+01
9.712000000000000455e+01
9.712000000000000455e+01
9.712000000000000455e+01
9.712166666666666970e+01
9.712166666666666970e+01
9.712000000000000455e+01
9.712000000000000455e+01
9.712000000000000455e+01
9.712166666666666970e+01
9.712166666666666970e+01
9.712166666666666970e+01
9.712333333333333485e+01
9.712500000000000000e+01
9.712500000000000000e+01
9.712666666666666515e+01
9.712666666666666515e+01
9.712666666666666515e+01
9.712833333333333030e+01
9.712833333333333030e+01
9.713166666666666060e+01
9.713333333333333997e+01
9.713333333333333997e+01
9.713333333333333997e+01
9.713500000000000512e+01
9.713500000000000512e+01
9.713666666666667027e+01
9.713666666666667027e+01
9.713833333333333542e+01
9.713833333333333542e+01
9.713833333333333542e+01
9.713833333333333542e+01
9.713666666666667027e+01
9.713666666666667027e+01
9.713833333333333542e+01
9.713833333333333542e+01
9.714000000000000057e+01
9.714000000000000057e+01
9.714000000000000057e+01
9.714000000000000057e+01
9.714000000000000057e+01
9.714000000000000057e+01
9.714000000000000057e+01
9.714166666666666572e+01
9.714166666666666572e+01
9.714166666666666572e+01
9.714166666666666572e+01
9.714166666666666572e+01
9.714166666666666572e+01
9.714166666666666572e+01
9.714166666666666572e+01
9.714166666666666572e+01
9.714166666666666572e+01
9.714166666666666572e+01
9.714166666666666572e+01
9.714166666666666572e+01
9.714333333333333087e+01
9.714333333333333087e+01
9.714499999999999602e+01
9.714499999999999602e+01
9.714499999999999602e+01
9.714499999999999602e+01
9.714499999999999602e+01
9.714333333333333087e+01
9.714333333333333087e+01
9.714333333333333087e+01
9.714333333333333087e+01
9.714333333333333087e+01
9.714333333333333087e+01
9.714499999999999602e+01
9.714499999999999602e+01
9.714499999999999602e+01
9.714499999999999602e+01
9.714499999999999602e+01
9.714499999999999602e+01
9.714499999999999602e+01
9.714499999999999602e+01
9.714499999999999602e+01
9.714499999999999602e+01
9.714499999999999602e+01
9.714499999999999602e+01
9.714499999999999602e+01
9.714499999999999602e+01
9.714499999999999602e+01
9.714499999999999602e+01
9.714499999999999602e+01
9.714499999999999602e+01
9.714499999999999602e+01
9.714666666666666117e+01
9.714666666666666117e+01
9.714666666666666117e+01
9.714666666666666117e+01
9.714666666666666117e+01
9.714666666666666117e+01
9.714666666666666117e+01
9.714666666666666117e+01
9.714666666666666117e+01
9.714666666666666117e+01
9.714666666666666117e+01
9.714666666666666117e+01
9.714666666666666117e+01
9.714666666666666117e+01
9.714666666666666117e+01
9.714666666666666117e+01
9.714666666666666117e+01
9.714499999999999602e+01
9.714666666666666117e+01
9.714666666666666117e+01
9.714666666666666117e+01
9.714666666666666117e+01
9.714666666666666117e+01
9.714666666666666117e+01
9.714666666666666117e+01
9.714666666666666117e+01
9.714666666666666117e+01
9.714666666666666117e+01
9.714666666666666117e+01
9.714666666666666117e+01
9.714666666666666117e+01
9.714666666666666117e+01
9.714666666666666117e+01
9.714666666666666117e+01
9.714666666666666117e+01
9.714666666666666117e+01
9.714666666666666117e+01
9.714666666666666117e+01
9.714666666666666117e+01
9.714666666666666117e+01
9.714666666666666117e+01
9.714666666666666117e+01
9.714666666666666117e+01
9.714666666666666117e+01
9.714666666666666117e+01
9.714666666666666117e+01
9.714666666666666117e+01
9.714666666666666117e+01
9.714666666666666117e+01
9.714666666666666117e+01
9.714666666666666117e+01
9.714666666666666117e+01
9.714666666666666117e+01
9.714666666666666117e+01
9.714666666666666117e+01
9.714666666666666117e+01
9.714666666666666117e+01
9.714666666666666117e+01
9.714666666666666117e+01
9.714666666666666117e+01
9.714666666666666117e+01
9.714666666666666117e+01
9.714666666666666117e+01
9.714666666666666117e+01
9.714666666666666117e+01
9.714666666666666117e+01
9.714666666666666117e+01
9.714666666666666117e+01
9.714666666666666117e+01
9.714666666666666117e+01
9.714666666666666117e+01
9.714666666666666117e+01
9.714666666666666117e+01
9.714666666666666117e+01
9.714666666666666117e+01
9.714666666666666117e+01
9.714666666666666117e+01
9.714666666666666117e+01
9.714666666666666117e+01
9.714666666666666117e+01
9.714666666666666117e+01
9.714666666666666117e+01
9.714666666666666117e+01
9.714666666666666117e+01
9.714666666666666117e+01
9.714666666666666117e+01
9.714666666666666117e+01
9.714833333333334053e+01
9.714833333333334053e+01
9.714833333333334053e+01
9.714833333333334053e+01
9.714833333333334053e+01
9.714833333333334053e+01
9.714833333333334053e+01
9.714833333333334053e+01
9.714833333333334053e+01
9.714833333333334053e+01
9.714833333333334053e+01
9.714833333333334053e+01
9.714833333333334053e+01
9.714833333333334053e+01
9.714833333333334053e+01
9.714833333333334053e+01
9.714833333333334053e+01
9.714833333333334053e+01
9.714833333333334053e+01
9.714833333333334053e+01
9.714833333333334053e+01
9.714833333333334053e+01
9.714833333333334053e+01
9.714833333333334053e+01
9.714833333333334053e+01
9.714833333333334053e+01
9.714833333333334053e+01
9.714833333333334053e+01
9.714833333333334053e+01
9.714833333333334053e+01
9.714833333333334053e+01
9.714833333333334053e+01
9.714833333333334053e+01
9.714833333333334053e+01
9.714833333333334053e+01
9.714833333333334053e+01
9.714833333333334053e+01
9.714833333333334053e+01
9.714833333333334053e+01
9.714833333333334053e+01
9.714833333333334053e+01
9.714833333333334053e+01
9.714833333333334053e+01
9.714833333333334053e+01
9.714833333333334053e+01
9.714833333333334053e+01
9.714833333333334053e+01
9.714833333333334053e+01
9.714833333333334053e+01
9.714833333333334053e+01
9.714833333333334053e+01
9.714833333333334053e+01
9.714833333333334053e+01
9.714833333333334053e+01
9.714833333333334053e+01
9.714833333333334053e+01
9.714833333333334053e+01
9.714833333333334053e+01
9.714833333333334053e+01
9.714833333333334053e+01
9.714833333333334053e+01
9.714833333333334053e+01
9.714833333333334053e+01
9.714833333333334053e+01
9.714833333333334053e+01
9.714833333333334053e+01
9.714833333333334053e+01
9.714833333333334053e+01
9.714833333333334053e+01
9.714833333333334053e+01
9.714833333333334053e+01
9.714833333333334053e+01
9.714833333333334053e+01
9.714833333333334053e+01
9.714833333333334053e+01
9.714833333333334053e+01
9.714833333333334053e+01
9.714833333333334053e+01
9.714833333333334053e+01
9.714833333333334053e+01
9.714833333333334053e+01
9.714833333333334053e+01
9.714833333333334053e+01
9.714833333333334053e+01
9.714833333333334053e+01
9.714833333333334053e+01
9.714833333333334053e+01
9.714833333333334053e+01
9.714833333333334053e+01
9.714833333333334053e+01
9.714833333333334053e+01
9.714833333333334053e+01
9.714833333333334053e+01
9.714833333333334053e+01
9.714833333333334053e+01
9.714833333333334053e+01
9.714833333333334053e+01
9.714833333333334053e+01
9.714833333333334053e+01
9.714833333333334053e+01
9.714833333333334053e+01
9.714833333333334053e+01
9.714833333333334053e+01
9.714833333333334053e+01
9.714833333333334053e+01
9.714833333333334053e+01
9.714833333333334053e+01
9.714833333333334053e+01
9.714833333333334053e+01
9.714833333333334053e+01
9.714833333333334053e+01
9.714833333333334053e+01
9.714833333333334053e+01
9.714833333333334053e+01
9.714833333333334053e+01
9.714833333333334053e+01
9.714833333333334053e+01
9.714833333333334053e+01
9.714833333333334053e+01
9.714833333333334053e+01
9.714833333333334053e+01
9.714833333333334053e+01
9.714833333333334053e+01
9.714833333333334053e+01
9.714833333333334053e+01
9.714833333333334053e+01
9.714833333333334053e+01
9.714833333333334053e+01
9.714833333333334053e+01
9.714833333333334053e+01
9.714833333333334053e+01
9.714833333333334053e+01
9.714833333333334053e+01
9.714833333333334053e+01
9.714833333333334053e+01
9.714833333333334053e+01
9.714833333333334053e+01
9.714833333333334053e+01
9.714833333333334053e+01
9.714833333333334053e+01
9.714833333333334053e+01
9.714833333333334053e+01
9.714833333333334053e+01
9.714833333333334053e+01
9.714833333333334053e+01
9.714833333333334053e+01
9.714833333333334053e+01
9.714833333333334053e+01
9.714833333333334053e+01
9.714833333333334053e+01
9.714833333333334053e+01
9.714833333333334053e+01
9.714833333333334053e+01
9.714833333333334053e+01
9.714833333333334053e+01
9.714833333333334053e+01
9.714833333333334053e+01
9.714833333333334053e+01
9.714833333333334053e+01
9.714833333333334053e+01
9.714833333333334053e+01
9.714833333333334053e+01
9.714833333333334053e+01
9.714833333333334053e+01
9.714833333333334053e+01
9.714833333333334053e+01
9.714833333333334053e+01
9.714833333333334053e+01
9.714833333333334053e+01
9.714833333333334053e+01
9.714833333333334053e+01
9.714833333333334053e+01
9.714833333333334053e+01
9.714833333333334053e+01
9.714833333333334053e+01
9.714833333333334053e+01
9.714833333333334053e+01
9.714833333333334053e+01
9.714833333333334053e+01
9.714833333333334053e+01
9.714833333333334053e+01
9.714833333333334053e+01
9.714833333333334053e+01
9.714833333333334053e+01
9.714833333333334053e+01
9.714833333333334053e+01
9.714833333333334053e+01
9.714833333333334053e+01
9.714833333333334053e+01
9.714833333333334053e+01
9.714833333333334053e+01
9.714833333333334053e+01
9.714833333333334053e+01
9.714833333333334053e+01
9.714833333333334053e+01
9.714833333333334053e+01
9.714833333333334053e+01
9.714833333333334053e+01
9.714833333333334053e+01
9.714833333333334053e+01
9.714833333333334053e+01
9.714833333333334053e+01
9.714833333333334053e+01
9.714833333333334053e+01
9.714833333333334053e+01
9.714833333333334053e+01
9.714833333333334053e+01
9.714833333333334053e+01
9.714833333333334053e+01
9.714833333333334053e+01
9.714833333333334053e+01
9.714833333333334053e+01
9.714833333333334053e+01
9.714833333333334053e+01
9.714833333333334053e+01
9.714833333333334053e+01
9.714833333333334053e+01
9.714833333333334053e+01
9.714833333333334053e+01
9.714833333333334053e+01
9.714833333333334053e+01
9.714833333333334053e+01
9.714833333333334053e+01
9.714833333333334053e+01
9.714833333333334053e+01
9.714833333333334053e+01
9.714833333333334053e+01
9.714833333333334053e+01
9.714833333333334053e+01
9.714833333333334053e+01
9.714833333333334053e+01
9.714833333333334053e+01
9.714833333333334053e+01
9.714833333333334053e+01
9.714833333333334053e+01
9.714833333333334053e+01
9.714833333333334053e+01
9.714833333333334053e+01
9.714833333333334053e+01
9.714833333333334053e+01
9.714833333333334053e+01
9.714833333333334053e+01
9.714833333333334053e+01
9.714833333333334053e+01
9.714833333333334053e+01
9.714833333333334053e+01
9.714833333333334053e+01
9.714833333333334053e+01
9.714833333333334053e+01
9.714833333333334053e+01
9.714833333333334053e+01
9.714833333333334053e+01
9.714833333333334053e+01
9.714833333333334053e+01
9.714833333333334053e+01
9.714833333333334053e+01
9.714833333333334053e+01
9.714833333333334053e+01
9.714833333333334053e+01
9.714833333333334053e+01
9.714833333333334053e+01
9.714833333333334053e+01
9.714833333333334053e+01
9.714833333333334053e+01
9.714833333333334053e+01
9.714833333333334053e+01
9.714833333333334053e+01
9.714833333333334053e+01
9.714833333333334053e+01
9.714833333333334053e+01
9.714833333333334053e+01
9.714833333333334053e+01
9.714833333333334053e+01
9.714833333333334053e+01
9.714833333333334053e+01
9.714833333333334053e+01
9.714833333333334053e+01
9.714833333333334053e+01
9.714833333333334053e+01
9.714833333333334053e+01
9.714833333333334053e+01
9.714833333333334053e+01
9.714833333333334053e+01
9.714833333333334053e+01
9.714833333333334053e+01
9.714833333333334053e+01
9.714833333333334053e+01
9.714833333333334053e+01
9.714833333333334053e+01
9.714833333333334053e+01
9.714833333333334053e+01
9.714833333333334053e+01
9.714833333333334053e+01
9.714833333333334053e+01
9.714833333333334053e+01
9.714833333333334053e+01
9.714833333333334053e+01
9.714833333333334053e+01
9.714833333333334053e+01
9.714833333333334053e+01
9.714833333333334053e+01
9.714833333333334053e+01
9.714833333333334053e+01
9.714833333333334053e+01
9.714833333333334053e+01
9.714833333333334053e+01
9.714833333333334053e+01
9.714833333333334053e+01
9.714833333333334053e+01
9.714833333333334053e+01
9.714833333333334053e+01
9.714833333333334053e+01
9.714833333333334053e+01
9.714833333333334053e+01
9.714833333333334053e+01
9.714833333333334053e+01
9.714833333333334053e+01
9.714833333333334053e+01
9.714833333333334053e+01
9.714833333333334053e+01
9.714833333333334053e+01
9.714833333333334053e+01
9.714833333333334053e+01
9.714833333333334053e+01
9.714833333333334053e+01
9.714833333333334053e+01
9.714833333333334053e+01
9.714833333333334053e+01
9.714833333333334053e+01
9.714833333333334053e+01
9.714833333333334053e+01
9.714833333333334053e+01
9.714833333333334053e+01
9.714833333333334053e+01
9.714833333333334053e+01
9.714833333333334053e+01
9.714833333333334053e+01
9.714833333333334053e+01
9.714833333333334053e+01
9.714833333333334053e+01
9.714833333333334053e+01
9.714833333333334053e+01
9.714833333333334053e+01
9.714833333333334053e+01
9.714833333333334053e+01
9.714833333333334053e+01
9.714833333333334053e+01
9.714833333333334053e+01
9.714833333333334053e+01
9.714833333333334053e+01
9.714833333333334053e+01
9.714833333333334053e+01
9.714833333333334053e+01
9.714833333333334053e+01
9.714833333333334053e+01
9.714833333333334053e+01
9.714833333333334053e+01
9.714833333333334053e+01
9.714833333333334053e+01
9.714833333333334053e+01
9.714833333333334053e+01
9.714833333333334053e+01
9.714833333333334053e+01
9.714833333333334053e+01
9.714833333333334053e+01
9.714833333333334053e+01
9.714833333333334053e+01
9.714833333333334053e+01
9.714833333333334053e+01
9.714833333333334053e+01
9.714833333333334053e+01
9.714833333333334053e+01
9.714833333333334053e+01
9.714833333333334053e+01
9.714833333333334053e+01
9.714833333333334053e+01
9.714833333333334053e+01
9.714833333333334053e+01
9.714833333333334053e+01
9.714833333333334053e+01
9.714833333333334053e+01
9.714833333333334053e+01
9.714833333333334053e+01
9.714833333333334053e+01
9.714833333333334053e+01
9.714833333333334053e+01
9.714833333333334053e+01
9.714833333333334053e+01
9.714833333333334053e+01
9.714833333333334053e+01
9.714833333333334053e+01
9.714833333333334053e+01
9.714833333333334053e+01
9.714833333333334053e+01
9.714833333333334053e+01
9.714833333333334053e+01
9.714833333333334053e+01
9.714833333333334053e+01
9.714833333333334053e+01
9.714833333333334053e+01
9.714833333333334053e+01
9.714833333333334053e+01
9.714833333333334053e+01
9.714833333333334053e+01
9.714833333333334053e+01
9.714833333333334053e+01
9.714833333333334053e+01
9.714833333333334053e+01
9.714833333333334053e+01
9.714833333333334053e+01
9.714833333333334053e+01
9.714833333333334053e+01
9.714833333333334053e+01
9.714833333333334053e+01
9.714833333333334053e+01
9.714833333333334053e+01
9.714833333333334053e+01
9.714833333333334053e+01
9.714833333333334053e+01
9.714833333333334053e+01
9.714833333333334053e+01
9.714833333333334053e+01
9.714833333333334053e+01
9.714833333333334053e+01
9.714833333333334053e+01
9.714833333333334053e+01
9.714833333333334053e+01
9.714833333333334053e+01
9.714833333333334053e+01
9.714833333333334053e+01
9.714833333333334053e+01
9.714833333333334053e+01
9.714833333333334053e+01
9.714833333333334053e+01
9.714833333333334053e+01
9.714833333333334053e+01
9.714833333333334053e+01
9.714833333333334053e+01
9.714833333333334053e+01
9.714833333333334053e+01
9.714833333333334053e+01
9.714833333333334053e+01
9.714833333333334053e+01
9.714833333333334053e+01
9.714833333333334053e+01
9.714833333333334053e+01
9.714833333333334053e+01
9.714833333333334053e+01
9.714833333333334053e+01
9.714833333333334053e+01
9.714833333333334053e+01
9.714833333333334053e+01
9.714833333333334053e+01
9.714833333333334053e+01
9.714833333333334053e+01
9.714833333333334053e+01
9.714833333333334053e+01
9.714833333333334053e+01
9.714833333333334053e+01
9.714833333333334053e+01
9.714833333333334053e+01
9.714833333333334053e+01
9.714833333333334053e+01
9.714833333333334053e+01
9.714833333333334053e+01
9.714833333333334053e+01
9.714833333333334053e+01
9.714833333333334053e+01
9.714833333333334053e+01
9.714833333333334053e+01
9.714833333333334053e+01
9.714833333333334053e+01
9.714833333333334053e+01
9.714833333333334053e+01
9.714833333333334053e+01
9.714833333333334053e+01
9.714833333333334053e+01
9.714833333333334053e+01
9.714833333333334053e+01
9.714833333333334053e+01
9.714833333333334053e+01
9.714833333333334053e+01
9.714833333333334053e+01
9.714833333333334053e+01
9.714833333333334053e+01
9.714833333333334053e+01
9.714833333333334053e+01
9.714833333333334053e+01
9.714833333333334053e+01
9.714833333333334053e+01
9.714833333333334053e+01
9.714833333333334053e+01
9.714833333333334053e+01
9.714833333333334053e+01
9.714833333333334053e+01
9.714833333333334053e+01
9.714833333333334053e+01
9.714833333333334053e+01
9.714833333333334053e+01
9.714833333333334053e+01
9.714833333333334053e+01
9.714833333333334053e+01
9.714833333333334053e+01
9.714833333333334053e+01
9.714833333333334053e+01
9.714833333333334053e+01
9.714833333333334053e+01
9.714833333333334053e+01
9.714833333333334053e+01
9.714833333333334053e+01
9.714833333333334053e+01
9.714833333333334053e+01
9.714833333333334053e+01
9.714833333333334053e+01
9.714833333333334053e+01
9.714833333333334053e+01
9.714833333333334053e+01
9.714833333333334053e+01
9.714833333333334053e+01
9.714833333333334053e+01
9.714833333333334053e+01
9.714833333333334053e+01
9.714833333333334053e+01
9.714833333333334053e+01
9.714833333333334053e+01
9.714833333333334053e+01
9.714833333333334053e+01
9.714833333333334053e+01
9.714833333333334053e+01
9.714833333333334053e+01
9.714833333333334053e+01
9.714833333333334053e+01
9.714833333333334053e+01
9.714833333333334053e+01
9.714833333333334053e+01
9.714833333333334053e+01
9.714833333333334053e+01
9.714833333333334053e+01
9.714833333333334053e+01
9.714833333333334053e+01
9.714833333333334053e+01
9.714833333333334053e+01
9.714833333333334053e+01
9.714833333333334053e+01
9.714833333333334053e+01
9.714833333333334053e+01
9.714833333333334053e+01
9.714833333333334053e+01
9.714833333333334053e+01
9.714833333333334053e+01
9.714833333333334053e+01
9.714833333333334053e+01
9.714833333333334053e+01
9.714833333333334053e+01
9.714833333333334053e+01
9.714833333333334053e+01
9.714833333333334053e+01
9.714833333333334053e+01
9.714833333333334053e+01
9.714833333333334053e+01
9.714833333333334053e+01
9.714833333333334053e+01
9.714833333333334053e+01
9.714833333333334053e+01
9.714833333333334053e+01
9.714833333333334053e+01
9.714833333333334053e+01
9.714833333333334053e+01
9.714833333333334053e+01
9.714833333333334053e+01
9.714833333333334053e+01
9.714833333333334053e+01
9.714833333333334053e+01
9.714833333333334053e+01
9.714833333333334053e+01
9.714833333333334053e+01
9.714833333333334053e+01
9.714833333333334053e+01
9.714833333333334053e+01
9.714833333333334053e+01
9.714833333333334053e+01
9.714833333333334053e+01
9.714833333333334053e+01
9.714833333333334053e+01
9.714833333333334053e+01
9.714833333333334053e+01
9.714833333333334053e+01
9.714833333333334053e+01
9.714833333333334053e+01
9.714833333333334053e+01
9.714833333333334053e+01
9.714833333333334053e+01
9.714833333333334053e+01
9.714833333333334053e+01
9.714833333333334053e+01
9.714833333333334053e+01
9.714833333333334053e+01
9.714833333333334053e+01
9.714833333333334053e+01
9.714833333333334053e+01
9.714833333333334053e+01
9.714833333333334053e+01
9.714833333333334053e+01
9.714833333333334053e+01
9.714833333333334053e+01
9.714833333333334053e+01
9.714833333333334053e+01
9.714833333333334053e+01
9.714833333333334053e+01
9.714833333333334053e+01
9.714833333333334053e+01
9.714833333333334053e+01
9.714833333333334053e+01
9.714833333333334053e+01
9.714833333333334053e+01
9.714833333333334053e+01
9.714833333333334053e+01
9.714833333333334053e+01
9.714833333333334053e+01
9.714833333333334053e+01
9.714833333333334053e+01
9.714833333333334053e+01
9.714833333333334053e+01
9.714833333333334053e+01
9.714833333333334053e+01
9.714833333333334053e+01
9.714833333333334053e+01
9.714833333333334053e+01
9.714833333333334053e+01
9.714833333333334053e+01
9.714833333333334053e+01
9.714833333333334053e+01
9.714833333333334053e+01
9.714833333333334053e+01
9.714833333333334053e+01
9.714833333333334053e+01
9.714833333333334053e+01
9.714833333333334053e+01
9.714833333333334053e+01
9.714833333333334053e+01
9.714833333333334053e+01
9.714833333333334053e+01
9.714833333333334053e+01
9.714833333333334053e+01
9.714833333333334053e+01
9.714833333333334053e+01
9.714833333333334053e+01
9.714833333333334053e+01
9.714833333333334053e+01
9.714833333333334053e+01
9.714833333333334053e+01
9.714833333333334053e+01
9.714833333333334053e+01
9.714833333333334053e+01
9.714833333333334053e+01
9.714833333333334053e+01
9.714833333333334053e+01
9.714833333333334053e+01
9.714833333333334053e+01
9.714833333333334053e+01
9.714833333333334053e+01
9.714833333333334053e+01
9.714833333333334053e+01
9.714833333333334053e+01
9.714833333333334053e+01
9.714833333333334053e+01
9.714833333333334053e+01
9.714833333333334053e+01
9.714833333333334053e+01
9.714833333333334053e+01
9.714833333333334053e+01
9.714833333333334053e+01
9.714833333333334053e+01
9.714833333333334053e+01
9.714833333333334053e+01
9.714833333333334053e+01
9.714833333333334053e+01
9.714833333333334053e+01
9.714833333333334053e+01
9.714833333333334053e+01
9.714833333333334053e+01
9.714833333333334053e+01
9.714833333333334053e+01
9.714833333333334053e+01
9.714833333333334053e+01
9.714833333333334053e+01
9.714833333333334053e+01
9.714833333333334053e+01
9.714833333333334053e+01
9.714833333333334053e+01
9.714833333333334053e+01
9.714833333333334053e+01
9.714833333333334053e+01
9.714833333333334053e+01
9.714833333333334053e+01
9.714833333333334053e+01
9.714833333333334053e+01
9.714833333333334053e+01
9.714833333333334053e+01
9.714833333333334053e+01
9.714833333333334053e+01
9.714833333333334053e+01
9.714833333333334053e+01
9.714833333333334053e+01
9.714833333333334053e+01
9.714833333333334053e+01
9.714833333333334053e+01
9.714833333333334053e+01
9.714833333333334053e+01
9.714833333333334053e+01
9.714833333333334053e+01
9.714833333333334053e+01
9.714833333333334053e+01
9.714833333333334053e+01
9.714833333333334053e+01
9.714833333333334053e+01
9.714833333333334053e+01
9.714833333333334053e+01
9.714833333333334053e+01
9.714833333333334053e+01
9.714833333333334053e+01
9.714833333333334053e+01
9.714833333333334053e+01
9.714833333333334053e+01
9.714833333333334053e+01
9.714833333333334053e+01
9.714833333333334053e+01
9.714833333333334053e+01
9.714833333333334053e+01
9.714833333333334053e+01
9.714833333333334053e+01
9.714833333333334053e+01
