9.012833333333333030e+01
9.012833333333333030e+01
9.012833333333333030e+01
9.619166666666666288e+01
9.670333333333333314e+01
9.692833333333332746e+01
9.711833333333333940e+01
9.723333333333333428e+01
9.731999999999999318e+01
9.738666666666667027e+01
9.746999999999999886e+01
9.751166666666667027e+01
9.757500000000000284e+01
9.760166666666665947e+01
9.763333333333333997e+01
9.766166666666666174e+01
9.768500000000000227e+01
9.769666666666667254e+01
9.773666666666666458e+01
9.773333333333333428e+01
9.773999999999999488e+01
9.773833333333332973e+01
9.773999999999999488e+01
9.774166666666666003e+01
9.774500000000000455e+01
9.774666666666666970e+01
9.775499999999999545e+01
9.775499999999999545e+01
9.774500000000000455e+01
9.774500000000000455e+01
9.775166666666666515e+01
9.774666666666666970e+01
9.774666666666666970e+01
9.777166666666666117e+01
9.776000000000000512e+01
9.775666666666666060e+01
9.775499999999999545e+01
9.776666666666666572e+01
9.776666666666666572e+01
9.776833333333333087e+01
9.776666666666666572e+01
9.779666666666666686e+01
9.778833333333332689e+01
9.778666666666666174e+01
9.778666666666666174e+01
9.778333333333333144e+01
9.778499999999999659e+01
9.778833333333332689e+01
9.778666666666666174e+01
9.779999999999999716e+01
9.779833333333333201e+01
9.779833333333333201e+01
9.778833333333332689e+01
9.778833333333332689e+01
9.781499999999999773e+01
9.781333333333333258e+01
9.781166666666666742e+01
9.780833333333333712e+01
9.780500000000000682e+01
9.779833333333333201e+01
9.779333333333333655e+01
9.782333333333333769e+01
9.781666666666666288e+01
9.781000000000000227e+01
9.781000000000000227e+01
9.780500000000000682e+01
9.779833333333333201e+01
9.782166666666667254e+01
9.781333333333333258e+01
9.780833333333333712e+01
9.780666666666667197e+01
9.780666666666667197e+01
9.781666666666666288e+01
9.781499999999999773e+01
9.781333333333333258e+01
9.781833333333332803e+01
9.781666666666666288e+01
9.781833333333332803e+01
9.781999999999999318e+01
9.782666666666666799e+01
9.782500000000000284e+01
9.782500000000000284e+01
9.782500000000000284e+01
9.782833333333333314e+01
9.782666666666666799e+01
9.782999999999999829e+01
9.782666666666666799e+01
9.784333333333333371e+01
9.784166666666666856e+01
9.783666666666667311e+01
9.783499999999999375e+01
9.783333333333332860e+01
9.784000000000000341e+01
9.783499999999999375e+01
9.783666666666667311e+01
9.783333333333332860e+01
9.784999999999999432e+01
9.784499999999999886e+01
9.784499999999999886e+01
9.784333333333333371e+01
9.784166666666666856e+01
9.784333333333333371e+01
9.784000000000000341e+01
9.787000000000000455e+01
9.787000000000000455e+01
9.786666666666666003e+01
9.786166666666666458e+01
9.785666666666666913e+01
9.785999999999999943e+01
9.785666666666666913e+01
9.785666666666666913e+01
9.785666666666666913e+01
9.786833333333333940e+01
9.787000000000000455e+01
9.787166666666666970e+01
9.786666666666666003e+01
9.786833333333333940e+01
9.786833333333333940e+01
9.786333333333332973e+01
9.785999999999999943e+01
9.787500000000000000e+01
9.787166666666666970e+01
9.787333333333333485e+01
9.787333333333333485e+01
9.787000000000000455e+01
9.788833333333333542e+01
9.789000000000000057e+01
9.787666666666666515e+01
9.787500000000000000e+01
9.787166666666666970e+01
9.787000000000000455e+01
9.787166666666666970e+01
9.787166666666666970e+01
9.790166666666667084e+01
9.790333333333333599e+01
9.790333333333333599e+01
9.790500000000000114e+01
9.790166666666667084e+01
9.790166666666667084e+01
9.789833333333334053e+01
9.789666666666666117e+01
9.789499999999999602e+01
9.788833333333333542e+01
9.790500000000000114e+01
9.790500000000000114e+01
9.790166666666667084e+01
9.789666666666666117e+01
9.791166666666666174e+01
9.790833333333333144e+01
9.790500000000000114e+01
9.790166666666667084e+01
9.791333333333332689e+01
9.790999999999999659e+01
9.790999999999999659e+01
9.790833333333333144e+01
9.790666666666666629e+01
9.793666666666666742e+01
9.793666666666666742e+01
9.793500000000000227e+01
9.793500000000000227e+01
9.793166666666667197e+01
9.792833333333332746e+01
9.792666666666666231e+01
9.792166666666666686e+01
9.791833333333333655e+01
9.791666666666667140e+01
9.791666666666667140e+01
9.791500000000000625e+01
9.791500000000000625e+01
9.791666666666667140e+01
9.794833333333333769e+01
9.794499999999999318e+01
9.793999999999999773e+01
9.793833333333333258e+01
9.793833333333333258e+01
9.793833333333333258e+01
9.793666666666666742e+01
9.793333333333333712e+01
9.793333333333333712e+01
9.793500000000000227e+01
9.793500000000000227e+01
9.793333333333333712e+01
9.793500000000000227e+01
9.793500000000000227e+01
9.794166666666666288e+01
9.793999999999999773e+01
9.793833333333333258e+01
9.793999999999999773e+01
9.793666666666666742e+01
9.794166666666666288e+01
9.793999999999999773e+01
9.793833333333333258e+01
9.793666666666666742e+01
9.795499999999999829e+01
9.795666666666666345e+01
9.795333333333333314e+01
9.795333333333333314e+01
9.795333333333333314e+01
9.795333333333333314e+01
9.795166666666666799e+01
9.795166666666666799e+01
9.794833333333333769e+01
9.795499999999999829e+01
9.795499999999999829e+01
9.795333333333333314e+01
9.795333333333333314e+01
9.795499999999999829e+01
9.795499999999999829e+01
9.795499999999999829e+01
9.795333333333333314e+01
9.795166666666666799e+01
9.795166666666666799e+01
9.796333333333333826e+01
9.795999999999999375e+01
9.795499999999999829e+01
9.795499999999999829e+01
9.795166666666666799e+01
9.795000000000000284e+01
9.795000000000000284e+01
9.796333333333333826e+01
9.795499999999999829e+01
9.795499999999999829e+01
9.795000000000000284e+01
9.795333333333333314e+01
9.795333333333333314e+01
9.796833333333333371e+01
9.796500000000000341e+01
9.796166666666667311e+01
9.795999999999999375e+01
9.796166666666667311e+01
9.796166666666667311e+01
9.796333333333333826e+01
9.795999999999999375e+01
9.796666666666666856e+01
9.796500000000000341e+01
9.796333333333333826e+01
9.796333333333333826e+01
9.796333333333333826e+01
9.796166666666667311e+01
9.796500000000000341e+01
9.796333333333333826e+01
9.796666666666666856e+01
9.796333333333333826e+01
9.796666666666666856e+01
9.798499999999999943e+01
9.798166666666666913e+01
9.798000000000000398e+01
9.797666666666665947e+01
9.797333333333332916e+01
9.797333333333332916e+01
9.797333333333332916e+01
9.797333333333332916e+01
9.798000000000000398e+01
9.797833333333333883e+01
9.797499999999999432e+01
9.797499999999999432e+01
9.797333333333332916e+01
9.798833333333332973e+01
9.798833333333332973e+01
9.798666666666666458e+01
9.798333333333333428e+01
9.798166666666666913e+01
9.798166666666666913e+01
9.798166666666666913e+01
9.798000000000000398e+01
9.798666666666666458e+01
9.798499999999999943e+01
9.798333333333333428e+01
9.798333333333333428e+01
9.798333333333333428e+01
9.798999999999999488e+01
9.798999999999999488e+01
9.799166666666666003e+01
9.798999999999999488e+01
9.798999999999999488e+01
9.798666666666666458e+01
9.798499999999999943e+01
9.799166666666666003e+01
9.798999999999999488e+01
9.798999999999999488e+01
9.799833333333333485e+01
9.800000000000000000e+01
9.800000000000000000e+01
9.799833333333333485e+01
9.799666666666666970e+01
9.799833333333333485e+01
9.799666666666666970e+01
9.799666666666666970e+01
9.799666666666666970e+01
9.799666666666666970e+01
9.799666666666666970e+01
9.800666666666666060e+01
9.800499999999999545e+01
9.800333333333333030e+01
9.800166666666666515e+01
9.799833333333333485e+01
9.799500000000000455e+01
9.799500000000000455e+01
9.799333333333333940e+01
9.799166666666666003e+01
9.798833333333332973e+01
9.799333333333333940e+01
9.799333333333333940e+01
9.799166666666666003e+01
9.801666666666666572e+01
9.801333333333333542e+01
9.801166666666667027e+01
9.800666666666666060e+01
9.800499999999999545e+01
9.800333333333333030e+01
9.800333333333333030e+01
9.799666666666666970e+01
9.799333333333333940e+01
9.799333333333333940e+01
9.799500000000000455e+01
9.799333333333333940e+01
9.800833333333333997e+01
9.800499999999999545e+01
9.800666666666666060e+01
9.800333333333333030e+01
9.800000000000000000e+01
9.799833333333333485e+01
9.799833333333333485e+01
9.799500000000000455e+01
9.800166666666666515e+01
9.799833333333333485e+01
9.799833333333333485e+01
9.799500000000000455e+01
9.801999999999999602e+01
9.801833333333333087e+01
9.801666666666666572e+01
9.801666666666666572e+01
9.801500000000000057e+01
9.801333333333333542e+01
9.801500000000000057e+01
9.801333333333333542e+01
9.801000000000000512e+01
9.801000000000000512e+01
9.801000000000000512e+01
9.800666666666666060e+01
9.800333333333333030e+01
9.801166666666667027e+01
9.801000000000000512e+01
9.800833333333333997e+01
9.800666666666666060e+01
9.802166666666666117e+01
9.801833333333333087e+01
9.801666666666666572e+01
9.801500000000000057e+01
9.801833333333333087e+01
9.801666666666666572e+01
9.801666666666666572e+01
9.801500000000000057e+01
9.801500000000000057e+01
9.801500000000000057e+01
9.801500000000000057e+01
9.801833333333333087e+01
9.801833333333333087e+01
9.801666666666666572e+01
9.802333333333334053e+01
9.802333333333334053e+01
9.801999999999999602e+01
9.801999999999999602e+01
9.801999999999999602e+01
9.801999999999999602e+01
9.801999999999999602e+01
9.801833333333333087e+01
9.801833333333333087e+01
9.801833333333333087e+01
9.801666666666666572e+01
9.802500000000000568e+01
9.802500000000000568e+01
9.802500000000000568e+01
9.802333333333334053e+01
9.802166666666666117e+01
9.801999999999999602e+01
9.801999999999999602e+01
9.801999999999999602e+01
9.802166666666666117e+01
9.802166666666666117e+01
9.802333333333334053e+01
9.802666666666667084e+01
9.802666666666667084e+01
9.802833333333333599e+01
9.802833333333333599e+01
9.802666666666667084e+01
9.802666666666667084e+01
9.802333333333334053e+01
9.802333333333334053e+01
9.802166666666666117e+01
9.802333333333334053e+01
9.802166666666666117e+01
9.802333333333334053e+01
9.802500000000000568e+01
9.802333333333334053e+01
9.803499999999999659e+01
9.803666666666666174e+01
9.803499999999999659e+01
9.803666666666666174e+01
9.803666666666666174e+01
9.803499999999999659e+01
9.803666666666666174e+01
9.803499999999999659e+01
9.803499999999999659e+01
9.803499999999999659e+01
9.803499999999999659e+01
9.803499999999999659e+01
9.803499999999999659e+01
9.803499999999999659e+01
9.803833333333332689e+01
9.803666666666666174e+01
9.803499999999999659e+01
9.803499999999999659e+01
9.803499999999999659e+01
9.803333333333333144e+01
9.803333333333333144e+01
9.803333333333333144e+01
9.803666666666666174e+01
9.803499999999999659e+01
9.803499999999999659e+01
9.803499999999999659e+01
9.803333333333333144e+01
9.803833333333332689e+01
9.803666666666666174e+01
9.803666666666666174e+01
9.803499999999999659e+01
9.803499999999999659e+01
9.803333333333333144e+01
9.803499999999999659e+01
9.803499999999999659e+01
9.803833333333332689e+01
9.803833333333332689e+01
9.803666666666666174e+01
9.803666666666666174e+01
9.803666666666666174e+01
9.803833333333332689e+01
9.803666666666666174e+01
9.803666666666666174e+01
9.803666666666666174e+01
9.804999999999999716e+01
9.805166666666666231e+01
9.805166666666666231e+01
9.804666666666666686e+01
9.804500000000000171e+01
9.804333333333333655e+01
9.804333333333333655e+01
9.804166666666667140e+01
9.804166666666667140e+01
9.804000000000000625e+01
9.803833333333332689e+01
9.803833333333332689e+01
9.803833333333332689e+01
9.804166666666667140e+01
9.804166666666667140e+01
9.804166666666667140e+01
9.804166666666667140e+01
9.804166666666667140e+01
9.804500000000000171e+01
9.804500000000000171e+01
9.804500000000000171e+01
9.804333333333333655e+01
9.804500000000000171e+01
9.804500000000000171e+01
9.804500000000000171e+01
9.804500000000000171e+01
9.804500000000000171e+01
9.804500000000000171e+01
9.804333333333333655e+01
9.804166666666667140e+01
9.804333333333333655e+01
9.805500000000000682e+01
9.805333333333332746e+01
9.805166666666666231e+01
9.804999999999999716e+01
9.804999999999999716e+01
9.804833333333333201e+01
9.804833333333333201e+01
9.804833333333333201e+01
9.804833333333333201e+01
9.804666666666666686e+01
9.804666666666666686e+01
9.804833333333333201e+01
9.804833333333333201e+01
9.804833333333333201e+01
9.804666666666666686e+01
9.805500000000000682e+01
9.805500000000000682e+01
9.805333333333332746e+01
9.805500000000000682e+01
9.805500000000000682e+01
9.805500000000000682e+01
9.805500000000000682e+01
9.805500000000000682e+01
9.805500000000000682e+01
9.805333333333332746e+01
9.805333333333332746e+01
9.805333333333332746e+01
9.805166666666666231e+01
9.805166666666666231e+01
9.805166666666666231e+01
9.804833333333333201e+01
9.804833333333333201e+01
9.804833333333333201e+01
9.804833333333333201e+01
9.804999999999999716e+01
9.805500000000000682e+01
9.805500000000000682e+01
9.805500000000000682e+01
9.805500000000000682e+01
9.805500000000000682e+01
9.805500000000000682e+01
9.805500000000000682e+01
9.805333333333332746e+01
9.805500000000000682e+01
9.805500000000000682e+01
9.805166666666666231e+01
9.805500000000000682e+01
9.805500000000000682e+01
9.805500000000000682e+01
9.805666666666667197e+01
9.805666666666667197e+01
9.805666666666667197e+01
9.806000000000000227e+01
9.806166666666666742e+01
9.806166666666666742e+01
9.806000000000000227e+01
9.805833333333333712e+01
9.805666666666667197e+01
9.805666666666667197e+01
9.805666666666667197e+01
9.805666666666667197e+01
9.805666666666667197e+01
9.805666666666667197e+01
9.806000000000000227e+01
9.806000000000000227e+01
9.805833333333333712e+01
9.805833333333333712e+01
9.805666666666667197e+01
9.805833333333333712e+01
9.805833333333333712e+01
9.805833333333333712e+01
9.805833333333333712e+01
9.805833333333333712e+01
9.805833333333333712e+01
9.806000000000000227e+01
9.805833333333333712e+01
9.805833333333333712e+01
9.805833333333333712e+01
9.805833333333333712e+01
9.805833333333333712e+01
9.805666666666667197e+01
9.805833333333333712e+01
9.805833333333333712e+01
9.805833333333333712e+01
9.805833333333333712e+01
9.805833333333333712e+01
9.805833333333333712e+01
9.805833333333333712e+01
9.806000000000000227e+01
9.806000000000000227e+01
9.806000000000000227e+01
9.806000000000000227e+01
9.806000000000000227e+01
9.806166666666666742e+01
9.806166666666666742e+01
9.806000000000000227e+01
9.805833333333333712e+01
9.805833333333333712e+01
9.805666666666667197e+01
9.805666666666667197e+01
9.806333333333333258e+01
9.806166666666666742e+01
9.806166666666666742e+01
9.806166666666666742e+01
9.806166666666666742e+01
9.806000000000000227e+01
9.806000000000000227e+01
9.805833333333333712e+01
9.805833333333333712e+01
9.805833333333333712e+01
9.805833333333333712e+01
9.806000000000000227e+01
9.806166666666666742e+01
9.806166666666666742e+01
9.806166666666666742e+01
9.806166666666666742e+01
9.806000000000000227e+01
9.806000000000000227e+01
9.806166666666666742e+01
9.806166666666666742e+01
9.806166666666666742e+01
9.806166666666666742e+01
9.806166666666666742e+01
9.806333333333333258e+01
9.806333333333333258e+01
9.806000000000000227e+01
9.806000000000000227e+01
9.805833333333333712e+01
9.805666666666667197e+01
9.805666666666667197e+01
9.806000000000000227e+01
9.806000000000000227e+01
9.806000000000000227e+01
9.806000000000000227e+01
9.807166666666667254e+01
9.806999999999999318e+01
9.807166666666667254e+01
9.806999999999999318e+01
9.806666666666666288e+01
9.806666666666666288e+01
9.806666666666666288e+01
9.806666666666666288e+01
9.806833333333332803e+01
9.806833333333332803e+01
9.806833333333332803e+01
9.806833333333332803e+01
9.806666666666666288e+01
9.806499999999999773e+01
9.806499999999999773e+01
9.806333333333333258e+01
9.806333333333333258e+01
9.806333333333333258e+01
9.806333333333333258e+01
9.806333333333333258e+01
9.806333333333333258e+01
9.806333333333333258e+01
9.806666666666666288e+01
9.806666666666666288e+01
9.806666666666666288e+01
9.806833333333332803e+01
9.806833333333332803e+01
9.806666666666666288e+01
9.806499999999999773e+01
9.806333333333333258e+01
9.806333333333333258e+01
9.806333333333333258e+01
9.806333333333333258e+01
9.808499999999999375e+01
9.808333333333332860e+01
9.808333333333332860e+01
9.808166666666666345e+01
9.808166666666666345e+01
9.807999999999999829e+01
9.807999999999999829e+01
9.807833333333333314e+01
9.807833333333333314e+01
9.807833333333333314e+01
9.807666666666666799e+01
9.807833333333333314e+01
9.807833333333333314e+01
9.807833333333333314e+01
9.807666666666666799e+01
9.807666666666666799e+01
9.807500000000000284e+01
9.807500000000000284e+01
9.807333333333333769e+01
9.807333333333333769e+01
9.807333333333333769e+01
9.807166666666667254e+01
9.806999999999999318e+01
9.806999999999999318e+01
9.806999999999999318e+01
9.806999999999999318e+01
9.806833333333332803e+01
9.806833333333332803e+01
9.806833333333332803e+01
9.807666666666666799e+01
9.807500000000000284e+01
9.807333333333333769e+01
9.807333333333333769e+01
9.807500000000000284e+01
9.807333333333333769e+01
9.807333333333333769e+01
9.807333333333333769e+01
9.807333333333333769e+01
9.807166666666667254e+01
9.806999999999999318e+01
9.808333333333332860e+01
9.808333333333332860e+01
9.808166666666666345e+01
9.808166666666666345e+01
9.807833333333333314e+01
9.807833333333333314e+01
9.807833333333333314e+01
9.807833333333333314e+01
9.807666666666666799e+01
9.807666666666666799e+01
9.807666666666666799e+01
9.807833333333333314e+01
9.807833333333333314e+01
9.807833333333333314e+01
9.807666666666666799e+01
9.807666666666666799e+01
9.807666666666666799e+01
9.807500000000000284e+01
9.807333333333333769e+01
9.807333333333333769e+01
9.808166666666666345e+01
9.807999999999999829e+01
9.807999999999999829e+01
9.807999999999999829e+01
9.807999999999999829e+01
9.807833333333333314e+01
9.807833333333333314e+01
9.807666666666666799e+01
9.807666666666666799e+01
9.807500000000000284e+01
9.807666666666666799e+01
9.807999999999999829e+01
9.807999999999999829e+01
9.807999999999999829e+01
9.807999999999999829e+01
9.807999999999999829e+01
9.807999999999999829e+01
9.807833333333333314e+01
9.807833333333333314e+01
9.807833333333333314e+01
9.808333333333332860e+01
9.808333333333332860e+01
9.808333333333332860e+01
9.808333333333332860e+01
9.808333333333332860e+01
9.808166666666666345e+01
9.807999999999999829e+01
9.807999999999999829e+01
9.807666666666666799e+01
9.807666666666666799e+01
9.807666666666666799e+01
9.807666666666666799e+01
9.807833333333333314e+01
9.807833333333333314e+01
9.808499999999999375e+01
9.808666666666667311e+01
9.808666666666667311e+01
9.808666666666667311e+01
9.808666666666667311e+01
9.808666666666667311e+01
9.808833333333333826e+01
9.808833333333333826e+01
9.808833333333333826e+01
9.808833333333333826e+01
9.808499999999999375e+01
9.808499999999999375e+01
9.808499999999999375e+01
9.808499999999999375e+01
9.808499999999999375e+01
9.808499999999999375e+01
9.808499999999999375e+01
9.808499999999999375e+01
9.808499999999999375e+01
9.808666666666667311e+01
9.808666666666667311e+01
9.808833333333333826e+01
9.808833333333333826e+01
9.808833333333333826e+01
9.808833333333333826e+01
9.808833333333333826e+01
9.808833333333333826e+01
9.808833333333333826e+01
9.808833333333333826e+01
9.808833333333333826e+01
9.808833333333333826e+01
9.808833333333333826e+01
9.808499999999999375e+01
9.808499999999999375e+01
9.808499999999999375e+01
9.808499999999999375e+01
9.808499999999999375e+01
9.808666666666667311e+01
9.808666666666667311e+01
9.808666666666667311e+01
9.808499999999999375e+01
9.808499999999999375e+01
9.808499999999999375e+01
9.808499999999999375e+01
9.808499999999999375e+01
9.808499999999999375e+01
9.808333333333332860e+01
9.808333333333332860e+01
9.808333333333332860e+01
9.808666666666667311e+01
9.808666666666667311e+01
9.808666666666667311e+01
9.808666666666667311e+01
9.808666666666667311e+01
9.808666666666667311e+01
9.808666666666667311e+01
9.808499999999999375e+01
9.808499999999999375e+01
9.808499999999999375e+01
9.808333333333332860e+01
9.808333333333332860e+01
9.808666666666667311e+01
9.808666666666667311e+01
9.808666666666667311e+01
9.808666666666667311e+01
9.808666666666667311e+01
9.808499999999999375e+01
9.808333333333332860e+01
9.808333333333332860e+01
9.808333333333332860e+01
9.808333333333332860e+01
9.808333333333332860e+01
9.808333333333332860e+01
9.807999999999999829e+01
9.807833333333333314e+01
9.807833333333333314e+01
9.807999999999999829e+01
9.807999999999999829e+01
9.807999999999999829e+01
9.807999999999999829e+01
9.807999999999999829e+01
9.807999999999999829e+01
9.807999999999999829e+01
9.807999999999999829e+01
9.807999999999999829e+01
9.807999999999999829e+01
9.807999999999999829e+01
9.807999999999999829e+01
9.807999999999999829e+01
9.807999999999999829e+01
9.807999999999999829e+01
9.807999999999999829e+01
9.807999999999999829e+01
9.807999999999999829e+01
9.807999999999999829e+01
9.807999999999999829e+01
9.807999999999999829e+01
9.807999999999999829e+01
9.807999999999999829e+01
9.807999999999999829e+01
9.807999999999999829e+01
9.807999999999999829e+01
9.807999999999999829e+01
9.807999999999999829e+01
9.807999999999999829e+01
9.807999999999999829e+01
9.807999999999999829e+01
9.807999999999999829e+01
9.807999999999999829e+01
9.807999999999999829e+01
9.807999999999999829e+01
9.807999999999999829e+01
9.807999999999999829e+01
9.807999999999999829e+01
9.807999999999999829e+01
9.807999999999999829e+01
9.807999999999999829e+01
9.807999999999999829e+01
9.807999999999999829e+01
9.807999999999999829e+01
9.807999999999999829e+01
9.807999999999999829e+01
9.807999999999999829e+01
9.807999999999999829e+01
9.807999999999999829e+01
9.807999999999999829e+01
9.807999999999999829e+01
9.807999999999999829e+01
9.807999999999999829e+01
9.808166666666666345e+01
9.808166666666666345e+01
9.808166666666666345e+01
9.808166666666666345e+01
9.808166666666666345e+01
9.808166666666666345e+01
9.808166666666666345e+01
9.808166666666666345e+01
9.807999999999999829e+01
9.807999999999999829e+01
9.807999999999999829e+01
9.807999999999999829e+01
9.807999999999999829e+01
9.807999999999999829e+01
9.807999999999999829e+01
9.807999999999999829e+01
9.807833333333333314e+01
9.807833333333333314e+01
9.807833333333333314e+01
9.807833333333333314e+01
9.807833333333333314e+01
9.807833333333333314e+01
9.807833333333333314e+01
9.807833333333333314e+01
9.807833333333333314e+01
9.807833333333333314e+01
9.807833333333333314e+01
9.807833333333333314e+01
9.807833333333333314e+01
9.807833333333333314e+01
9.807833333333333314e+01
9.807833333333333314e+01
9.807833333333333314e+01
9.807833333333333314e+01
9.807833333333333314e+01
9.807833333333333314e+01
9.807833333333333314e+01
9.807833333333333314e+01
9.807833333333333314e+01
9.807833333333333314e+01
9.807999999999999829e+01
9.807999999999999829e+01
9.807999999999999829e+01
9.807999999999999829e+01
9.807999999999999829e+01
9.807999999999999829e+01
9.807999999999999829e+01
9.807999999999999829e+01
9.807833333333333314e+01
9.807833333333333314e+01
9.807833333333333314e+01
9.807833333333333314e+01
9.807833333333333314e+01
9.807833333333333314e+01
9.807833333333333314e+01
9.807833333333333314e+01
9.807833333333333314e+01
9.807833333333333314e+01
9.807833333333333314e+01
9.807833333333333314e+01
9.807833333333333314e+01
9.807833333333333314e+01
9.807833333333333314e+01
9.808166666666666345e+01
9.808166666666666345e+01
9.808166666666666345e+01
9.808166666666666345e+01
9.808166666666666345e+01
9.807999999999999829e+01
9.807999999999999829e+01
9.807999999999999829e+01
9.807999999999999829e+01
9.807999999999999829e+01
9.807999999999999829e+01
9.807999999999999829e+01
9.807999999999999829e+01
9.807999999999999829e+01
9.807999999999999829e+01
9.807999999999999829e+01
9.807999999999999829e+01
9.807999999999999829e+01
9.807999999999999829e+01
9.807999999999999829e+01
9.807999999999999829e+01
9.807999999999999829e+01
9.808166666666666345e+01
9.808166666666666345e+01
9.808166666666666345e+01
9.808166666666666345e+01
9.808166666666666345e+01
9.808166666666666345e+01
9.808166666666666345e+01
9.808166666666666345e+01
9.808166666666666345e+01
9.808166666666666345e+01
9.808166666666666345e+01
9.808166666666666345e+01
9.808166666666666345e+01
9.808166666666666345e+01
9.808166666666666345e+01
9.808166666666666345e+01
9.807999999999999829e+01
9.807999999999999829e+01
9.807999999999999829e+01
9.807999999999999829e+01
9.807999999999999829e+01
9.807999999999999829e+01
9.807999999999999829e+01
9.807999999999999829e+01
9.807999999999999829e+01
9.807999999999999829e+01
9.807999999999999829e+01
9.807999999999999829e+01
9.807833333333333314e+01
9.807833333333333314e+01
9.807833333333333314e+01
9.807833333333333314e+01
9.807833333333333314e+01
9.807833333333333314e+01
9.807999999999999829e+01
9.807999999999999829e+01
9.807999999999999829e+01
9.807833333333333314e+01
9.807833333333333314e+01
9.807833333333333314e+01
9.807666666666666799e+01
9.807666666666666799e+01
9.807666666666666799e+01
9.807666666666666799e+01
9.807666666666666799e+01
9.807666666666666799e+01
9.807666666666666799e+01
9.807666666666666799e+01
9.807833333333333314e+01
9.807833333333333314e+01
9.807833333333333314e+01
9.807833333333333314e+01
9.807833333333333314e+01
9.807833333333333314e+01
9.807833333333333314e+01
