9.999999999999997780e-02
9.399999999999997247e-02
8.799999999999996714e-02
8.199999999999996181e-02
7.600000000000001199e-02
7.000000000000000666e-02
6.400000000000000133e-02
5.799999999999999600e-02
5.199999999999999067e-02
4.599999999999998535e-02
3.999999999999998002e-02
3.400000000000000244e-02
2.799999999999999711e-02
2.199999999999999178e-02
1.599999999999998646e-02
9.999999999999981126e-03
3.999999999999975797e-03
-2.000000000000001776e-03
-8.000000000000007105e-03
-1.400000000000001243e-02
-2.000000000000001776e-02
-2.600000000000002309e-02
-3.200000000000000067e-02
-3.800000000000000600e-02
-4.400000000000001132e-02
-5.000000000000001665e-02
-5.600000000000002198e-02
-6.199999999999999956e-02
-6.800000000000000488e-02
-7.400000000000001021e-02
-8.000000000000001554e-02
-8.600000000000000699e-02
-9.200000000000001232e-02
-9.800000000000001765e-02
-1.040000000000000091e-01
-1.100000000000000144e-01
-1.160000000000000059e-01
-1.220000000000000112e-01
-1.280000000000000027e-01
-1.340000000000000080e-01
-1.400000000000000133e-01
-1.460000000000000187e-01
-1.520000000000000240e-01
-1.580000000000000016e-01
-1.640000000000000069e-01
-1.700000000000000122e-01
-1.760000000000000175e-01
-1.820000000000000229e-01
-1.880000000000000004e-01
-1.940000000000000058e-01
-2.000000000000000111e-01
