-2.000000000000000111e-01
-1.940000000000000058e-01
-1.880000000000000282e-01
-1.820000000000000229e-01
-1.760000000000000175e-01
-1.700000000000000400e-01
-1.640000000000000346e-01
-1.580000000000000293e-01
-1.520000000000000240e-01
-1.460000000000000187e-01
-1.400000000000000411e-01
-1.340000000000000635e-01
-1.280000000000000582e-01
-1.220000000000000528e-01
-1.160000000000000614e-01
-1.100000000000000561e-01
-1.040000000000000507e-01
-9.800000000000004541e-02
-9.200000000000004008e-02
-8.600000000000004863e-02
-8.000000000000004330e-02
-7.400000000000003797e-02
-6.800000000000003264e-02
-6.200000000000002731e-02
-5.600000000000002198e-02
-5.000000000000004441e-02
-4.400000000000003908e-02
-3.800000000000006151e-02
-3.200000000000005618e-02
-2.600000000000005085e-02
-2.000000000000004552e-02
-1.400000000000004019e-02
-8.000000000000034861e-03
-2.000000000000029532e-03
3.999999999999975797e-03
9.999999999999981126e-03
1.599999999999998646e-02
2.199999999999996403e-02
2.799999999999996936e-02
3.399999999999997469e-02
3.999999999999998002e-02
4.599999999999998535e-02
5.199999999999999067e-02
5.799999999999999600e-02
6.400000000000000133e-02
7.000000000000000666e-02
7.600000000000001199e-02
8.200000000000001732e-02
8.800000000000002265e-02
9.400000000000002798e-02
9.999999999999997780e-02
