9.012833333333333030e+01
9.763333333333333997e+01
9.806333333333333258e+01
9.828499999999999659e+01
9.840000000000000568e+01
9.848833333333332973e+01
9.855666666666667197e+01
9.860333333333333883e+01
9.864499999999999602e+01
9.868999999999999773e+01
9.873333333333333428e+01
9.876000000000000512e+01
9.877833333333333599e+01
9.879333333333333655e+01
9.881000000000000227e+01
9.883499999999999375e+01
9.885666666666666913e+01
9.886499999999999488e+01
9.888166666666666060e+01
9.889499999999999602e+01
9.890666666666666629e+01
9.892499999999999716e+01
9.893500000000000227e+01
9.893833333333333258e+01
9.894166666666666288e+01
9.894499999999999318e+01
9.895000000000000284e+01
9.895166666666666799e+01
9.896333333333333826e+01
9.896666666666666856e+01
9.896833333333333371e+01
9.896999999999999886e+01
9.897666666666665947e+01
9.897833333333333883e+01
9.898333333333333428e+01
9.899166666666666003e+01
9.899833333333333485e+01
9.900499999999999545e+01
9.901166666666667027e+01
9.901500000000000057e+01
9.901999999999999602e+01
9.902166666666666117e+01
9.902833333333333599e+01
9.902666666666667084e+01
9.902666666666667084e+01
9.903000000000000114e+01
9.903333333333333144e+01
9.903499999999999659e+01
9.903499999999999659e+01
9.904000000000000625e+01
9.904166666666667140e+01
9.904500000000000171e+01
9.904333333333333655e+01
9.904500000000000171e+01
9.904999999999999716e+01
9.904999999999999716e+01
9.904833333333333201e+01
9.905166666666666231e+01
9.905166666666666231e+01
9.905500000000000682e+01
9.905666666666667197e+01
9.906166666666666742e+01
9.906166666666666742e+01
9.906166666666666742e+01
9.906333333333333258e+01
9.906499999999999773e+01
9.907166666666667254e+01
9.907500000000000284e+01
9.907833333333333314e+01
9.907833333333333314e+01
9.907833333333333314e+01
9.907999999999999829e+01
9.907999999999999829e+01
9.907999999999999829e+01
9.908166666666666345e+01
9.907999999999999829e+01
9.907833333333333314e+01
9.908166666666666345e+01
9.908166666666666345e+01
9.908166666666666345e+01
9.909000000000000341e+01
9.909166666666666856e+01
9.909333333333333371e+01
9.909333333333333371e+01
9.909166666666666856e+01
9.909333333333333371e+01
9.909333333333333371e+01
9.909333333333333371e+01
9.909666666666666401e+01
9.909666666666666401e+01
9.909666666666666401e+01
9.909833333333332916e+01
9.909666666666666401e+01
9.910666666666666913e+01
9.910666666666666913e+01
9.910666666666666913e+01
9.910833333333333428e+01
9.910999999999999943e+01
9.911333333333332973e+01
9.911499999999999488e+01
