9.012833333333333030e+01
9.012833333333333030e+01
9.012833333333333030e+01
9.301333333333333542e+01
9.298833333333332973e+01
9.299666666666666970e+01
9.302166666666666117e+01
9.303833333333332689e+01
9.308833333333333826e+01
9.314666666666666117e+01
9.318999999999999773e+01
9.324666666666666970e+01
9.331333333333333258e+01
9.337666666666666515e+01
9.345000000000000284e+01
9.350499999999999545e+01
9.357166666666667254e+01
9.364166666666666572e+01
9.371166666666667311e+01
9.377333333333334053e+01
9.382999999999999829e+01
9.391666666666667140e+01
9.398666666666666458e+01
9.403666666666666174e+01
9.410333333333333883e+01
9.414833333333334053e+01
9.419333333333332803e+01
9.425833333333333997e+01
9.430333333333332746e+01
9.435999999999999943e+01
9.441666666666667140e+01
9.445999999999999375e+01
9.451833333333333087e+01
9.455666666666667197e+01
9.459666666666666401e+01
9.464166666666666572e+01
9.466333333333332689e+01
9.469499999999999318e+01
9.473166666666666913e+01
9.478000000000000114e+01
9.481666666666666288e+01
9.483833333333333826e+01
9.487000000000000455e+01
9.491666666666667140e+01
9.494833333333333769e+01
9.497666666666665947e+01
9.501333333333333542e+01
9.505833333333333712e+01
9.508666666666667311e+01
9.510500000000000398e+01
9.512166666666666970e+01
9.514000000000000057e+01
9.516833333333333655e+01
9.519499999999999318e+01
9.521166666666667311e+01
9.522833333333333883e+01
9.525666666666666060e+01
9.527166666666666117e+01
9.529166666666667140e+01
9.531999999999999318e+01
9.534166666666666856e+01
9.535833333333333428e+01
9.537000000000000455e+01
9.538666666666667027e+01
9.541166666666666174e+01
9.543500000000000227e+01
9.545000000000000284e+01
9.546833333333333371e+01
9.549166666666666003e+01
9.550833333333332575e+01
9.551500000000000057e+01
9.553666666666666174e+01
9.554166666666667140e+01
9.555166666666666231e+01
9.556499999999999773e+01
9.557500000000000284e+01
9.558666666666667311e+01
9.559166666666666856e+01
9.562166666666666970e+01
9.562333333333333485e+01
9.563666666666667027e+01
9.564666666666666117e+01
9.565500000000000114e+01
9.566500000000000625e+01
9.567499999999999716e+01
9.568666666666666742e+01
9.570000000000000284e+01
9.571333333333333826e+01
9.572666666666665947e+01
9.573666666666666458e+01
9.574666666666666970e+01
9.576666666666666572e+01
9.577833333333333599e+01
9.579333333333333655e+01
9.580333333333332746e+01
9.580500000000000682e+01
9.580833333333333712e+01
9.581333333333333258e+01
9.581999999999999318e+01
9.582666666666666799e+01
9.583333333333332860e+01
9.584000000000000341e+01
9.584666666666666401e+01
9.584999999999999432e+01
9.585166666666665947e+01
9.586666666666667425e+01
9.587833333333333030e+01
9.588333333333333997e+01
9.589000000000000057e+01
9.589666666666666117e+01
9.590500000000000114e+01
9.590833333333333144e+01
9.591333333333332689e+01
9.591833333333333655e+01
9.592333333333333201e+01
9.592833333333332746e+01
9.593666666666666742e+01
9.594666666666667254e+01
9.594833333333333769e+01
9.595000000000000284e+01
9.595999999999999375e+01
9.595999999999999375e+01
9.596333333333333826e+01
9.596500000000000341e+01
9.596666666666666856e+01
9.596833333333333371e+01
9.596833333333333371e+01
9.596833333333333371e+01
9.597833333333333883e+01
9.598166666666666913e+01
9.598499999999999943e+01
9.598333333333333428e+01
9.598499999999999943e+01
9.598666666666666458e+01
9.599333333333333940e+01
9.599333333333333940e+01
9.599500000000000455e+01
9.599666666666666970e+01
9.600499999999999545e+01
9.600666666666666060e+01
9.601000000000000512e+01
9.601166666666667027e+01
9.601333333333333542e+01
9.601999999999999602e+01
9.601999999999999602e+01
9.602500000000000568e+01
9.602500000000000568e+01
9.602666666666667084e+01
9.603166666666666629e+01
9.603333333333333144e+01
9.603499999999999659e+01
9.604166666666667140e+01
9.604333333333333655e+01
9.604333333333333655e+01
9.604333333333333655e+01
9.604666666666666686e+01
9.604666666666666686e+01
9.604833333333333201e+01
9.604833333333333201e+01
9.605333333333332746e+01
9.605333333333332746e+01
9.606000000000000227e+01
9.606666666666666288e+01
9.606666666666666288e+01
9.606999999999999318e+01
9.607500000000000284e+01
9.608333333333332860e+01
9.608499999999999375e+01
9.608499999999999375e+01
9.608833333333333826e+01
9.608666666666667311e+01
9.608833333333333826e+01
9.608499999999999375e+01
9.608666666666667311e+01
9.609000000000000341e+01
9.608833333333333826e+01
9.609000000000000341e+01
9.609166666666666856e+01
9.609166666666666856e+01
9.609166666666666856e+01
9.609166666666666856e+01
9.609166666666666856e+01
9.609166666666666856e+01
9.609333333333333371e+01
9.609333333333333371e+01
9.609499999999999886e+01
9.609499999999999886e+01
9.609833333333332916e+01
9.609833333333332916e+01
9.609833333333332916e+01
9.610166666666665947e+01
9.610166666666665947e+01
9.610500000000000398e+01
9.610500000000000398e+01
9.610166666666665947e+01
9.610166666666665947e+01
9.609999999999999432e+01
9.610333333333333883e+01
9.610333333333333883e+01
9.610500000000000398e+01
9.610333333333333883e+01
9.610333333333333883e+01
9.610333333333333883e+01
9.610333333333333883e+01
9.610500000000000398e+01
9.610833333333333428e+01
9.610999999999999943e+01
9.611333333333332973e+01
9.611333333333332973e+01
9.611333333333332973e+01
9.611333333333332973e+01
9.611499999999999488e+01
9.611666666666667425e+01
9.611666666666667425e+01
9.611666666666667425e+01
9.611666666666667425e+01
9.611666666666667425e+01
9.611666666666667425e+01
9.611666666666667425e+01
9.611833333333333940e+01
9.611833333333333940e+01
9.612000000000000455e+01
9.612000000000000455e+01
9.612166666666666970e+01
9.612166666666666970e+01
9.612166666666666970e+01
9.612166666666666970e+01
9.612166666666666970e+01
9.612333333333333485e+01
9.612500000000000000e+01
9.612500000000000000e+01
9.612500000000000000e+01
9.612666666666666515e+01
9.612666666666666515e+01
9.612833333333333030e+01
9.612833333333333030e+01
9.612833333333333030e+01
9.612833333333333030e+01
9.612833333333333030e+01
9.612833333333333030e+01
9.612833333333333030e+01
9.612833333333333030e+01
9.612666666666666515e+01
9.612666666666666515e+01
9.612666666666666515e+01
9.612666666666666515e+01
9.612666666666666515e+01
9.612666666666666515e+01
9.612666666666666515e+01
9.612999999999999545e+01
9.612999999999999545e+01
9.612999999999999545e+01
9.612999999999999545e+01
9.612999999999999545e+01
9.612999999999999545e+01
9.612999999999999545e+01
9.612999999999999545e+01
9.612999999999999545e+01
9.612999999999999545e+01
9.613166666666666060e+01
9.612999999999999545e+01
9.612999999999999545e+01
9.612999999999999545e+01
9.612999999999999545e+01
9.612999999999999545e+01
9.612999999999999545e+01
9.612999999999999545e+01
9.612999999999999545e+01
9.612999999999999545e+01
9.612999999999999545e+01
9.612999999999999545e+01
9.612999999999999545e+01
9.613166666666666060e+01
9.613166666666666060e+01
9.613166666666666060e+01
9.613166666666666060e+01
9.613166666666666060e+01
9.613166666666666060e+01
9.613166666666666060e+01
9.613166666666666060e+01
9.613166666666666060e+01
9.613166666666666060e+01
9.613166666666666060e+01
9.613166666666666060e+01
9.613166666666666060e+01
9.613166666666666060e+01
9.613166666666666060e+01
9.613166666666666060e+01
9.613166666666666060e+01
9.613166666666666060e+01
9.613166666666666060e+01
9.613166666666666060e+01
9.613166666666666060e+01
9.613166666666666060e+01
9.613166666666666060e+01
9.613166666666666060e+01
9.613166666666666060e+01
9.613166666666666060e+01
9.613166666666666060e+01
9.613166666666666060e+01
9.613166666666666060e+01
9.613166666666666060e+01
9.613166666666666060e+01
9.613166666666666060e+01
9.613166666666666060e+01
9.613166666666666060e+01
9.613166666666666060e+01
9.613166666666666060e+01
9.613166666666666060e+01
9.613166666666666060e+01
9.613166666666666060e+01
9.613166666666666060e+01
9.613166666666666060e+01
9.613333333333333997e+01
9.613333333333333997e+01
9.613333333333333997e+01
9.613333333333333997e+01
9.613333333333333997e+01
9.613333333333333997e+01
9.613333333333333997e+01
9.613333333333333997e+01
9.613333333333333997e+01
9.613333333333333997e+01
9.613333333333333997e+01
9.613333333333333997e+01
9.613333333333333997e+01
9.613333333333333997e+01
9.613333333333333997e+01
9.613333333333333997e+01
9.613333333333333997e+01
9.613333333333333997e+01
9.613333333333333997e+01
9.613333333333333997e+01
9.613333333333333997e+01
9.613333333333333997e+01
9.613333333333333997e+01
9.613333333333333997e+01
9.613333333333333997e+01
9.613333333333333997e+01
9.613333333333333997e+01
9.613333333333333997e+01
9.613333333333333997e+01
9.613333333333333997e+01
9.613333333333333997e+01
9.613333333333333997e+01
9.613333333333333997e+01
9.613333333333333997e+01
9.613333333333333997e+01
9.613333333333333997e+01
9.613333333333333997e+01
9.613333333333333997e+01
9.613333333333333997e+01
9.613333333333333997e+01
9.613333333333333997e+01
9.613333333333333997e+01
9.613333333333333997e+01
9.613333333333333997e+01
9.613333333333333997e+01
9.613333333333333997e+01
9.613333333333333997e+01
9.613333333333333997e+01
9.613333333333333997e+01
9.613333333333333997e+01
9.613333333333333997e+01
9.613333333333333997e+01
9.613333333333333997e+01
9.613333333333333997e+01
9.613333333333333997e+01
9.613333333333333997e+01
9.613333333333333997e+01
9.613333333333333997e+01
9.613333333333333997e+01
9.613333333333333997e+01
9.613333333333333997e+01
9.613333333333333997e+01
9.613333333333333997e+01
9.613333333333333997e+01
9.613333333333333997e+01
9.613333333333333997e+01
9.613333333333333997e+01
9.613333333333333997e+01
9.613333333333333997e+01
9.613333333333333997e+01
9.613333333333333997e+01
9.613333333333333997e+01
9.613333333333333997e+01
9.613333333333333997e+01
9.613333333333333997e+01
9.613333333333333997e+01
9.613333333333333997e+01
9.613333333333333997e+01
9.613333333333333997e+01
9.613333333333333997e+01
9.613333333333333997e+01
9.613333333333333997e+01
9.613333333333333997e+01
9.613333333333333997e+01
9.613333333333333997e+01
9.613333333333333997e+01
9.613333333333333997e+01
9.613333333333333997e+01
9.613333333333333997e+01
9.613333333333333997e+01
9.613333333333333997e+01
9.613333333333333997e+01
9.613333333333333997e+01
9.613333333333333997e+01
9.613333333333333997e+01
9.613333333333333997e+01
9.613333333333333997e+01
9.613333333333333997e+01
9.613333333333333997e+01
9.613333333333333997e+01
9.613333333333333997e+01
9.613333333333333997e+01
9.613333333333333997e+01
9.613333333333333997e+01
9.613333333333333997e+01
9.613333333333333997e+01
9.613333333333333997e+01
9.613333333333333997e+01
9.613333333333333997e+01
9.613333333333333997e+01
9.613333333333333997e+01
9.613333333333333997e+01
9.613333333333333997e+01
9.613333333333333997e+01
9.613333333333333997e+01
9.613333333333333997e+01
9.613333333333333997e+01
9.613333333333333997e+01
9.613333333333333997e+01
9.613333333333333997e+01
9.613333333333333997e+01
9.613333333333333997e+01
9.613333333333333997e+01
9.613333333333333997e+01
9.613333333333333997e+01
9.613333333333333997e+01
9.613333333333333997e+01
9.613333333333333997e+01
9.613333333333333997e+01
9.613333333333333997e+01
9.613333333333333997e+01
9.613333333333333997e+01
9.613333333333333997e+01
9.613333333333333997e+01
9.613333333333333997e+01
9.613333333333333997e+01
9.613333333333333997e+01
9.613333333333333997e+01
9.613333333333333997e+01
9.613333333333333997e+01
9.613333333333333997e+01
9.613333333333333997e+01
9.613333333333333997e+01
9.613333333333333997e+01
9.613333333333333997e+01
9.613333333333333997e+01
9.613333333333333997e+01
9.613333333333333997e+01
9.613333333333333997e+01
9.613333333333333997e+01
9.613333333333333997e+01
9.613333333333333997e+01
9.613333333333333997e+01
9.613333333333333997e+01
9.613333333333333997e+01
9.613333333333333997e+01
9.613333333333333997e+01
9.613333333333333997e+01
9.613333333333333997e+01
9.613333333333333997e+01
9.613333333333333997e+01
9.613333333333333997e+01
9.613333333333333997e+01
9.613333333333333997e+01
9.613333333333333997e+01
9.613333333333333997e+01
9.613333333333333997e+01
9.613333333333333997e+01
9.613333333333333997e+01
9.613333333333333997e+01
9.613333333333333997e+01
9.613333333333333997e+01
9.613333333333333997e+01
9.613333333333333997e+01
9.613333333333333997e+01
9.613333333333333997e+01
9.613333333333333997e+01
9.613333333333333997e+01
9.613333333333333997e+01
9.613333333333333997e+01
9.613333333333333997e+01
9.613333333333333997e+01
9.613333333333333997e+01
9.613333333333333997e+01
9.613333333333333997e+01
9.613333333333333997e+01
9.613333333333333997e+01
9.613333333333333997e+01
9.613333333333333997e+01
9.613333333333333997e+01
9.613333333333333997e+01
9.613333333333333997e+01
9.613333333333333997e+01
9.613333333333333997e+01
9.613333333333333997e+01
9.613333333333333997e+01
9.613333333333333997e+01
9.613333333333333997e+01
9.613333333333333997e+01
9.613333333333333997e+01
9.613333333333333997e+01
9.613333333333333997e+01
9.613333333333333997e+01
9.613333333333333997e+01
9.613333333333333997e+01
9.613333333333333997e+01
9.613333333333333997e+01
9.613333333333333997e+01
9.613333333333333997e+01
9.613333333333333997e+01
9.613333333333333997e+01
9.613333333333333997e+01
9.613333333333333997e+01
9.613333333333333997e+01
9.613333333333333997e+01
9.613333333333333997e+01
9.613333333333333997e+01
9.613333333333333997e+01
9.613333333333333997e+01
9.613333333333333997e+01
9.613333333333333997e+01
9.613333333333333997e+01
9.613333333333333997e+01
9.613333333333333997e+01
9.613333333333333997e+01
9.613333333333333997e+01
9.613333333333333997e+01
9.613333333333333997e+01
9.613333333333333997e+01
9.613333333333333997e+01
9.613333333333333997e+01
9.613333333333333997e+01
9.613333333333333997e+01
9.613333333333333997e+01
9.613333333333333997e+01
9.613333333333333997e+01
9.613333333333333997e+01
9.613333333333333997e+01
9.613333333333333997e+01
9.613333333333333997e+01
9.613333333333333997e+01
9.613333333333333997e+01
9.613333333333333997e+01
9.613333333333333997e+01
9.613333333333333997e+01
9.613333333333333997e+01
9.613333333333333997e+01
9.613333333333333997e+01
9.613333333333333997e+01
9.613333333333333997e+01
9.613333333333333997e+01
9.613333333333333997e+01
9.613333333333333997e+01
9.613333333333333997e+01
9.613333333333333997e+01
9.613333333333333997e+01
9.613333333333333997e+01
9.613333333333333997e+01
9.613333333333333997e+01
9.613333333333333997e+01
9.613333333333333997e+01
9.613333333333333997e+01
9.613333333333333997e+01
9.613333333333333997e+01
9.613333333333333997e+01
9.613333333333333997e+01
9.613333333333333997e+01
9.613333333333333997e+01
9.613333333333333997e+01
9.613333333333333997e+01
9.613333333333333997e+01
9.613333333333333997e+01
9.613333333333333997e+01
9.613333333333333997e+01
9.613333333333333997e+01
9.613333333333333997e+01
9.613333333333333997e+01
9.613333333333333997e+01
9.613333333333333997e+01
9.613333333333333997e+01
9.613333333333333997e+01
9.613333333333333997e+01
9.613333333333333997e+01
9.613333333333333997e+01
9.613333333333333997e+01
9.613333333333333997e+01
9.613333333333333997e+01
9.613333333333333997e+01
9.613333333333333997e+01
9.613333333333333997e+01
9.613333333333333997e+01
9.613333333333333997e+01
9.613333333333333997e+01
9.613333333333333997e+01
9.613333333333333997e+01
9.613333333333333997e+01
9.613333333333333997e+01
9.613333333333333997e+01
9.613333333333333997e+01
9.613333333333333997e+01
9.613333333333333997e+01
9.613333333333333997e+01
9.613333333333333997e+01
9.613333333333333997e+01
9.613333333333333997e+01
9.613333333333333997e+01
9.613333333333333997e+01
9.613333333333333997e+01
9.613333333333333997e+01
9.613333333333333997e+01
9.613333333333333997e+01
9.613333333333333997e+01
9.613333333333333997e+01
9.613333333333333997e+01
9.613333333333333997e+01
9.613333333333333997e+01
9.613333333333333997e+01
9.613333333333333997e+01
9.613333333333333997e+01
9.613333333333333997e+01
9.613333333333333997e+01
9.613333333333333997e+01
9.613333333333333997e+01
9.613333333333333997e+01
9.613333333333333997e+01
9.613333333333333997e+01
9.613333333333333997e+01
9.613333333333333997e+01
9.613333333333333997e+01
9.613333333333333997e+01
9.613333333333333997e+01
9.613333333333333997e+01
9.613333333333333997e+01
9.613333333333333997e+01
9.613333333333333997e+01
9.613333333333333997e+01
9.613333333333333997e+01
9.613333333333333997e+01
9.613333333333333997e+01
9.613333333333333997e+01
9.613333333333333997e+01
9.613333333333333997e+01
9.613333333333333997e+01
9.613333333333333997e+01
9.613333333333333997e+01
9.613333333333333997e+01
9.613333333333333997e+01
9.613333333333333997e+01
9.613333333333333997e+01
9.613333333333333997e+01
9.613333333333333997e+01
9.613333333333333997e+01
9.613333333333333997e+01
9.613333333333333997e+01
9.613333333333333997e+01
9.613333333333333997e+01
9.613333333333333997e+01
9.613333333333333997e+01
9.613333333333333997e+01
9.613333333333333997e+01
9.613333333333333997e+01
9.613333333333333997e+01
9.613333333333333997e+01
9.613333333333333997e+01
9.613333333333333997e+01
9.613333333333333997e+01
9.613333333333333997e+01
9.613333333333333997e+01
9.613333333333333997e+01
9.613333333333333997e+01
9.613333333333333997e+01
9.613333333333333997e+01
9.613333333333333997e+01
9.613333333333333997e+01
9.613333333333333997e+01
9.613333333333333997e+01
9.613333333333333997e+01
9.613333333333333997e+01
9.613333333333333997e+01
9.613333333333333997e+01
9.613333333333333997e+01
9.613333333333333997e+01
9.613333333333333997e+01
9.613333333333333997e+01
9.613333333333333997e+01
9.613333333333333997e+01
9.613333333333333997e+01
9.613333333333333997e+01
9.613333333333333997e+01
9.613333333333333997e+01
9.613333333333333997e+01
9.613333333333333997e+01
9.613333333333333997e+01
9.613333333333333997e+01
9.613333333333333997e+01
9.613333333333333997e+01
9.613333333333333997e+01
9.613333333333333997e+01
9.613333333333333997e+01
9.613333333333333997e+01
9.613333333333333997e+01
9.613333333333333997e+01
9.613333333333333997e+01
9.613333333333333997e+01
9.613333333333333997e+01
9.613333333333333997e+01
9.613333333333333997e+01
9.613333333333333997e+01
9.613333333333333997e+01
9.613333333333333997e+01
9.613333333333333997e+01
9.613333333333333997e+01
9.613333333333333997e+01
9.613333333333333997e+01
9.613333333333333997e+01
9.613333333333333997e+01
9.613333333333333997e+01
9.613333333333333997e+01
9.613333333333333997e+01
9.613333333333333997e+01
9.613333333333333997e+01
9.613333333333333997e+01
9.613333333333333997e+01
9.613333333333333997e+01
9.613333333333333997e+01
9.613333333333333997e+01
9.613333333333333997e+01
9.613333333333333997e+01
9.613333333333333997e+01
9.613333333333333997e+01
9.613333333333333997e+01
9.613333333333333997e+01
9.613333333333333997e+01
9.613333333333333997e+01
9.613333333333333997e+01
9.613333333333333997e+01
9.613333333333333997e+01
9.613333333333333997e+01
9.613333333333333997e+01
9.613333333333333997e+01
9.613333333333333997e+01
9.613333333333333997e+01
9.613333333333333997e+01
9.613333333333333997e+01
9.613333333333333997e+01
9.613333333333333997e+01
9.613333333333333997e+01
9.613333333333333997e+01
9.613333333333333997e+01
9.613333333333333997e+01
9.613333333333333997e+01
9.613333333333333997e+01
9.613333333333333997e+01
9.613333333333333997e+01
9.613333333333333997e+01
9.613333333333333997e+01
9.613333333333333997e+01
9.613333333333333997e+01
9.613333333333333997e+01
9.613333333333333997e+01
9.613333333333333997e+01
9.613333333333333997e+01
9.613333333333333997e+01
9.613333333333333997e+01
9.613333333333333997e+01
9.613333333333333997e+01
9.613333333333333997e+01
9.613333333333333997e+01
9.613333333333333997e+01
9.613333333333333997e+01
9.613333333333333997e+01
9.613333333333333997e+01
9.613333333333333997e+01
9.613333333333333997e+01
9.613333333333333997e+01
9.613333333333333997e+01
9.613333333333333997e+01
9.613333333333333997e+01
9.613333333333333997e+01
9.613333333333333997e+01
9.613333333333333997e+01
9.613333333333333997e+01
9.613333333333333997e+01
9.613333333333333997e+01
9.613333333333333997e+01
9.613333333333333997e+01
9.613333333333333997e+01
9.613333333333333997e+01
9.613333333333333997e+01
9.613333333333333997e+01
9.613333333333333997e+01
9.613333333333333997e+01
9.613333333333333997e+01
9.613333333333333997e+01
9.613333333333333997e+01
9.613333333333333997e+01
9.613333333333333997e+01
9.613333333333333997e+01
9.613333333333333997e+01
9.613333333333333997e+01
9.613333333333333997e+01
9.613333333333333997e+01
9.613333333333333997e+01
9.613333333333333997e+01
9.613333333333333997e+01
9.613333333333333997e+01
9.613333333333333997e+01
9.613333333333333997e+01
9.613333333333333997e+01
9.613333333333333997e+01
9.613333333333333997e+01
9.613333333333333997e+01
9.613333333333333997e+01
9.613333333333333997e+01
9.613333333333333997e+01
9.613333333333333997e+01
9.613333333333333997e+01
9.613333333333333997e+01
9.613333333333333997e+01
9.613333333333333997e+01
9.613333333333333997e+01
9.613333333333333997e+01
9.613333333333333997e+01
9.613333333333333997e+01
9.613333333333333997e+01
9.613333333333333997e+01
9.613333333333333997e+01
9.613333333333333997e+01
9.613333333333333997e+01
9.613333333333333997e+01
9.613333333333333997e+01
9.613333333333333997e+01
9.613333333333333997e+01
9.613333333333333997e+01
9.613333333333333997e+01
9.613333333333333997e+01
9.613333333333333997e+01
9.613333333333333997e+01
9.613333333333333997e+01
9.613333333333333997e+01
9.613333333333333997e+01
9.613333333333333997e+01
9.613333333333333997e+01
9.613333333333333997e+01
9.613333333333333997e+01
9.613333333333333997e+01
9.613333333333333997e+01
9.613333333333333997e+01
9.613333333333333997e+01
9.613333333333333997e+01
9.613333333333333997e+01
9.613333333333333997e+01
9.613333333333333997e+01
9.613333333333333997e+01
9.613333333333333997e+01
9.613333333333333997e+01
9.613333333333333997e+01
9.613333333333333997e+01
9.613333333333333997e+01
9.613333333333333997e+01
9.613333333333333997e+01
9.613333333333333997e+01
9.613333333333333997e+01
9.613333333333333997e+01
9.613333333333333997e+01
9.613333333333333997e+01
9.613333333333333997e+01
9.613333333333333997e+01
9.613333333333333997e+01
9.613333333333333997e+01
9.613333333333333997e+01
9.613333333333333997e+01
9.613333333333333997e+01
9.613333333333333997e+01
9.613333333333333997e+01
9.613333333333333997e+01
9.613333333333333997e+01
9.613333333333333997e+01
9.613333333333333997e+01
9.613333333333333997e+01
9.613333333333333997e+01
9.613333333333333997e+01
9.613333333333333997e+01
9.613333333333333997e+01
9.613333333333333997e+01
9.613333333333333997e+01
9.613333333333333997e+01
9.613333333333333997e+01
9.613333333333333997e+01
9.613333333333333997e+01
9.613333333333333997e+01
9.613333333333333997e+01
9.613333333333333997e+01
9.613333333333333997e+01
9.613333333333333997e+01
9.613333333333333997e+01
9.613333333333333997e+01
9.613333333333333997e+01
9.613333333333333997e+01
9.613333333333333997e+01
9.613333333333333997e+01
9.613333333333333997e+01
9.613333333333333997e+01
9.613333333333333997e+01
9.613333333333333997e+01
9.613333333333333997e+01
9.613333333333333997e+01
9.613333333333333997e+01
9.613333333333333997e+01
9.613333333333333997e+01
9.613333333333333997e+01
9.613333333333333997e+01
9.613333333333333997e+01
9.613333333333333997e+01
9.613333333333333997e+01
9.613333333333333997e+01
9.613333333333333997e+01
9.613333333333333997e+01
9.613333333333333997e+01
9.613333333333333997e+01
9.613333333333333997e+01
9.613333333333333997e+01
9.613333333333333997e+01
9.613333333333333997e+01
9.613333333333333997e+01
9.613333333333333997e+01
9.613333333333333997e+01
9.613333333333333997e+01
9.613333333333333997e+01
9.613333333333333997e+01
9.613333333333333997e+01
9.613333333333333997e+01
9.613333333333333997e+01
9.613333333333333997e+01
9.613333333333333997e+01
9.613333333333333997e+01
9.613333333333333997e+01
9.613333333333333997e+01
9.613333333333333997e+01
9.613333333333333997e+01
9.613333333333333997e+01
9.613333333333333997e+01
9.613333333333333997e+01
9.613333333333333997e+01
9.613333333333333997e+01
9.613333333333333997e+01
9.613333333333333997e+01
9.613333333333333997e+01
9.613333333333333997e+01
9.613333333333333997e+01
9.613333333333333997e+01
9.613333333333333997e+01
9.613333333333333997e+01
9.613333333333333997e+01
9.613333333333333997e+01
9.613333333333333997e+01
9.613333333333333997e+01
9.613333333333333997e+01
9.613333333333333997e+01
9.613333333333333997e+01
9.613333333333333997e+01
9.613333333333333997e+01
9.613333333333333997e+01
9.613333333333333997e+01
9.613333333333333997e+01
9.613333333333333997e+01
9.613333333333333997e+01
9.613333333333333997e+01
9.613333333333333997e+01
9.613333333333333997e+01
9.613333333333333997e+01
9.613333333333333997e+01
9.613333333333333997e+01
9.613333333333333997e+01
9.613333333333333997e+01
9.613333333333333997e+01
9.613333333333333997e+01
9.613333333333333997e+01
9.613333333333333997e+01
9.613333333333333997e+01
9.613333333333333997e+01
9.613333333333333997e+01
9.613333333333333997e+01
9.613333333333333997e+01
9.613333333333333997e+01
9.613333333333333997e+01
9.613333333333333997e+01
