7.674613191571710846e-01
6.878371543165350266e-01
6.104403821964153876e-01
5.614895674175729434e-01
5.198899713803951661e-01
4.814168703114204417e-01
4.571937193113903009e-01
4.313397180886932580e-01
4.113197097671251190e-01
3.914469087776424883e-01
3.717450905967812913e-01
3.562136198489763705e-01
3.425994699552687983e-01
3.265887014166293789e-01
3.185557376511577998e-01
3.105052718343225826e-01
3.021014413116747122e-01
2.926682708154397794e-01
2.821997511303200312e-01
2.750940456976997406e-01
2.669598007252574901e-01
2.594912413591745071e-01
2.462241332903447044e-01
2.455428547481375567e-01
2.407714776318381489e-01
2.394074547611769188e-01
2.349720473245180130e-01
2.312162628263923492e-01
2.267744223636352918e-01
2.219871161614716260e-01
2.189075269210428443e-01
2.120584166816715799e-01
2.110303972753482527e-01
2.093166585184003670e-01
2.086310331044554933e-01
2.041726768473453302e-01
2.010843260784938580e-01
1.993679492730112413e-01
1.955903654262167446e-01
1.942161739012711608e-01
1.914669612054994141e-01
1.897481463973910154e-01
1.887166535758916519e-01
1.863092467254326701e-01
1.842451027757776583e-01
1.808035403336118729e-01
1.756381457398391022e-01
1.752936576500724319e-01
1.746046337442113683e-01
