1.000000000000000000e+00
7.760823278921219481e-01
6.650106458481193084e-01
6.032647267565649507e-01
5.535841022001419809e-01
5.092264017033356627e-01
4.819020581973030848e-01
4.531582682753725888e-01
4.311568488289567180e-01
4.095102909865152019e-01
3.882185947480482624e-01
3.715400993612490987e-01
3.569907735982966734e-01
3.399574166075230441e-01
3.314407381121362572e-01
3.229240596167494703e-01
3.140525195173882178e-01
3.041163946061036238e-01
2.931156848828956329e-01
2.856635911994322430e-01
2.771469127040454006e-01
2.693399574166075450e-01
2.555003548616039399e-01
2.547906316536550642e-01
2.498225691980127672e-01
2.484031227821149601e-01
2.437899219304471288e-01
2.398864442867281732e-01
2.352732434350603419e-01
2.303051809794180171e-01
2.271114265436479651e-01
2.200141944641589853e-01
2.189496096522356161e-01
2.171753016323633712e-01
2.164655784244144676e-01
2.118523775727466085e-01
2.086586231369765565e-01
2.068843151171043115e-01
2.029808374733853560e-01
2.015613910574875489e-01
1.987224982256919903e-01
1.969481902058197453e-01
1.958836053938964039e-01
1.933995741660752277e-01
1.912704045422285448e-01
1.877217885024840272e-01
1.823988644428672923e-01
1.820440028388928266e-01
1.813342796309439231e-01
1.802696948190205817e-01
