4.986754734216351792e-02
7.250878534514025586e-02
8.989311455572160381e-02
1.080139334783188493e-01
1.297689293609138039e-01
1.500585596089154539e-01
1.761775036079013534e-01
1.979815665225586330e-01
2.192405752650503081e-01
2.538196271618953226e-01
2.753354909901407077e-01
2.919618324662601738e-01
3.180408517987884931e-01
3.343199866147528732e-01
3.483441733892014835e-01
3.697326580303770815e-01
3.953045300084132574e-01
4.120751310516578836e-01
4.269061856498181928e-01
4.457073576301894269e-01
4.607548614615505911e-01
4.835848860560919560e-01
4.991293295730227508e-01
5.286907163106205898e-01
5.421058220407215522e-01
5.579604275297010973e-01
5.816680888943844829e-01
6.147862761434093049e-01
6.311001753634332134e-01
6.468094466486411509e-01
6.575988718943379663e-01
6.738722325877886110e-01
6.915802588885512359e-01
7.145679195609041523e-01
7.321565261463661711e-01
7.492223001262383608e-01
7.659697503486666559e-01
7.898523505651743326e-01
8.169784704820086674e-01
8.383488761280929458e-01
8.549071521448092792e-01
8.646955034017366204e-01
8.800560054711011881e-01
8.998959734702454138e-01
9.141317806415611980e-01
9.420894167755619053e-01
9.559573397495604308e-01
9.771743311280988165e-01
9.931259342468984341e-01
