1.198061630218687779e-01
1.361332007952286149e-01
1.549453280318091597e-01
1.778081510934393650e-01
2.012922465208747680e-01
2.241799204771371679e-01
2.462226640159045632e-01
2.671471172962226470e-01
2.833747514910536780e-01
3.024353876739562796e-01
3.173459244532803036e-01
3.376739562624254676e-01
3.578031809145129083e-01
3.771123260437375668e-01
3.973409542743538969e-01
4.166998011928429446e-01
4.361332007952286038e-01
4.550198807157057601e-01
4.736580516898608040e-01
4.922962226640159034e-01
5.109343936381709472e-01
5.298210735586481590e-01
5.482107355864811460e-01
5.666003976143140219e-01
5.852385685884692323e-01
6.048707753479125593e-01
6.272365805168985675e-01
6.448807157057654393e-01
6.620278330019880864e-01
6.801689860834990720e-01
6.980616302186879452e-01
7.154572564612325936e-01
7.326043737574552406e-01
7.487574552683896600e-01
7.661530815109344195e-01
7.835487077534791789e-01
8.016898608349900535e-01
8.188369781312127005e-01
8.357355864811133461e-01
8.526341948310138807e-01
8.672962226640159589e-01
8.812127236580515888e-01
8.968687872763418945e-01
9.087972166998011803e-01
9.232107355864810350e-01
9.386182902584493393e-01
9.537773359840954202e-01
9.689363817097415010e-01
9.858349900596421467e-01
1.000000000000000000e+00
