1.932666666666666799e+01
8.325833333333332575e+01
8.994499999999999318e+01
9.449166666666667425e+01
9.634166666666666856e+01
9.723666666666666458e+01
9.785666666666666913e+01
9.818833333333333258e+01
9.843666666666666742e+01
9.861333333333332973e+01
9.871500000000000341e+01
9.881833333333332803e+01
9.887999999999999545e+01
9.894333333333332803e+01
9.898333333333333428e+01
9.902666666666667084e+01
9.906166666666666742e+01
9.907500000000000284e+01
9.910333333333333883e+01
9.911666666666666003e+01
9.914000000000000057e+01
9.913833333333333542e+01
9.915166666666667084e+01
9.916833333333333655e+01
9.917000000000000171e+01
9.918666666666666742e+01
9.919333333333332803e+01
9.919166666666666288e+01
9.920499999999999829e+01
9.920833333333332860e+01
9.921666666666666856e+01
9.921500000000000341e+01
9.922499999999999432e+01
9.921999999999999886e+01
9.922333333333332916e+01
9.922833333333333883e+01
9.923666666666666458e+01
9.923999999999999488e+01
9.924166666666666003e+01
9.923999999999999488e+01
9.923666666666666458e+01
9.924666666666666970e+01
9.925499999999999545e+01
9.925499999999999545e+01
9.926000000000000512e+01
9.925499999999999545e+01
9.926166666666667027e+01
9.926333333333333542e+01
9.926166666666667027e+01
9.926500000000000057e+01
9.926999999999999602e+01
9.926833333333333087e+01
9.926166666666667027e+01
9.926833333333333087e+01
9.927333333333332632e+01
9.926833333333333087e+01
9.927333333333332632e+01
9.927333333333332632e+01
9.927833333333333599e+01
9.927166666666666117e+01
9.926500000000000057e+01
9.927500000000000568e+01
9.927333333333332632e+01
9.927166666666666117e+01
9.927333333333332632e+01
9.928333333333333144e+01
9.927166666666666117e+01
9.927333333333332632e+01
9.928499999999999659e+01
9.927666666666667084e+01
9.928166666666666629e+01
9.927500000000000568e+01
9.927833333333333599e+01
9.926833333333333087e+01
9.927500000000000568e+01
9.926999999999999602e+01
9.928166666666666629e+01
9.926500000000000057e+01
9.926833333333333087e+01
9.927166666666666117e+01
9.927666666666667084e+01
9.927500000000000568e+01
9.927666666666667084e+01
9.928000000000000114e+01
9.927500000000000568e+01
9.927833333333333599e+01
9.926999999999999602e+01
9.927166666666666117e+01
9.928166666666666629e+01
9.926999999999999602e+01
9.927166666666666117e+01
9.927833333333333599e+01
9.927500000000000568e+01
9.927833333333333599e+01
9.927333333333332632e+01
9.927833333333333599e+01
9.928000000000000114e+01
9.926999999999999602e+01
9.927833333333333599e+01
9.928000000000000114e+01
