3.939000000000000057e+01
6.501166666666667027e+01
8.113833333333333542e+01
8.367000000000000171e+01
8.507333333333333769e+01
8.794833333333333769e+01
9.079833333333333201e+01
9.300166666666666515e+01
9.447499999999999432e+01
9.487000000000000455e+01
9.506999999999999318e+01
9.500166666666666515e+01
9.578000000000000114e+01
9.514333333333333087e+01
9.613500000000000512e+01
9.537833333333333030e+01
9.637999999999999545e+01
9.564333333333333087e+01
9.659000000000000341e+01
9.584000000000000341e+01
9.676666666666666572e+01
9.603166666666666629e+01
9.687999999999999545e+01
9.609499999999999886e+01
9.699166666666666003e+01
9.632500000000000284e+01
9.711666666666666003e+01
9.635833333333333428e+01
9.715333333333333599e+01
9.640333333333333599e+01
9.720999999999999375e+01
9.641666666666667140e+01
9.723333333333333428e+01
9.648999999999999488e+01
9.728166666666666629e+01
9.651000000000000512e+01
9.731833333333332803e+01
9.652166666666666117e+01
9.734166666666666856e+01
9.659000000000000341e+01
9.735999999999999943e+01
9.660833333333333428e+01
9.739000000000000057e+01
9.662333333333333485e+01
9.740000000000000568e+01
9.664833333333334053e+01
9.740333333333333599e+01
9.665999999999999659e+01
9.741333333333332689e+01
9.667333333333333201e+01
9.743166666666667197e+01
9.668333333333333712e+01
9.743500000000000227e+01
9.669833333333333769e+01
9.744333333333332803e+01
9.670999999999999375e+01
9.744333333333332803e+01
9.672499999999999432e+01
9.745000000000000284e+01
9.673499999999999943e+01
9.745666666666666345e+01
9.674666666666666970e+01
9.745333333333333314e+01
9.675666666666666060e+01
9.744666666666667254e+01
9.676999999999999602e+01
9.745833333333332860e+01
9.677833333333333599e+01
9.745166666666666799e+01
9.678666666666666174e+01
9.745333333333333314e+01
9.680166666666666231e+01
9.745000000000000284e+01
9.681499999999999773e+01
9.745499999999999829e+01
9.682999999999999829e+01
9.745833333333332860e+01
9.684000000000000341e+01
9.745166666666666799e+01
9.684333333333333371e+01
9.744833333333333769e+01
9.685333333333333883e+01
9.744666666666667254e+01
9.686166666666666458e+01
9.743999999999999773e+01
9.687833333333333030e+01
9.744833333333333769e+01
9.688666666666667027e+01
9.743833333333333258e+01
9.689499999999999602e+01
9.745000000000000284e+01
9.690833333333333144e+01
9.745166666666666799e+01
9.691833333333333655e+01
9.743000000000000682e+01
9.693166666666667197e+01
9.743000000000000682e+01
9.693666666666666742e+01
9.743666666666666742e+01
9.694499999999999318e+01
9.743333333333333712e+01
9.695000000000000284e+01
9.742499999999999716e+01
9.695833333333332860e+01
9.742666666666666231e+01
9.695666666666666345e+01
9.742833333333332746e+01
9.697166666666666401e+01
9.743833333333333258e+01
9.698000000000000398e+01
9.743833333333333258e+01
9.698499999999999943e+01
9.743999999999999773e+01
9.698833333333332973e+01
9.743000000000000682e+01
9.699666666666666970e+01
9.743500000000000227e+01
9.700833333333333997e+01
9.743500000000000227e+01
9.701500000000000057e+01
9.744333333333332803e+01
9.701500000000000057e+01
9.744166666666666288e+01
9.701999999999999602e+01
9.744833333333333769e+01
9.701833333333333087e+01
9.744666666666667254e+01
9.702500000000000568e+01
9.745666666666666345e+01
9.702833333333333599e+01
9.744833333333333769e+01
9.703166666666666629e+01
9.744833333333333769e+01
9.703333333333333144e+01
9.745333333333333314e+01
9.703499999999999659e+01
9.745333333333333314e+01
9.704166666666667140e+01
9.745999999999999375e+01
9.704500000000000171e+01
9.747333333333332916e+01
9.705500000000000682e+01
9.747499999999999432e+01
9.705833333333333712e+01
9.747166666666666401e+01
9.706000000000000227e+01
9.746166666666667311e+01
9.706499999999999773e+01
9.746166666666667311e+01
9.706666666666666288e+01
9.745999999999999375e+01
9.706999999999999318e+01
9.745999999999999375e+01
9.707666666666666799e+01
9.748666666666666458e+01
9.708833333333333826e+01
9.748000000000000398e+01
9.709166666666666856e+01
9.747499999999999432e+01
9.709999999999999432e+01
9.747333333333332916e+01
9.710166666666665947e+01
9.746999999999999886e+01
9.709999999999999432e+01
9.746999999999999886e+01
9.710166666666665947e+01
9.747166666666666401e+01
9.710500000000000398e+01
9.746666666666666856e+01
9.710833333333333428e+01
9.746333333333333826e+01
9.711166666666666458e+01
9.745999999999999375e+01
9.711333333333332973e+01
9.745999999999999375e+01
9.711499999999999488e+01
9.745833333333332860e+01
9.712000000000000455e+01
9.746833333333333371e+01
9.712166666666666970e+01
9.746666666666666856e+01
9.712333333333333485e+01
9.745833333333332860e+01
9.712166666666666970e+01
9.745833333333332860e+01
9.712666666666666515e+01
9.745166666666666799e+01
9.712666666666666515e+01
9.744666666666667254e+01
9.712166666666666970e+01
9.745166666666666799e+01
9.712500000000000000e+01
9.745333333333333314e+01
9.712333333333333485e+01
9.744833333333333769e+01
9.712666666666666515e+01
9.744666666666667254e+01
9.712833333333333030e+01
9.744499999999999318e+01
9.712666666666666515e+01
9.744666666666667254e+01
9.712833333333333030e+01
9.745999999999999375e+01
9.712666666666666515e+01
9.745666666666666345e+01
9.712666666666666515e+01
9.745666666666666345e+01
9.712500000000000000e+01
9.745333333333333314e+01
9.712500000000000000e+01
9.745166666666666799e+01
9.712500000000000000e+01
9.744833333333333769e+01
9.712166666666666970e+01
9.746666666666666856e+01
9.713166666666666060e+01
9.745833333333332860e+01
9.712999999999999545e+01
9.745833333333332860e+01
9.713333333333333997e+01
9.745999999999999375e+01
9.713333333333333997e+01
9.746333333333333826e+01
9.713666666666667027e+01
9.746833333333333371e+01
9.713666666666667027e+01
9.746999999999999886e+01
9.713666666666667027e+01
9.746999999999999886e+01
9.713666666666667027e+01
9.747166666666666401e+01
9.713666666666667027e+01
9.746999999999999886e+01
9.713833333333333542e+01
9.746999999999999886e+01
9.713666666666667027e+01
9.746833333333333371e+01
9.714000000000000057e+01
9.746666666666666856e+01
9.714166666666666572e+01
9.746500000000000341e+01
9.714499999999999602e+01
9.746500000000000341e+01
9.714833333333334053e+01
9.745999999999999375e+01
9.715333333333333599e+01
9.745833333333332860e+01
9.715500000000000114e+01
9.745833333333332860e+01
9.715666666666666629e+01
9.745833333333332860e+01
9.715833333333333144e+01
9.745833333333332860e+01
9.715999999999999659e+01
9.748499999999999943e+01
9.716500000000000625e+01
9.748333333333333428e+01
9.716500000000000625e+01
9.748000000000000398e+01
9.716500000000000625e+01
9.747833333333333883e+01
9.716333333333332689e+01
9.747666666666665947e+01
9.716333333333332689e+01
9.747166666666666401e+01
9.716500000000000625e+01
9.747333333333332916e+01
9.716500000000000625e+01
9.747666666666665947e+01
9.716500000000000625e+01
9.747499999999999432e+01
9.716500000000000625e+01
9.747833333333333883e+01
9.716666666666667140e+01
9.747833333333333883e+01
9.716833333333333655e+01
9.747666666666665947e+01
9.716666666666667140e+01
9.747666666666665947e+01
9.716666666666667140e+01
9.747333333333332916e+01
9.716833333333333655e+01
9.747333333333332916e+01
9.716833333333333655e+01
9.747333333333332916e+01
9.717000000000000171e+01
9.747666666666665947e+01
9.717333333333333201e+01
9.747499999999999432e+01
9.717166666666666686e+01
9.747333333333332916e+01
9.717166666666666686e+01
9.747333333333332916e+01
9.717333333333333201e+01
9.747333333333332916e+01
9.717000000000000171e+01
9.747166666666666401e+01
9.717166666666666686e+01
9.746666666666666856e+01
9.717166666666666686e+01
9.746999999999999886e+01
9.717166666666666686e+01
9.746666666666666856e+01
9.717166666666666686e+01
9.746666666666666856e+01
9.717000000000000171e+01
9.746999999999999886e+01
9.717000000000000171e+01
9.746999999999999886e+01
9.717000000000000171e+01
9.746833333333333371e+01
9.717000000000000171e+01
9.746833333333333371e+01
9.717166666666666686e+01
9.746833333333333371e+01
9.717166666666666686e+01
9.746666666666666856e+01
9.717166666666666686e+01
9.746333333333333826e+01
9.717166666666666686e+01
9.748166666666666913e+01
9.717499999999999716e+01
9.748166666666666913e+01
9.717666666666666231e+01
9.748166666666666913e+01
9.717666666666666231e+01
9.748166666666666913e+01
9.717666666666666231e+01
9.747833333333333883e+01
9.717833333333332746e+01
9.747833333333333883e+01
9.717833333333332746e+01
9.747333333333332916e+01
9.717833333333332746e+01
9.747333333333332916e+01
9.717666666666666231e+01
9.747166666666666401e+01
9.717833333333332746e+01
9.747166666666666401e+01
9.717833333333332746e+01
9.746999999999999886e+01
9.717666666666666231e+01
9.746999999999999886e+01
9.717666666666666231e+01
9.746999999999999886e+01
9.717666666666666231e+01
9.746999999999999886e+01
9.717833333333332746e+01
9.746999999999999886e+01
9.717833333333332746e+01
9.746999999999999886e+01
9.717833333333332746e+01
9.746999999999999886e+01
9.718166666666667197e+01
9.746833333333333371e+01
9.718166666666667197e+01
9.746833333333333371e+01
9.718166666666667197e+01
9.746666666666666856e+01
9.718333333333333712e+01
9.746666666666666856e+01
9.718333333333333712e+01
9.746666666666666856e+01
9.718333333333333712e+01
9.746999999999999886e+01
9.718333333333333712e+01
9.746833333333333371e+01
9.718333333333333712e+01
9.746833333333333371e+01
9.718500000000000227e+01
9.746833333333333371e+01
9.718500000000000227e+01
9.746833333333333371e+01
9.718500000000000227e+01
9.746999999999999886e+01
9.718500000000000227e+01
9.746833333333333371e+01
9.718500000000000227e+01
9.746833333333333371e+01
9.718666666666666742e+01
9.746833333333333371e+01
9.718666666666666742e+01
9.746833333333333371e+01
9.718666666666666742e+01
9.746666666666666856e+01
9.718666666666666742e+01
9.746666666666666856e+01
9.718833333333333258e+01
9.746666666666666856e+01
9.718833333333333258e+01
9.746666666666666856e+01
9.719166666666666288e+01
9.746666666666666856e+01
9.719166666666666288e+01
9.746666666666666856e+01
9.719166666666666288e+01
9.746666666666666856e+01
9.719166666666666288e+01
9.746666666666666856e+01
9.719166666666666288e+01
9.746666666666666856e+01
9.718999999999999773e+01
9.746666666666666856e+01
9.718999999999999773e+01
9.746666666666666856e+01
9.719166666666666288e+01
9.746833333333333371e+01
9.719166666666666288e+01
9.746833333333333371e+01
9.719166666666666288e+01
9.746833333333333371e+01
9.719166666666666288e+01
9.746999999999999886e+01
9.719333333333332803e+01
9.746833333333333371e+01
9.719333333333332803e+01
9.746833333333333371e+01
9.719333333333332803e+01
9.746833333333333371e+01
9.719499999999999318e+01
9.746833333333333371e+01
9.719499999999999318e+01
9.746833333333333371e+01
9.719499999999999318e+01
9.746833333333333371e+01
9.719666666666667254e+01
9.746833333333333371e+01
9.719833333333333769e+01
9.746833333333333371e+01
9.720000000000000284e+01
9.746833333333333371e+01
9.720000000000000284e+01
9.746666666666666856e+01
9.720000000000000284e+01
9.746500000000000341e+01
9.720000000000000284e+01
9.746500000000000341e+01
9.720000000000000284e+01
9.746500000000000341e+01
9.720000000000000284e+01
9.746500000000000341e+01
9.720000000000000284e+01
9.746500000000000341e+01
9.720000000000000284e+01
9.746500000000000341e+01
9.720000000000000284e+01
9.746500000000000341e+01
9.720000000000000284e+01
9.746500000000000341e+01
9.720000000000000284e+01
9.746500000000000341e+01
9.720000000000000284e+01
9.746500000000000341e+01
9.720000000000000284e+01
9.746666666666666856e+01
9.720000000000000284e+01
9.746333333333333826e+01
9.720000000000000284e+01
9.746333333333333826e+01
9.720000000000000284e+01
9.746333333333333826e+01
9.720000000000000284e+01
9.746333333333333826e+01
9.720000000000000284e+01
9.746166666666667311e+01
9.720000000000000284e+01
9.746166666666667311e+01
9.720000000000000284e+01
9.746166666666667311e+01
9.720000000000000284e+01
9.746166666666667311e+01
9.720000000000000284e+01
9.746166666666667311e+01
9.720000000000000284e+01
9.746166666666667311e+01
9.720000000000000284e+01
9.746166666666667311e+01
9.720000000000000284e+01
9.746166666666667311e+01
9.720000000000000284e+01
9.746166666666667311e+01
9.720000000000000284e+01
9.745999999999999375e+01
9.720000000000000284e+01
9.745999999999999375e+01
9.720000000000000284e+01
9.745999999999999375e+01
9.720000000000000284e+01
9.745999999999999375e+01
9.720000000000000284e+01
9.745999999999999375e+01
9.720000000000000284e+01
9.745999999999999375e+01
9.720166666666666799e+01
9.745999999999999375e+01
9.720166666666666799e+01
9.745999999999999375e+01
9.720166666666666799e+01
9.745833333333332860e+01
9.720166666666666799e+01
9.745833333333332860e+01
9.720000000000000284e+01
9.745833333333332860e+01
9.720000000000000284e+01
9.745666666666666345e+01
9.720000000000000284e+01
9.745666666666666345e+01
9.720000000000000284e+01
9.745666666666666345e+01
9.720000000000000284e+01
9.745666666666666345e+01
9.720000000000000284e+01
9.745666666666666345e+01
9.720000000000000284e+01
9.745666666666666345e+01
9.720000000000000284e+01
9.745666666666666345e+01
9.720000000000000284e+01
9.745666666666666345e+01
9.720000000000000284e+01
9.745666666666666345e+01
9.720000000000000284e+01
9.745666666666666345e+01
9.720000000000000284e+01
9.745666666666666345e+01
9.720000000000000284e+01
9.745666666666666345e+01
9.720000000000000284e+01
9.746166666666667311e+01
9.720000000000000284e+01
9.746166666666667311e+01
9.720000000000000284e+01
9.746166666666667311e+01
9.720000000000000284e+01
9.746333333333333826e+01
9.720000000000000284e+01
9.746333333333333826e+01
9.720000000000000284e+01
9.746333333333333826e+01
9.720000000000000284e+01
9.746166666666667311e+01
9.720000000000000284e+01
9.745999999999999375e+01
9.720000000000000284e+01
9.745999999999999375e+01
9.720000000000000284e+01
9.745999999999999375e+01
9.720000000000000284e+01
9.745999999999999375e+01
9.720000000000000284e+01
9.745999999999999375e+01
9.720000000000000284e+01
9.745999999999999375e+01
9.720000000000000284e+01
9.745999999999999375e+01
9.720000000000000284e+01
9.747499999999999432e+01
9.720666666666666345e+01
9.747499999999999432e+01
9.720666666666666345e+01
9.747333333333332916e+01
9.720833333333332860e+01
9.747333333333332916e+01
9.720833333333332860e+01
9.747333333333332916e+01
9.720833333333332860e+01
9.747166666666666401e+01
9.720666666666666345e+01
9.746999999999999886e+01
9.720666666666666345e+01
9.746833333333333371e+01
9.720833333333332860e+01
9.746833333333333371e+01
9.720833333333332860e+01
9.746833333333333371e+01
9.720833333333332860e+01
9.746666666666666856e+01
9.720833333333332860e+01
9.746333333333333826e+01
9.720999999999999375e+01
9.746333333333333826e+01
9.720666666666666345e+01
9.746500000000000341e+01
9.720666666666666345e+01
9.746333333333333826e+01
9.720666666666666345e+01
9.746333333333333826e+01
9.720666666666666345e+01
9.746333333333333826e+01
9.720666666666666345e+01
9.746333333333333826e+01
9.720666666666666345e+01
9.746333333333333826e+01
9.720666666666666345e+01
9.746333333333333826e+01
9.720666666666666345e+01
9.746500000000000341e+01
9.720666666666666345e+01
9.746500000000000341e+01
9.720666666666666345e+01
9.746333333333333826e+01
9.720666666666666345e+01
9.746333333333333826e+01
9.720666666666666345e+01
9.746333333333333826e+01
9.720666666666666345e+01
9.746333333333333826e+01
9.720666666666666345e+01
9.746166666666667311e+01
9.720666666666666345e+01
9.746166666666667311e+01
9.720833333333332860e+01
9.746333333333333826e+01
9.721166666666667311e+01
9.746333333333333826e+01
9.721333333333333826e+01
9.746333333333333826e+01
9.721333333333333826e+01
9.746333333333333826e+01
9.721333333333333826e+01
9.746333333333333826e+01
9.721333333333333826e+01
9.746333333333333826e+01
9.721333333333333826e+01
9.746333333333333826e+01
9.721333333333333826e+01
9.746333333333333826e+01
9.721333333333333826e+01
9.746333333333333826e+01
9.721333333333333826e+01
9.746333333333333826e+01
9.721333333333333826e+01
9.746333333333333826e+01
9.721333333333333826e+01
9.746333333333333826e+01
9.721333333333333826e+01
9.746333333333333826e+01
9.721333333333333826e+01
9.746333333333333826e+01
9.721166666666667311e+01
9.746333333333333826e+01
9.721166666666667311e+01
9.746333333333333826e+01
9.721166666666667311e+01
9.746333333333333826e+01
9.721166666666667311e+01
9.746333333333333826e+01
9.721166666666667311e+01
9.746333333333333826e+01
9.721166666666667311e+01
9.746333333333333826e+01
9.721166666666667311e+01
9.746333333333333826e+01
9.721166666666667311e+01
9.746333333333333826e+01
9.721166666666667311e+01
9.746166666666667311e+01
9.721166666666667311e+01
9.745999999999999375e+01
9.721166666666667311e+01
9.745999999999999375e+01
9.721166666666667311e+01
9.745999999999999375e+01
9.721166666666667311e+01
9.745999999999999375e+01
9.721166666666667311e+01
9.745999999999999375e+01
9.721166666666667311e+01
9.745999999999999375e+01
9.721166666666667311e+01
9.745999999999999375e+01
9.721166666666667311e+01
9.745999999999999375e+01
9.721166666666667311e+01
9.745999999999999375e+01
9.721166666666667311e+01
9.745999999999999375e+01
9.721166666666667311e+01
9.745999999999999375e+01
9.721166666666667311e+01
9.745999999999999375e+01
9.721166666666667311e+01
9.745999999999999375e+01
9.721166666666667311e+01
9.745999999999999375e+01
9.721166666666667311e+01
9.745999999999999375e+01
9.721166666666667311e+01
9.745999999999999375e+01
9.721166666666667311e+01
9.745999999999999375e+01
9.721166666666667311e+01
9.745999999999999375e+01
9.721166666666667311e+01
9.745999999999999375e+01
9.721166666666667311e+01
9.745999999999999375e+01
9.721166666666667311e+01
9.745999999999999375e+01
9.721166666666667311e+01
9.745999999999999375e+01
9.721166666666667311e+01
9.745999999999999375e+01
9.721166666666667311e+01
9.745999999999999375e+01
9.721166666666667311e+01
9.745999999999999375e+01
9.721166666666667311e+01
9.745833333333332860e+01
9.721166666666667311e+01
9.745833333333332860e+01
9.721166666666667311e+01
9.745833333333332860e+01
9.721166666666667311e+01
9.745833333333332860e+01
9.721166666666667311e+01
9.745833333333332860e+01
9.721166666666667311e+01
9.745833333333332860e+01
9.721166666666667311e+01
9.745833333333332860e+01
9.721166666666667311e+01
9.745833333333332860e+01
9.721166666666667311e+01
9.745833333333332860e+01
9.721166666666667311e+01
9.745833333333332860e+01
9.721166666666667311e+01
9.745833333333332860e+01
9.721166666666667311e+01
9.745833333333332860e+01
9.721166666666667311e+01
9.745833333333332860e+01
9.721166666666667311e+01
9.745833333333332860e+01
9.721166666666667311e+01
9.745666666666666345e+01
9.721166666666667311e+01
9.745666666666666345e+01
9.721166666666667311e+01
9.745666666666666345e+01
9.721166666666667311e+01
9.745666666666666345e+01
9.721166666666667311e+01
9.745666666666666345e+01
9.721166666666667311e+01
9.745666666666666345e+01
9.721166666666667311e+01
9.745666666666666345e+01
9.721166666666667311e+01
9.745666666666666345e+01
9.721166666666667311e+01
9.745666666666666345e+01
9.721166666666667311e+01
9.745666666666666345e+01
9.721166666666667311e+01
9.745666666666666345e+01
9.721166666666667311e+01
9.745666666666666345e+01
9.721166666666667311e+01
9.745666666666666345e+01
9.721333333333333826e+01
9.745666666666666345e+01
9.721333333333333826e+01
9.745666666666666345e+01
9.721333333333333826e+01
9.745666666666666345e+01
9.721333333333333826e+01
9.745666666666666345e+01
9.721333333333333826e+01
9.745666666666666345e+01
9.721333333333333826e+01
9.745666666666666345e+01
9.721333333333333826e+01
9.745666666666666345e+01
9.721333333333333826e+01
9.745666666666666345e+01
9.721333333333333826e+01
9.745666666666666345e+01
9.721333333333333826e+01
9.745666666666666345e+01
9.721333333333333826e+01
9.745666666666666345e+01
9.721333333333333826e+01
9.745666666666666345e+01
9.721333333333333826e+01
9.745666666666666345e+01
9.721333333333333826e+01
9.745666666666666345e+01
9.721333333333333826e+01
9.745666666666666345e+01
9.721333333333333826e+01
9.745666666666666345e+01
9.721333333333333826e+01
9.745666666666666345e+01
9.721333333333333826e+01
9.745666666666666345e+01
9.721333333333333826e+01
9.745666666666666345e+01
9.721333333333333826e+01
9.745666666666666345e+01
9.721333333333333826e+01
9.745666666666666345e+01
9.721333333333333826e+01
9.745666666666666345e+01
9.721333333333333826e+01
9.745499999999999829e+01
9.721333333333333826e+01
9.745499999999999829e+01
9.721333333333333826e+01
9.745499999999999829e+01
9.721333333333333826e+01
9.745499999999999829e+01
9.721333333333333826e+01
9.745499999999999829e+01
9.721333333333333826e+01
9.745499999999999829e+01
9.721333333333333826e+01
9.745499999999999829e+01
9.721333333333333826e+01
9.745499999999999829e+01
9.721333333333333826e+01
9.745499999999999829e+01
9.721333333333333826e+01
9.745499999999999829e+01
9.721333333333333826e+01
9.745499999999999829e+01
9.721333333333333826e+01
9.745499999999999829e+01
9.721333333333333826e+01
9.745499999999999829e+01
9.721333333333333826e+01
9.745499999999999829e+01
9.721333333333333826e+01
9.745499999999999829e+01
9.721333333333333826e+01
9.745499999999999829e+01
9.721333333333333826e+01
9.745499999999999829e+01
9.721333333333333826e+01
9.745499999999999829e+01
9.721333333333333826e+01
9.745499999999999829e+01
9.721333333333333826e+01
9.745499999999999829e+01
9.721333333333333826e+01
9.745499999999999829e+01
9.721333333333333826e+01
9.745499999999999829e+01
9.721333333333333826e+01
9.745499999999999829e+01
9.721333333333333826e+01
9.745499999999999829e+01
9.721333333333333826e+01
9.745499999999999829e+01
9.721333333333333826e+01
9.745499999999999829e+01
9.721333333333333826e+01
9.745499999999999829e+01
9.721333333333333826e+01
9.745499999999999829e+01
9.721333333333333826e+01
9.745499999999999829e+01
9.721333333333333826e+01
9.745499999999999829e+01
9.721333333333333826e+01
9.745499999999999829e+01
9.721333333333333826e+01
9.745499999999999829e+01
9.721333333333333826e+01
9.745499999999999829e+01
9.721333333333333826e+01
9.745499999999999829e+01
9.721333333333333826e+01
9.745499999999999829e+01
9.721333333333333826e+01
9.745499999999999829e+01
9.721333333333333826e+01
9.745499999999999829e+01
9.721333333333333826e+01
9.745499999999999829e+01
9.721333333333333826e+01
9.745499999999999829e+01
9.721333333333333826e+01
9.745499999999999829e+01
9.721333333333333826e+01
9.745499999999999829e+01
9.721333333333333826e+01
9.745499999999999829e+01
9.721333333333333826e+01
9.745499999999999829e+01
9.721333333333333826e+01
9.745499999999999829e+01
9.721333333333333826e+01
9.745499999999999829e+01
9.721333333333333826e+01
9.745499999999999829e+01
9.721333333333333826e+01
9.745499999999999829e+01
9.721333333333333826e+01
9.745499999999999829e+01
9.721333333333333826e+01
9.745499999999999829e+01
9.721333333333333826e+01
9.745499999999999829e+01
9.721333333333333826e+01
9.745499999999999829e+01
9.721333333333333826e+01
9.745499999999999829e+01
9.721333333333333826e+01
9.745499999999999829e+01
9.721333333333333826e+01
9.745499999999999829e+01
9.721333333333333826e+01
9.745499999999999829e+01
9.721333333333333826e+01
9.745499999999999829e+01
9.721333333333333826e+01
9.745499999999999829e+01
9.721333333333333826e+01
9.745499999999999829e+01
9.721333333333333826e+01
9.745499999999999829e+01
9.721333333333333826e+01
9.745499999999999829e+01
9.721333333333333826e+01
9.745499999999999829e+01
9.721333333333333826e+01
9.745499999999999829e+01
9.721333333333333826e+01
9.745499999999999829e+01
9.721333333333333826e+01
9.745499999999999829e+01
9.721333333333333826e+01
9.745499999999999829e+01
9.721333333333333826e+01
9.745499999999999829e+01
9.721333333333333826e+01
9.745499999999999829e+01
9.721333333333333826e+01
9.745499999999999829e+01
9.721333333333333826e+01
9.745499999999999829e+01
9.721333333333333826e+01
9.745499999999999829e+01
9.721333333333333826e+01
9.745499999999999829e+01
9.721333333333333826e+01
9.745499999999999829e+01
9.721333333333333826e+01
9.745499999999999829e+01
9.721333333333333826e+01
9.745499999999999829e+01
9.721333333333333826e+01
9.745499999999999829e+01
9.721333333333333826e+01
9.745499999999999829e+01
9.721333333333333826e+01
9.745499999999999829e+01
9.721333333333333826e+01
9.745499999999999829e+01
9.721333333333333826e+01
9.745499999999999829e+01
9.721333333333333826e+01
9.745499999999999829e+01
9.721333333333333826e+01
9.745499999999999829e+01
9.721333333333333826e+01
9.745499999999999829e+01
9.721333333333333826e+01
9.745499999999999829e+01
9.721333333333333826e+01
9.745499999999999829e+01
9.721333333333333826e+01
9.745499999999999829e+01
9.721333333333333826e+01
9.745499999999999829e+01
9.721333333333333826e+01
9.745499999999999829e+01
9.721333333333333826e+01
9.745499999999999829e+01
9.721333333333333826e+01
9.745499999999999829e+01
9.721333333333333826e+01
9.745499999999999829e+01
9.721333333333333826e+01
9.745499999999999829e+01
9.721333333333333826e+01
9.745499999999999829e+01
9.721333333333333826e+01
9.745499999999999829e+01
9.721333333333333826e+01
9.745499999999999829e+01
9.721333333333333826e+01
9.745499999999999829e+01
9.721333333333333826e+01
9.745499999999999829e+01
9.721333333333333826e+01
9.745499999999999829e+01
9.721333333333333826e+01
