4.064666666666666117e+01
5.394500000000000028e+01
6.525333333333333030e+01
7.354333333333333655e+01
7.813666666666667027e+01
8.016333333333332689e+01
8.172333333333332916e+01
8.312500000000000000e+01
8.467666666666666231e+01
8.622166666666666401e+01
8.787666666666666515e+01
8.932666666666666799e+01
9.070000000000000284e+01
9.179500000000000171e+01
9.289499999999999602e+01
9.332666666666666799e+01
9.422166666666666401e+01
9.429500000000000171e+01
9.487000000000000455e+01
9.497499999999999432e+01
9.540000000000000568e+01
9.548999999999999488e+01
9.579666666666666686e+01
9.591166666666666174e+01
9.612833333333333030e+01
9.623333333333333428e+01
9.639499999999999602e+01
9.658499999999999375e+01
9.662999999999999545e+01
9.687666666666666515e+01
9.685833333333333428e+01
9.709166666666666856e+01
9.702666666666667084e+01
9.731999999999999318e+01
9.724166666666666003e+01
9.750833333333333997e+01
9.737999999999999545e+01
9.766666666666667140e+01
9.753166666666666629e+01
9.781333333333333258e+01
9.767666666666666231e+01
9.792000000000000171e+01
9.778499999999999659e+01
9.800833333333333997e+01
9.787833333333333030e+01
9.811333333333332973e+01
9.792666666666666231e+01
9.819333333333332803e+01
9.804333333333333655e+01
9.826999999999999602e+01
9.804166666666667140e+01
9.833499999999999375e+01
9.823833333333332973e+01
9.840500000000000114e+01
9.821999999999999886e+01
9.845333333333333314e+01
9.824166666666666003e+01
9.848499999999999943e+01
9.832999999999999829e+01
9.856166666666666742e+01
9.831999999999999318e+01
9.859499999999999886e+01
9.836666666666666003e+01
9.863500000000000512e+01
9.836666666666666003e+01
9.865000000000000568e+01
9.846333333333333826e+01
9.870166666666666799e+01
9.845333333333333314e+01
9.871833333333333371e+01
9.845666666666666345e+01
9.872833333333333883e+01
9.853833333333332689e+01
9.875833333333333997e+01
9.852333333333332632e+01
9.876999999999999602e+01
9.852166666666666117e+01
9.878333333333333144e+01
9.856666666666666288e+01
9.879999999999999716e+01
9.856000000000000227e+01
9.881166666666666742e+01
9.855666666666667197e+01
9.881833333333332803e+01
9.857999999999999829e+01
9.884000000000000341e+01
9.856833333333332803e+01
9.885833333333333428e+01
9.862166666666666970e+01
9.888666666666667027e+01
9.860166666666665947e+01
9.888333333333333997e+01
9.859000000000000341e+01
9.889333333333333087e+01
9.865166666666667084e+01
9.891500000000000625e+01
9.862500000000000000e+01
9.891166666666666174e+01
9.861166666666666458e+01
9.893000000000000682e+01
9.867000000000000171e+01
9.893333333333333712e+01
9.863666666666667027e+01
9.894499999999999318e+01
9.863500000000000512e+01
9.894833333333333769e+01
9.867833333333332746e+01
9.897166666666666401e+01
9.864499999999999602e+01
9.896333333333333826e+01
9.870000000000000284e+01
9.897833333333333883e+01
9.866666666666667140e+01
9.898666666666666458e+01
9.866166666666666174e+01
9.898833333333332973e+01
9.876333333333333542e+01
9.900499999999999545e+01
9.873499999999999943e+01
9.900833333333333997e+01
9.870666666666666345e+01
9.901333333333333542e+01
9.869666666666667254e+01
9.900333333333333030e+01
9.870499999999999829e+01
9.901333333333333542e+01
9.869499999999999318e+01
9.901833333333333087e+01
9.871666666666666856e+01
9.901333333333333542e+01
9.869499999999999318e+01
9.901833333333333087e+01
9.870499999999999829e+01
9.902666666666667084e+01
9.870666666666666345e+01
9.903333333333333144e+01
9.870000000000000284e+01
9.903333333333333144e+01
9.883666666666667311e+01
9.905166666666666231e+01
9.880333333333332746e+01
9.905500000000000682e+01
9.878000000000000114e+01
9.905833333333333712e+01
9.876500000000000057e+01
9.906499999999999773e+01
9.875000000000000000e+01
9.906499999999999773e+01
9.874666666666666970e+01
9.905833333333333712e+01
9.873666666666666458e+01
9.905500000000000682e+01
9.881666666666666288e+01
9.905833333333333712e+01
9.879166666666667140e+01
9.907666666666666799e+01
9.877500000000000568e+01
9.907166666666667254e+01
9.876000000000000512e+01
9.906666666666666288e+01
9.877333333333332632e+01
9.906666666666666288e+01
9.874500000000000455e+01
9.906666666666666288e+01
9.887000000000000455e+01
9.907666666666666799e+01
9.883499999999999375e+01
9.907999999999999829e+01
9.882333333333333769e+01
9.908333333333332860e+01
9.880166666666666231e+01
9.908166666666666345e+01
9.880333333333332746e+01
9.908166666666666345e+01
9.878499999999999659e+01
9.907999999999999829e+01
9.882333333333333769e+01
9.906333333333333258e+01
9.881000000000000227e+01
9.906499999999999773e+01
9.879500000000000171e+01
9.906833333333332803e+01
9.883833333333333826e+01
9.906999999999999318e+01
9.881166666666666742e+01
9.907166666666667254e+01
9.879999999999999716e+01
9.907166666666667254e+01
9.881999999999999318e+01
9.906833333333332803e+01
9.879000000000000625e+01
9.907166666666667254e+01
9.879999999999999716e+01
9.906833333333332803e+01
9.881333333333333258e+01
9.906666666666666288e+01
9.878166666666666629e+01
9.906666666666666288e+01
9.886333333333332973e+01
9.908166666666666345e+01
9.884000000000000341e+01
9.907500000000000284e+01
9.880666666666667197e+01
9.907500000000000284e+01
9.881166666666666742e+01
9.907166666666667254e+01
9.879666666666666686e+01
9.908166666666666345e+01
9.884000000000000341e+01
9.905500000000000682e+01
9.879333333333333655e+01
9.906666666666666288e+01
9.877833333333333599e+01
9.907500000000000284e+01
9.885666666666666913e+01
9.906833333333332803e+01
9.881333333333333258e+01
9.907500000000000284e+01
9.879500000000000171e+01
9.908499999999999375e+01
9.880833333333333712e+01
9.906666666666666288e+01
9.878666666666666174e+01
9.906666666666666288e+01
9.880666666666667197e+01
9.907833333333333314e+01
9.879999999999999716e+01
9.906999999999999318e+01
9.880833333333333712e+01
9.907999999999999829e+01
9.879833333333333201e+01
9.906999999999999318e+01
9.879500000000000171e+01
9.907500000000000284e+01
9.887000000000000455e+01
9.906999999999999318e+01
9.882666666666666799e+01
9.907333333333333769e+01
9.881666666666666288e+01
9.907500000000000284e+01
9.879833333333333201e+01
9.907500000000000284e+01
9.880166666666666231e+01
9.906333333333333258e+01
9.878333333333333144e+01
9.906499999999999773e+01
9.880333333333332746e+01
9.906999999999999318e+01
9.884166666666666856e+01
9.907833333333333314e+01
9.881333333333333258e+01
9.907166666666667254e+01
9.879833333333333201e+01
9.907333333333333769e+01
9.878166666666666629e+01
9.906833333333332803e+01
9.890833333333333144e+01
9.907666666666666799e+01
9.885666666666666913e+01
9.908333333333332860e+01
9.883666666666667311e+01
9.909833333333332916e+01
9.882666666666666799e+01
9.908499999999999375e+01
9.881499999999999773e+01
9.907833333333333314e+01
9.879999999999999716e+01
9.907333333333333769e+01
9.881999999999999318e+01
9.905333333333332746e+01
9.880166666666666231e+01
9.906166666666666742e+01
9.880166666666666231e+01
9.906999999999999318e+01
9.878000000000000114e+01
9.906999999999999318e+01
9.895000000000000284e+01
9.906999999999999318e+01
9.888833333333333542e+01
9.908833333333333826e+01
9.886333333333332973e+01
9.908666666666667311e+01
9.885166666666665947e+01
9.909166666666666856e+01
9.884333333333333371e+01
9.909499999999999886e+01
9.882166666666667254e+01
9.909000000000000341e+01
9.879999999999999716e+01
9.908499999999999375e+01
9.884000000000000341e+01
9.907833333333333314e+01
9.881000000000000227e+01
9.906833333333332803e+01
9.879333333333333655e+01
9.908333333333332860e+01
9.884999999999999432e+01
9.908666666666667311e+01
9.883499999999999375e+01
9.908666666666667311e+01
9.881000000000000227e+01
9.908166666666666345e+01
9.880333333333332746e+01
9.907999999999999829e+01
9.887999999999999545e+01
9.909166666666666856e+01
9.884833333333332916e+01
9.908666666666667311e+01
9.883499999999999375e+01
9.909166666666666856e+01
9.883333333333332860e+01
9.909166666666666856e+01
9.883499999999999375e+01
9.908166666666666345e+01
9.881833333333332803e+01
9.908333333333332860e+01
9.880833333333333712e+01
9.908166666666666345e+01
9.886499999999999488e+01
9.907500000000000284e+01
9.884166666666666856e+01
9.906999999999999318e+01
9.881333333333333258e+01
9.906666666666666288e+01
9.880500000000000682e+01
9.908333333333332860e+01
9.882500000000000284e+01
9.907333333333333769e+01
9.880500000000000682e+01
9.907999999999999829e+01
9.879500000000000171e+01
9.908499999999999375e+01
9.893000000000000682e+01
9.906000000000000227e+01
9.887999999999999545e+01
9.908833333333333826e+01
9.884833333333332916e+01
9.908499999999999375e+01
9.882833333333333314e+01
9.908833333333333826e+01
9.882166666666667254e+01
9.909333333333333371e+01
9.880333333333332746e+01
9.909333333333333371e+01
9.882333333333333769e+01
9.907500000000000284e+01
9.880500000000000682e+01
9.907666666666666799e+01
9.879333333333333655e+01
9.907999999999999829e+01
9.892666666666666231e+01
9.907333333333333769e+01
9.888500000000000512e+01
9.907500000000000284e+01
9.886333333333332973e+01
9.908666666666667311e+01
9.884000000000000341e+01
9.908666666666667311e+01
9.882166666666667254e+01
9.909833333333332916e+01
9.883166666666666345e+01
9.907999999999999829e+01
9.879333333333333655e+01
9.908333333333332860e+01
9.879333333333333655e+01
9.908499999999999375e+01
9.886499999999999488e+01
9.908666666666667311e+01
9.883499999999999375e+01
9.908333333333332860e+01
9.882833333333333314e+01
9.908833333333333826e+01
9.881166666666666742e+01
9.909000000000000341e+01
9.884499999999999886e+01
9.906666666666666288e+01
9.881833333333332803e+01
9.907333333333333769e+01
9.879999999999999716e+01
9.907166666666667254e+01
9.880666666666667197e+01
9.906999999999999318e+01
9.885833333333333428e+01
9.907166666666667254e+01
9.882666666666666799e+01
9.908333333333332860e+01
9.881666666666666288e+01
9.907666666666666799e+01
9.883833333333333826e+01
9.906666666666666288e+01
9.881499999999999773e+01
9.906999999999999318e+01
9.880500000000000682e+01
9.907500000000000284e+01
9.881166666666666742e+01
9.906999999999999318e+01
9.887333333333333485e+01
9.905833333333333712e+01
9.885500000000000398e+01
9.906499999999999773e+01
9.883333333333332860e+01
9.906333333333333258e+01
9.881499999999999773e+01
9.907833333333333314e+01
9.880666666666667197e+01
9.907833333333333314e+01
9.886166666666666458e+01
9.905333333333332746e+01
9.883333333333332860e+01
9.905833333333333712e+01
9.881166666666666742e+01
9.906666666666666288e+01
9.879999999999999716e+01
9.906333333333333258e+01
9.884333333333333371e+01
9.907166666666667254e+01
9.882333333333333769e+01
9.906999999999999318e+01
9.880666666666667197e+01
9.906499999999999773e+01
9.889333333333333087e+01
9.904833333333333201e+01
9.885500000000000398e+01
9.905833333333333712e+01
9.883833333333333826e+01
9.906000000000000227e+01
9.882166666666667254e+01
9.906499999999999773e+01
9.881166666666666742e+01
9.906833333333332803e+01
9.887833333333333030e+01
9.905833333333333712e+01
9.885833333333333428e+01
9.906999999999999318e+01
9.883333333333332860e+01
9.907333333333333769e+01
9.881166666666666742e+01
9.906999999999999318e+01
9.884333333333333371e+01
9.905833333333333712e+01
9.881666666666666288e+01
9.906666666666666288e+01
9.879833333333333201e+01
9.906833333333332803e+01
9.878833333333332689e+01
9.906166666666666742e+01
9.895499999999999829e+01
9.903166666666666629e+01
9.891500000000000625e+01
9.906000000000000227e+01
9.889833333333334053e+01
9.906166666666666742e+01
9.888333333333333997e+01
9.906333333333333258e+01
9.887000000000000455e+01
9.907500000000000284e+01
9.885500000000000398e+01
9.907999999999999829e+01
9.883333333333332860e+01
9.908333333333332860e+01
9.883833333333333826e+01
9.907166666666667254e+01
9.881833333333332803e+01
9.907500000000000284e+01
9.880333333333332746e+01
9.908166666666666345e+01
9.892333333333333201e+01
9.905166666666666231e+01
9.889499999999999602e+01
9.906000000000000227e+01
9.888333333333333997e+01
9.906666666666666288e+01
9.886166666666666458e+01
9.907333333333333769e+01
9.884666666666666401e+01
9.907666666666666799e+01
9.884000000000000341e+01
9.906999999999999318e+01
9.888833333333333542e+01
9.906999999999999318e+01
9.886666666666666003e+01
9.907333333333333769e+01
9.884833333333332916e+01
9.907333333333333769e+01
9.882666666666666799e+01
9.906833333333332803e+01
9.888333333333333997e+01
9.905333333333332746e+01
9.884000000000000341e+01
9.906000000000000227e+01
9.882166666666667254e+01
9.906333333333333258e+01
9.880666666666667197e+01
9.906999999999999318e+01
9.891666666666667140e+01
9.904833333333333201e+01
9.888500000000000512e+01
9.906333333333333258e+01
9.887999999999999545e+01
9.906666666666666288e+01
9.885500000000000398e+01
9.906666666666666288e+01
9.883499999999999375e+01
9.906666666666666288e+01
9.885500000000000398e+01
9.906166666666666742e+01
9.883166666666666345e+01
9.906166666666666742e+01
9.882333333333333769e+01
9.906666666666666288e+01
9.888833333333333542e+01
9.904833333333333201e+01
9.885833333333333428e+01
9.906000000000000227e+01
9.883499999999999375e+01
9.906000000000000227e+01
9.881666666666666288e+01
9.906499999999999773e+01
9.882166666666667254e+01
9.906166666666666742e+01
9.883333333333332860e+01
9.905500000000000682e+01
9.881499999999999773e+01
9.906166666666666742e+01
9.892499999999999716e+01
9.902833333333333599e+01
9.890333333333333599e+01
9.905333333333332746e+01
9.889333333333333087e+01
9.906000000000000227e+01
9.887500000000000000e+01
9.905666666666667197e+01
9.885166666666665947e+01
9.905166666666666231e+01
9.884333333333333371e+01
9.906666666666666288e+01
9.884333333333333371e+01
9.905833333333333712e+01
9.884000000000000341e+01
9.905833333333333712e+01
9.882666666666666799e+01
9.905500000000000682e+01
9.887500000000000000e+01
9.905500000000000682e+01
9.884833333333332916e+01
9.906000000000000227e+01
9.882333333333333769e+01
9.905500000000000682e+01
9.881999999999999318e+01
9.904833333333333201e+01
9.887166666666666970e+01
9.903666666666666174e+01
9.883166666666666345e+01
9.904000000000000625e+01
9.881833333333332803e+01
9.904500000000000171e+01
9.881499999999999773e+01
9.903833333333332689e+01
9.892000000000000171e+01
9.903000000000000114e+01
9.889333333333333087e+01
9.904000000000000625e+01
9.887000000000000455e+01
9.905500000000000682e+01
9.886499999999999488e+01
9.905333333333332746e+01
9.883833333333333826e+01
9.905333333333332746e+01
9.882333333333333769e+01
9.904833333333333201e+01
9.884333333333333371e+01
9.904333333333333655e+01
9.882666666666666799e+01
9.904666666666666686e+01
9.882333333333333769e+01
9.904500000000000171e+01
9.888500000000000512e+01
9.904166666666667140e+01
9.885166666666665947e+01
9.904333333333333655e+01
9.882666666666666799e+01
9.904166666666667140e+01
9.881666666666666288e+01
9.904333333333333655e+01
9.881666666666666288e+01
9.904333333333333655e+01
9.891333333333332689e+01
9.903333333333333144e+01
9.889000000000000057e+01
9.904333333333333655e+01
9.887666666666666515e+01
9.904833333333333201e+01
9.885833333333333428e+01
9.905666666666667197e+01
9.883833333333333826e+01
9.904833333333333201e+01
9.882500000000000284e+01
9.905166666666666231e+01
9.883166666666666345e+01
9.904333333333333655e+01
9.882333333333333769e+01
9.904333333333333655e+01
9.882166666666667254e+01
9.904333333333333655e+01
9.892000000000000171e+01
9.902500000000000568e+01
9.890000000000000568e+01
9.903833333333332689e+01
9.888500000000000512e+01
9.904500000000000171e+01
9.887166666666666970e+01
9.904833333333333201e+01
9.885666666666666913e+01
9.904500000000000171e+01
9.883666666666667311e+01
9.904500000000000171e+01
9.883666666666667311e+01
9.904333333333333655e+01
9.887166666666666970e+01
9.903333333333333144e+01
9.882333333333333769e+01
9.903666666666666174e+01
9.882333333333333769e+01
9.904333333333333655e+01
9.882166666666667254e+01
9.903833333333332689e+01
9.889666666666666117e+01
9.903666666666666174e+01
9.887666666666666515e+01
9.904000000000000625e+01
9.885999999999999943e+01
9.903833333333332689e+01
9.883833333333333826e+01
9.903666666666666174e+01
9.884499999999999886e+01
9.903333333333333144e+01
9.882666666666666799e+01
9.904166666666667140e+01
9.890999999999999659e+01
9.901500000000000057e+01
9.889666666666666117e+01
9.903666666666666174e+01
9.887833333333333030e+01
9.903833333333332689e+01
9.886333333333332973e+01
9.903666666666666174e+01
9.884833333333332916e+01
9.903833333333332689e+01
9.883833333333333826e+01
9.904500000000000171e+01
9.889166666666666572e+01
9.902833333333333599e+01
9.885833333333333428e+01
9.902166666666666117e+01
9.884499999999999886e+01
9.902666666666667084e+01
9.883166666666666345e+01
9.903166666666666629e+01
9.882333333333333769e+01
9.903166666666666629e+01
9.890833333333333144e+01
9.902500000000000568e+01
9.889166666666666572e+01
9.903333333333333144e+01
9.887666666666666515e+01
9.903333333333333144e+01
9.886499999999999488e+01
9.903000000000000114e+01
9.884000000000000341e+01
9.902833333333333599e+01
9.883833333333333826e+01
9.903000000000000114e+01
9.890999999999999659e+01
9.902666666666667084e+01
9.888500000000000512e+01
9.902500000000000568e+01
9.887666666666666515e+01
9.903000000000000114e+01
9.886333333333332973e+01
9.903000000000000114e+01
9.884499999999999886e+01
9.902666666666667084e+01
9.883666666666667311e+01
9.903499999999999659e+01
9.885999999999999943e+01
9.902333333333332632e+01
9.883666666666667311e+01
9.902666666666667084e+01
9.882500000000000284e+01
9.902666666666667084e+01
9.886333333333332973e+01
9.901666666666666572e+01
9.883499999999999375e+01
9.901500000000000057e+01
9.882166666666667254e+01
9.901500000000000057e+01
9.880833333333333712e+01
9.901500000000000057e+01
9.892166666666666686e+01
9.901500000000000057e+01
9.892666666666666231e+01
9.904333333333333655e+01
9.890500000000000114e+01
9.904333333333333655e+01
9.888166666666666060e+01
9.904000000000000625e+01
9.887166666666666970e+01
9.903833333333332689e+01
9.886333333333332973e+01
9.904000000000000625e+01
9.885333333333333883e+01
9.903833333333332689e+01
9.883166666666666345e+01
9.903333333333333144e+01
9.887999999999999545e+01
9.902166666666666117e+01
9.884999999999999432e+01
9.902666666666667084e+01
9.883666666666667311e+01
9.901999999999999602e+01
9.888666666666667027e+01
9.902333333333332632e+01
9.885166666666665947e+01
9.901666666666666572e+01
9.883666666666667311e+01
9.902500000000000568e+01
9.882500000000000284e+01
9.901833333333333087e+01
9.889333333333333087e+01
9.902666666666667084e+01
9.887000000000000455e+01
9.902333333333332632e+01
9.884999999999999432e+01
9.901833333333333087e+01
9.883333333333332860e+01
9.901666666666666572e+01
9.884333333333333371e+01
9.901166666666667027e+01
9.882833333333333314e+01
9.901500000000000057e+01
9.882999999999999829e+01
9.901333333333333542e+01
9.889166666666666572e+01
9.901833333333333087e+01
9.887666666666666515e+01
9.901833333333333087e+01
9.885333333333333883e+01
9.901833333333333087e+01
9.883499999999999375e+01
9.900666666666666060e+01
9.883833333333333826e+01
9.901000000000000512e+01
9.882999999999999829e+01
9.901166666666667027e+01
9.883166666666666345e+01
9.900666666666666060e+01
9.885666666666666913e+01
9.901000000000000512e+01
9.884333333333333371e+01
9.901166666666667027e+01
9.882500000000000284e+01
9.900499999999999545e+01
9.891166666666666174e+01
9.901000000000000512e+01
9.889666666666666117e+01
9.901666666666666572e+01
9.888333333333333997e+01
9.902166666666666117e+01
9.887166666666666970e+01
9.901333333333333542e+01
9.885333333333333883e+01
9.901500000000000057e+01
9.883666666666667311e+01
9.901666666666666572e+01
9.887666666666666515e+01
9.900833333333333997e+01
9.884999999999999432e+01
9.901333333333333542e+01
9.883499999999999375e+01
9.901500000000000057e+01
9.882333333333333769e+01
9.901000000000000512e+01
9.890500000000000114e+01
9.901333333333333542e+01
9.888500000000000512e+01
9.901166666666667027e+01
9.886333333333332973e+01
9.901666666666666572e+01
9.885833333333333428e+01
9.901500000000000057e+01
9.885333333333333883e+01
9.900499999999999545e+01
9.883666666666667311e+01
9.900333333333333030e+01
9.882666666666666799e+01
9.900833333333333997e+01
9.886833333333333940e+01
9.900666666666666060e+01
9.884000000000000341e+01
9.900666666666666060e+01
9.883333333333332860e+01
9.900166666666666515e+01
9.889166666666666572e+01
9.901333333333333542e+01
9.886333333333332973e+01
9.901500000000000057e+01
9.884999999999999432e+01
9.901500000000000057e+01
9.884000000000000341e+01
9.901999999999999602e+01
9.888500000000000512e+01
9.900499999999999545e+01
9.884999999999999432e+01
9.901166666666667027e+01
9.883499999999999375e+01
9.900333333333333030e+01
9.882333333333333769e+01
9.900333333333333030e+01
9.885666666666666913e+01
9.901000000000000512e+01
9.882666666666666799e+01
9.901166666666667027e+01
9.884333333333333371e+01
9.900666666666666060e+01
9.888500000000000512e+01
9.900499999999999545e+01
9.886833333333333940e+01
9.900166666666666515e+01
9.885500000000000398e+01
9.900833333333333997e+01
9.884499999999999886e+01
9.901166666666667027e+01
9.884999999999999432e+01
9.900166666666666515e+01
9.883666666666667311e+01
9.900000000000000000e+01
9.882500000000000284e+01
9.900166666666666515e+01
9.890500000000000114e+01
9.900666666666666060e+01
9.889833333333334053e+01
9.901666666666666572e+01
9.887833333333333030e+01
9.902166666666666117e+01
9.887166666666666970e+01
9.902166666666666117e+01
9.886166666666666458e+01
9.901999999999999602e+01
9.884999999999999432e+01
9.901500000000000057e+01
9.885166666666665947e+01
9.900666666666666060e+01
9.884333333333333371e+01
9.900833333333333997e+01
9.882833333333333314e+01
9.901166666666667027e+01
9.887333333333333485e+01
9.899833333333333485e+01
9.884833333333332916e+01
9.900333333333333030e+01
9.883333333333332860e+01
9.900666666666666060e+01
9.882166666666667254e+01
9.900499999999999545e+01
9.890666666666666629e+01
9.901500000000000057e+01
9.888833333333333542e+01
9.901666666666666572e+01
9.888166666666666060e+01
9.902333333333332632e+01
9.886333333333332973e+01
9.901999999999999602e+01
9.884666666666666401e+01
9.901999999999999602e+01
9.886166666666666458e+01
9.900833333333333997e+01
9.883666666666667311e+01
9.901000000000000512e+01
9.882666666666666799e+01
9.901333333333333542e+01
9.882666666666666799e+01
9.900499999999999545e+01
9.891833333333333655e+01
9.901166666666667027e+01
9.890666666666666629e+01
9.901999999999999602e+01
9.889833333333334053e+01
9.902166666666666117e+01
9.889333333333333087e+01
9.902333333333332632e+01
9.887333333333333485e+01
9.902166666666666117e+01
9.886666666666666003e+01
9.901500000000000057e+01
9.885500000000000398e+01
9.901666666666666572e+01
9.885500000000000398e+01
9.901999999999999602e+01
9.884166666666666856e+01
9.901833333333333087e+01
9.890000000000000568e+01
9.900499999999999545e+01
9.888500000000000512e+01
9.901833333333333087e+01
9.887000000000000455e+01
9.902333333333332632e+01
9.884666666666666401e+01
9.902166666666666117e+01
9.883666666666667311e+01
9.901999999999999602e+01
9.883499999999999375e+01
9.901000000000000512e+01
9.891333333333332689e+01
9.901166666666667027e+01
9.889833333333334053e+01
9.902166666666666117e+01
9.888333333333333997e+01
9.902500000000000568e+01
9.887500000000000000e+01
9.901833333333333087e+01
9.885500000000000398e+01
9.902333333333332632e+01
9.884833333333332916e+01
9.901500000000000057e+01
9.888833333333333542e+01
9.901166666666667027e+01
9.886333333333332973e+01
9.902166666666666117e+01
9.884333333333333371e+01
9.901666666666666572e+01
9.882999999999999829e+01
9.901500000000000057e+01
9.886166666666666458e+01
9.900000000000000000e+01
9.883666666666667311e+01
9.900499999999999545e+01
9.882833333333333314e+01
9.900499999999999545e+01
9.886166666666666458e+01
9.900166666666666515e+01
9.883833333333333826e+01
9.901166666666667027e+01
9.883333333333332860e+01
9.900833333333333997e+01
9.891500000000000625e+01
9.900166666666666515e+01
9.890000000000000568e+01
9.901166666666667027e+01
9.889000000000000057e+01
9.901666666666666572e+01
9.887666666666666515e+01
9.902166666666666117e+01
9.885666666666666913e+01
9.901666666666666572e+01
9.884333333333333371e+01
9.901833333333333087e+01
9.884333333333333371e+01
9.900499999999999545e+01
9.887166666666666970e+01
9.901166666666667027e+01
9.884000000000000341e+01
9.901166666666667027e+01
9.883833333333333826e+01
9.900333333333333030e+01
9.882833333333333314e+01
9.900833333333333997e+01
9.889833333333334053e+01
9.900333333333333030e+01
9.886666666666666003e+01
9.900499999999999545e+01
9.885999999999999943e+01
9.900499999999999545e+01
9.884166666666666856e+01
9.900666666666666060e+01
9.882999999999999829e+01
9.901000000000000512e+01
9.884000000000000341e+01
9.900333333333333030e+01
9.887333333333333485e+01
9.900166666666666515e+01
9.884333333333333371e+01
9.900166666666666515e+01
9.884666666666666401e+01
9.900499999999999545e+01
9.885333333333333883e+01
9.900166666666666515e+01
9.884833333333332916e+01
9.899666666666666970e+01
9.882999999999999829e+01
9.899833333333333485e+01
9.884333333333333371e+01
9.899500000000000455e+01
9.886666666666666003e+01
9.899500000000000455e+01
9.884166666666666856e+01
9.900000000000000000e+01
9.884166666666666856e+01
9.899500000000000455e+01
9.888500000000000512e+01
9.900166666666666515e+01
