5.532333333333333769e+01
6.069999999999999574e+01
6.513333333333332575e+01
6.888333333333333997e+01
7.210333333333333883e+01
7.475333333333333030e+01
7.681833333333332803e+01
7.860500000000000398e+01
8.004500000000000171e+01
8.121999999999999886e+01
8.222666666666665947e+01
8.307333333333332348e+01
8.378833333333332689e+01
8.431833333333332803e+01
8.482333333333333769e+01
8.523000000000000398e+01
8.555166666666666231e+01
8.585833333333333428e+01
8.610833333333333428e+01
8.637833333333333030e+01
8.659499999999999886e+01
8.677333333333334053e+01
8.691333333333332689e+01
8.705500000000000682e+01
8.718999999999999773e+01
8.730500000000000682e+01
8.743166666666667197e+01
8.756666666666666288e+01
8.769333333333332803e+01
8.778833333333332689e+01
8.787500000000000000e+01
8.797666666666665947e+01
8.807666666666666799e+01
8.814666666666666117e+01
8.823833333333332973e+01
8.835166666666665947e+01
8.843833333333333258e+01
8.852500000000000568e+01
8.860666666666666913e+01
8.869333333333332803e+01
8.879833333333333201e+01
8.892166666666666686e+01
8.903000000000000114e+01
8.910833333333333428e+01
8.918666666666666742e+01
8.925833333333333997e+01
8.933833333333333826e+01
8.944166666666666288e+01
8.952166666666666117e+01
8.961499999999999488e+01
8.969333333333332803e+01
8.976000000000000512e+01
8.984666666666666401e+01
8.990166666666667084e+01
8.999666666666666970e+01
9.007500000000000284e+01
9.014166666666666572e+01
9.021999999999999886e+01
9.028999999999999204e+01
9.036166666666666458e+01
9.042499999999999716e+01
9.050666666666666060e+01
9.056000000000000227e+01
9.062500000000000000e+01
9.068166666666667197e+01
9.074166666666667425e+01
9.080500000000000682e+01
9.085999999999999943e+01
9.092833333333332746e+01
9.099666666666666970e+01
9.107166666666665833e+01
9.114666666666666117e+01
9.120166666666666799e+01
9.125666666666666060e+01
9.133833333333333826e+01
9.140166666666667084e+01
9.146500000000000341e+01
9.152166666666666117e+01
9.158333333333332860e+01
9.164499999999999602e+01
9.170833333333332860e+01
9.176000000000000512e+01
9.180500000000000682e+01
9.187833333333333030e+01
9.193166666666667197e+01
9.198499999999999943e+01
9.205833333333333712e+01
9.211666666666666003e+01
9.215999999999999659e+01
9.220499999999999829e+01
9.223499999999999943e+01
9.229166666666667140e+01
9.233833333333333826e+01
9.237500000000000000e+01
9.242666666666666231e+01
9.248666666666666458e+01
9.253333333333333144e+01
9.257666666666666799e+01
9.261666666666666003e+01
9.266666666666667140e+01
9.270166666666666799e+01
9.274166666666667425e+01
9.278333333333333144e+01
9.282500000000000284e+01
9.284499999999999886e+01
9.287666666666666515e+01
9.292499999999999716e+01
9.296999999999999886e+01
9.301000000000000512e+01
9.304999999999999716e+01
9.307999999999999829e+01
9.312333333333333485e+01
9.318333333333333712e+01
9.323499999999999943e+01
9.328833333333332689e+01
9.333333333333332860e+01
9.338333333333333997e+01
9.343000000000000682e+01
9.348000000000000398e+01
9.353833333333332689e+01
9.357999999999999829e+01
9.361499999999999488e+01
9.366333333333332689e+01
9.370999999999999375e+01
9.376166666666667027e+01
9.380166666666666231e+01
9.385166666666665947e+01
9.387500000000000000e+01
9.392166666666666686e+01
9.395833333333332860e+01
9.397833333333333883e+01
9.401500000000000057e+01
9.404833333333333201e+01
9.406999999999999318e+01
9.411499999999999488e+01
9.414166666666666572e+01
9.417499999999999716e+01
9.420000000000000284e+01
9.423833333333332973e+01
9.427333333333334053e+01
9.430166666666666231e+01
9.433833333333333826e+01
9.436499999999999488e+01
9.439166666666666572e+01
9.442666666666666231e+01
9.446333333333333826e+01
9.448499999999999943e+01
9.451500000000000057e+01
9.454999999999999716e+01
9.456499999999999773e+01
9.459333333333333371e+01
9.462000000000000455e+01
9.464833333333334053e+01
9.468666666666666742e+01
9.470166666666666799e+01
9.471999999999999886e+01
9.474833333333333485e+01
9.476666666666666572e+01
9.479000000000000625e+01
9.480833333333333712e+01
9.482833333333333314e+01
9.484666666666666401e+01
9.485666666666666913e+01
9.488333333333333997e+01
9.490833333333333144e+01
9.493999999999999773e+01
9.497166666666666401e+01
9.500000000000000000e+01
9.500833333333333997e+01
9.503833333333332689e+01
9.505333333333332746e+01
9.506999999999999318e+01
9.509833333333332916e+01
9.511499999999999488e+01
9.513500000000000512e+01
9.517333333333333201e+01
9.519833333333333769e+01
9.522166666666666401e+01
9.523000000000000398e+01
9.524833333333333485e+01
9.526999999999999602e+01
9.528833333333332689e+01
9.531333333333333258e+01
9.533499999999999375e+01
9.535166666666665947e+01
9.538666666666667027e+01
9.539499999999999602e+01
9.540666666666666629e+01
9.542833333333332746e+01
9.544499999999999318e+01
9.546500000000000341e+01
9.548166666666666913e+01
9.549500000000000455e+01
9.550499999999999545e+01
9.551833333333333087e+01
9.553833333333332689e+01
9.555833333333333712e+01
9.557500000000000284e+01
9.559166666666666856e+01
9.562166666666666970e+01
9.563833333333333542e+01
9.566166666666666174e+01
9.567166666666666686e+01
9.569666666666667254e+01
9.571999999999999886e+01
9.573333333333333428e+01
9.575833333333333997e+01
9.577333333333334053e+01
9.579166666666667140e+01
9.580833333333333712e+01
9.582166666666667254e+01
9.584333333333333371e+01
9.585833333333333428e+01
9.589000000000000057e+01
9.590833333333333144e+01
9.592499999999999716e+01
9.593166666666667197e+01
9.593666666666666742e+01
9.595333333333333314e+01
9.596333333333333826e+01
9.598166666666666913e+01
9.600000000000000000e+01
9.601500000000000057e+01
9.602833333333333599e+01
9.604000000000000625e+01
9.605166666666666231e+01
9.607166666666667254e+01
9.608166666666666345e+01
9.609999999999999432e+01
9.611499999999999488e+01
9.612833333333333030e+01
9.614666666666666117e+01
9.616166666666666174e+01
9.616833333333333655e+01
9.617333333333333201e+01
9.619166666666666288e+01
9.621833333333333371e+01
9.623333333333333428e+01
9.625499999999999545e+01
9.626500000000000057e+01
9.626999999999999602e+01
9.628166666666666629e+01
9.630333333333332746e+01
9.631333333333333258e+01
9.632166666666667254e+01
9.633333333333332860e+01
9.634666666666666401e+01
9.634999999999999432e+01
9.636333333333332973e+01
9.637166666666666970e+01
9.637666666666666515e+01
9.638666666666667027e+01
9.639666666666666117e+01
9.641166666666666174e+01
9.642833333333332746e+01
9.643833333333333258e+01
9.644499999999999318e+01
9.646166666666667311e+01
9.647333333333332916e+01
9.648000000000000398e+01
9.649333333333333940e+01
9.649666666666666970e+01
9.650666666666666060e+01
9.652166666666666117e+01
9.653166666666666629e+01
9.654333333333333655e+01
9.655833333333333712e+01
9.656999999999999318e+01
9.657999999999999829e+01
9.658833333333333826e+01
9.659000000000000341e+01
9.660833333333333428e+01
9.661499999999999488e+01
9.662000000000000455e+01
9.663500000000000512e+01
9.664000000000000057e+01
9.664666666666666117e+01
9.667666666666666231e+01
9.668333333333333712e+01
9.668999999999999773e+01
9.669499999999999318e+01
9.670333333333333314e+01
9.671333333333333826e+01
9.673166666666666913e+01
9.674500000000000455e+01
9.675499999999999545e+01
9.676000000000000512e+01
9.677500000000000568e+01
9.678166666666666629e+01
9.680500000000000682e+01
9.681833333333332803e+01
9.682500000000000284e+01
9.683333333333332860e+01
9.684666666666666401e+01
9.685333333333333883e+01
9.686333333333332973e+01
9.687666666666666515e+01
9.689000000000000057e+01
9.690333333333333599e+01
9.690999999999999659e+01
9.691666666666667140e+01
9.692333333333333201e+01
9.693500000000000227e+01
9.694499999999999318e+01
9.694833333333333769e+01
9.695499999999999829e+01
9.695999999999999375e+01
9.696833333333333371e+01
9.697499999999999432e+01
9.698166666666666913e+01
9.698499999999999943e+01
9.699500000000000455e+01
9.700499999999999545e+01
9.701999999999999602e+01
9.702500000000000568e+01
9.703833333333332689e+01
9.704500000000000171e+01
9.705500000000000682e+01
9.705666666666667197e+01
9.706666666666666288e+01
9.708166666666666345e+01
9.709000000000000341e+01
9.710166666666665947e+01
9.710833333333333428e+01
9.711333333333332973e+01
9.711499999999999488e+01
9.712999999999999545e+01
9.713666666666667027e+01
9.713833333333333542e+01
9.714833333333334053e+01
9.716333333333332689e+01
9.717333333333333201e+01
9.718333333333333712e+01
9.719166666666666288e+01
9.720000000000000284e+01
9.720000000000000284e+01
9.721166666666667311e+01
9.721999999999999886e+01
9.722333333333332916e+01
9.722499999999999432e+01
9.723499999999999943e+01
9.724500000000000455e+01
9.725166666666666515e+01
9.725333333333333030e+01
9.726166666666667027e+01
9.726833333333333087e+01
9.726666666666666572e+01
9.727333333333332632e+01
9.728166666666666629e+01
9.728666666666666174e+01
9.730166666666666231e+01
9.730333333333332746e+01
9.730500000000000682e+01
9.731000000000000227e+01
9.731666666666666288e+01
9.732333333333333769e+01
9.732666666666666799e+01
9.733166666666666345e+01
9.733333333333332860e+01
9.733833333333333826e+01
9.734333333333333371e+01
9.734666666666666401e+01
9.735333333333333883e+01
9.735833333333333428e+01
9.737500000000000000e+01
9.738666666666667027e+01
9.739000000000000057e+01
9.739333333333333087e+01
9.740000000000000568e+01
9.740333333333333599e+01
9.741166666666666174e+01
9.741666666666667140e+01
9.742166666666666686e+01
9.742833333333332746e+01
9.743166666666667197e+01
9.744166666666666288e+01
9.744666666666667254e+01
9.745333333333333314e+01
9.745166666666666799e+01
9.745833333333332860e+01
9.746666666666666856e+01
9.746999999999999886e+01
9.747499999999999432e+01
9.748166666666666913e+01
9.748000000000000398e+01
9.748499999999999943e+01
9.749166666666666003e+01
9.749166666666666003e+01
9.750499999999999545e+01
9.750833333333333997e+01
9.751333333333333542e+01
9.752333333333334053e+01
9.752500000000000568e+01
9.753166666666666629e+01
9.753833333333332689e+01
9.754000000000000625e+01
9.754833333333333201e+01
9.755333333333332746e+01
9.755500000000000682e+01
9.755500000000000682e+01
9.756166666666666742e+01
9.756333333333333258e+01
9.756666666666666288e+01
9.756666666666666288e+01
9.757500000000000284e+01
9.758166666666666345e+01
9.758833333333333826e+01
9.759499999999999886e+01
9.759666666666666401e+01
9.759999999999999432e+01
9.760333333333333883e+01
9.760333333333333883e+01
9.761333333333332973e+01
9.761499999999999488e+01
9.761833333333333940e+01
9.762166666666666970e+01
9.762999999999999545e+01
9.763333333333333997e+01
9.763500000000000512e+01
9.763666666666667027e+01
9.763833333333333542e+01
9.764000000000000057e+01
9.765000000000000568e+01
9.765500000000000114e+01
9.766333333333332689e+01
9.766666666666667140e+01
9.767000000000000171e+01
9.767333333333333201e+01
9.767833333333332746e+01
9.768666666666666742e+01
9.768999999999999773e+01
9.769499999999999318e+01
9.769833333333333769e+01
9.770000000000000284e+01
9.770333333333333314e+01
9.771333333333333826e+01
9.771333333333333826e+01
9.771999999999999886e+01
9.772333333333332916e+01
9.773000000000000398e+01
9.773333333333333428e+01
9.773833333333332973e+01
9.774833333333333485e+01
9.775499999999999545e+01
9.775666666666666060e+01
9.776166666666667027e+01
9.776500000000000057e+01
9.777833333333333599e+01
9.778000000000000114e+01
9.778333333333333144e+01
9.778666666666666174e+01
9.779166666666667140e+01
9.779333333333333655e+01
9.779666666666666686e+01
9.780333333333332746e+01
9.780500000000000682e+01
9.781666666666666288e+01
9.781666666666666288e+01
9.781666666666666288e+01
9.782333333333333769e+01
9.782833333333333314e+01
9.783333333333332860e+01
9.783666666666667311e+01
9.784166666666666856e+01
9.784166666666666856e+01
9.784333333333333371e+01
9.784666666666666401e+01
9.784833333333332916e+01
9.785666666666666913e+01
9.786333333333332973e+01
9.786666666666666003e+01
9.787333333333333485e+01
9.787166666666666970e+01
9.787833333333333030e+01
9.787999999999999545e+01
9.788500000000000512e+01
9.789333333333333087e+01
9.789333333333333087e+01
9.789499999999999602e+01
9.789666666666666117e+01
9.790166666666667084e+01
9.790333333333333599e+01
9.790666666666666629e+01
9.791500000000000625e+01
9.791833333333333655e+01
9.792166666666666686e+01
9.792666666666666231e+01
9.792833333333332746e+01
9.793500000000000227e+01
9.793999999999999773e+01
9.794333333333332803e+01
9.794833333333333769e+01
9.794833333333333769e+01
9.795000000000000284e+01
9.795833333333332860e+01
9.796333333333333826e+01
9.796500000000000341e+01
9.796833333333333371e+01
9.797333333333332916e+01
9.797166666666666401e+01
9.798000000000000398e+01
9.798000000000000398e+01
9.798166666666666913e+01
9.798333333333333428e+01
9.798333333333333428e+01
9.798999999999999488e+01
9.798666666666666458e+01
9.799166666666666003e+01
9.799666666666666970e+01
9.799833333333333485e+01
9.799833333333333485e+01
9.800000000000000000e+01
9.800166666666666515e+01
9.800333333333333030e+01
9.800833333333333997e+01
9.801333333333333542e+01
9.801666666666666572e+01
9.801833333333333087e+01
9.802333333333334053e+01
9.802500000000000568e+01
9.802833333333333599e+01
9.803166666666666629e+01
9.803333333333333144e+01
9.803833333333332689e+01
9.804000000000000625e+01
9.804333333333333655e+01
9.804999999999999716e+01
9.805333333333332746e+01
9.805500000000000682e+01
9.806166666666666742e+01
9.806166666666666742e+01
9.807166666666667254e+01
9.807999999999999829e+01
9.808166666666666345e+01
9.808499999999999375e+01
9.809333333333333371e+01
9.809166666666666856e+01
9.809333333333333371e+01
9.810666666666666913e+01
9.810500000000000398e+01
9.810999999999999943e+01
9.810999999999999943e+01
9.810999999999999943e+01
9.810999999999999943e+01
9.811166666666666458e+01
9.811333333333332973e+01
9.811499999999999488e+01
9.811666666666666003e+01
9.811833333333333940e+01
9.812000000000000455e+01
9.812000000000000455e+01
9.812166666666666970e+01
9.812833333333333030e+01
9.813166666666666060e+01
9.813500000000000512e+01
9.814000000000000057e+01
9.813833333333333542e+01
9.814166666666666572e+01
9.814166666666666572e+01
9.814333333333333087e+01
9.815000000000000568e+01
9.815166666666667084e+01
9.815500000000000114e+01
9.815999999999999659e+01
9.816166666666666174e+01
9.816333333333332689e+01
9.816500000000000625e+01
9.816500000000000625e+01
9.816666666666667140e+01
9.816333333333332689e+01
9.816666666666667140e+01
9.817166666666666686e+01
9.817333333333333201e+01
9.817499999999999716e+01
9.817666666666666231e+01
9.817833333333332746e+01
9.818000000000000682e+01
9.818000000000000682e+01
9.818166666666667197e+01
9.818166666666667197e+01
9.818166666666667197e+01
9.818166666666667197e+01
9.818500000000000227e+01
9.818500000000000227e+01
9.818666666666666742e+01
9.819166666666666288e+01
9.819666666666667254e+01
9.819666666666667254e+01
9.820333333333333314e+01
9.820333333333333314e+01
9.820499999999999829e+01
9.820666666666666345e+01
9.820499999999999829e+01
9.820833333333332860e+01
9.820833333333332860e+01
9.821333333333333826e+01
9.821333333333333826e+01
9.821999999999999886e+01
9.821833333333333371e+01
9.822666666666665947e+01
9.822833333333333883e+01
9.822666666666665947e+01
9.822833333333333883e+01
9.823000000000000398e+01
9.823166666666666913e+01
9.823166666666666913e+01
9.823666666666666458e+01
9.823999999999999488e+01
9.824333333333333940e+01
9.824666666666666970e+01
9.824666666666666970e+01
9.825333333333333030e+01
9.825333333333333030e+01
9.825333333333333030e+01
9.826000000000000512e+01
9.825333333333333030e+01
9.826000000000000512e+01
9.826333333333333542e+01
9.826500000000000057e+01
9.826833333333333087e+01
9.826833333333333087e+01
9.826999999999999602e+01
9.826999999999999602e+01
9.827500000000000568e+01
9.827500000000000568e+01
9.827500000000000568e+01
9.827666666666667084e+01
9.827666666666667084e+01
9.827833333333333599e+01
9.828000000000000114e+01
9.828333333333333144e+01
9.828333333333333144e+01
9.828333333333333144e+01
9.828166666666666629e+01
9.828499999999999659e+01
9.828833333333332689e+01
9.828833333333332689e+01
9.829000000000000625e+01
9.829166666666667140e+01
9.829166666666667140e+01
9.829500000000000171e+01
9.829500000000000171e+01
9.829500000000000171e+01
9.829833333333333201e+01
9.829833333333333201e+01
9.829833333333333201e+01
9.830333333333332746e+01
9.830166666666666231e+01
9.830333333333332746e+01
9.831000000000000227e+01
9.831666666666666288e+01
9.831833333333332803e+01
9.831666666666666288e+01
9.832333333333333769e+01
9.832166666666667254e+01
9.832333333333333769e+01
9.832500000000000284e+01
9.832833333333333314e+01
9.832999999999999829e+01
9.832833333333333314e+01
9.832999999999999829e+01
9.832999999999999829e+01
9.833333333333332860e+01
9.833499999999999375e+01
9.833833333333333826e+01
9.833833333333333826e+01
9.833833333333333826e+01
9.833833333333333826e+01
9.833833333333333826e+01
9.833666666666667311e+01
9.833833333333333826e+01
9.833666666666667311e+01
9.833833333333333826e+01
9.834000000000000341e+01
9.834166666666666856e+01
9.834166666666666856e+01
9.834499999999999886e+01
9.834499999999999886e+01
9.834666666666666401e+01
9.835166666666667368e+01
9.835166666666667368e+01
9.835333333333333883e+01
9.835166666666667368e+01
9.835333333333333883e+01
9.835333333333333883e+01
9.835500000000000398e+01
9.835666666666666913e+01
9.835833333333333428e+01
9.835999999999999943e+01
9.835999999999999943e+01
9.835999999999999943e+01
9.836166666666666458e+01
9.836166666666666458e+01
9.836666666666666003e+01
9.836499999999999488e+01
9.836666666666666003e+01
9.836833333333333940e+01
9.837333333333333485e+01
9.837500000000000000e+01
9.837666666666666515e+01
9.837833333333333030e+01
9.837833333333333030e+01
9.837833333333333030e+01
9.837833333333333030e+01
9.837999999999999545e+01
9.837666666666666515e+01
9.838333333333333997e+01
9.838333333333333997e+01
9.838500000000000512e+01
9.838666666666667027e+01
9.839000000000000057e+01
9.839000000000000057e+01
9.839166666666666572e+01
9.839166666666666572e+01
9.839833333333334053e+01
9.839666666666666117e+01
9.840166666666667084e+01
9.840166666666667084e+01
9.840666666666666629e+01
9.840666666666666629e+01
9.840666666666666629e+01
9.840500000000000114e+01
9.840500000000000114e+01
9.840666666666666629e+01
9.840666666666666629e+01
9.841166666666666174e+01
9.841500000000000625e+01
9.841500000000000625e+01
9.841833333333333655e+01
9.842333333333333201e+01
9.842166666666666686e+01
9.842499999999999716e+01
9.842499999999999716e+01
9.842666666666666231e+01
9.842833333333332746e+01
9.843000000000000682e+01
9.843166666666667197e+01
9.843333333333333712e+01
9.843333333333333712e+01
9.843333333333333712e+01
9.843833333333333258e+01
9.843999999999999773e+01
9.843833333333333258e+01
9.844166666666666288e+01
9.844333333333332803e+01
9.844499999999999318e+01
9.844666666666667254e+01
9.844666666666667254e+01
9.844833333333333769e+01
9.845166666666666799e+01
9.845166666666666799e+01
9.845333333333333314e+01
9.845333333333333314e+01
9.845499999999999829e+01
9.845833333333332860e+01
9.845833333333332860e+01
9.846166666666667311e+01
9.846166666666667311e+01
9.846333333333333826e+01
9.846333333333333826e+01
9.846333333333333826e+01
9.846666666666666856e+01
9.846333333333333826e+01
9.846666666666666856e+01
9.846500000000000341e+01
9.846833333333333371e+01
9.846833333333333371e+01
9.847166666666666401e+01
9.847333333333332916e+01
9.847666666666667368e+01
9.848000000000000398e+01
9.847833333333333883e+01
9.848000000000000398e+01
9.847666666666667368e+01
9.848000000000000398e+01
9.847833333333333883e+01
9.847833333333333883e+01
9.847833333333333883e+01
9.847833333333333883e+01
9.847666666666667368e+01
9.847666666666667368e+01
9.847833333333333883e+01
9.847833333333333883e+01
9.847833333333333883e+01
9.848000000000000398e+01
9.848333333333333428e+01
9.848333333333333428e+01
9.848166666666666913e+01
9.848166666666666913e+01
9.848333333333333428e+01
9.848333333333333428e+01
9.848333333333333428e+01
9.848666666666666458e+01
9.848666666666666458e+01
9.848666666666666458e+01
9.848833333333332973e+01
9.849500000000000455e+01
9.848833333333332973e+01
9.849500000000000455e+01
9.849500000000000455e+01
9.849333333333333940e+01
9.849500000000000455e+01
9.849333333333333940e+01
9.849500000000000455e+01
9.849666666666666970e+01
9.849833333333333485e+01
9.850166666666666515e+01
9.850499999999999545e+01
9.850833333333333997e+01
9.850666666666666060e+01
9.850833333333333997e+01
9.851000000000000512e+01
9.850833333333333997e+01
9.851000000000000512e+01
9.851000000000000512e+01
9.851166666666667027e+01
9.851166666666667027e+01
9.851000000000000512e+01
9.851000000000000512e+01
9.851000000000000512e+01
9.851000000000000512e+01
9.851166666666667027e+01
9.851500000000000057e+01
9.851500000000000057e+01
9.851500000000000057e+01
9.851500000000000057e+01
9.851500000000000057e+01
9.851333333333333542e+01
9.851333333333333542e+01
9.851333333333333542e+01
9.851333333333333542e+01
9.851500000000000057e+01
9.851500000000000057e+01
9.851833333333333087e+01
9.852833333333333599e+01
9.852333333333332632e+01
9.852833333333333599e+01
9.852833333333333599e+01
9.853000000000000114e+01
9.853000000000000114e+01
9.853166666666666629e+01
9.853166666666666629e+01
9.853499999999999659e+01
9.853666666666666174e+01
9.853833333333332689e+01
9.853833333333332689e+01
9.853833333333332689e+01
9.854000000000000625e+01
9.853833333333332689e+01
9.854000000000000625e+01
9.853666666666666174e+01
9.854000000000000625e+01
9.853833333333332689e+01
9.853833333333332689e+01
9.854000000000000625e+01
9.854333333333333655e+01
9.854500000000000171e+01
9.854500000000000171e+01
9.854666666666666686e+01
9.854833333333333201e+01
9.854999999999999716e+01
9.855500000000000682e+01
9.855666666666667197e+01
9.855833333333333712e+01
9.856000000000000227e+01
9.856166666666666742e+01
9.856166666666666742e+01
9.856333333333333258e+01
9.856166666666666742e+01
9.856166666666666742e+01
9.856333333333333258e+01
9.856333333333333258e+01
9.856333333333333258e+01
9.856499999999999773e+01
9.856666666666666288e+01
9.856666666666666288e+01
9.856499999999999773e+01
9.856666666666666288e+01
9.856666666666666288e+01
9.856833333333332803e+01
9.856999999999999318e+01
9.856833333333332803e+01
9.857166666666667254e+01
9.857333333333333769e+01
9.857333333333333769e+01
9.857500000000000284e+01
9.857500000000000284e+01
9.857666666666666799e+01
9.857500000000000284e+01
9.857833333333333314e+01
9.857500000000000284e+01
9.857833333333333314e+01
9.857999999999999829e+01
9.857999999999999829e+01
9.858166666666666345e+01
9.858333333333332860e+01
9.858333333333332860e+01
9.858166666666666345e+01
9.858333333333332860e+01
9.858666666666667311e+01
9.858833333333333826e+01
9.858833333333333826e+01
9.859166666666666856e+01
9.859000000000000341e+01
9.859166666666666856e+01
9.859166666666666856e+01
9.859166666666666856e+01
9.859333333333333371e+01
9.859499999999999886e+01
9.859333333333333371e+01
9.859666666666666401e+01
9.859833333333332916e+01
9.859999999999999432e+01
9.860166666666665947e+01
9.860333333333333883e+01
9.860333333333333883e+01
9.860333333333333883e+01
9.860500000000000398e+01
9.860333333333333883e+01
9.860500000000000398e+01
9.860500000000000398e+01
9.860500000000000398e+01
9.860500000000000398e+01
9.860333333333333883e+01
9.859999999999999432e+01
9.860666666666666913e+01
9.859999999999999432e+01
9.859999999999999432e+01
9.859999999999999432e+01
9.859999999999999432e+01
9.859999999999999432e+01
9.860166666666665947e+01
9.859999999999999432e+01
9.860166666666665947e+01
9.860333333333333883e+01
9.860166666666665947e+01
9.860500000000000398e+01
9.860333333333333883e+01
9.860500000000000398e+01
9.860333333333333883e+01
9.860500000000000398e+01
9.860666666666666913e+01
9.860666666666666913e+01
9.860666666666666913e+01
9.860666666666666913e+01
9.860666666666666913e+01
9.860666666666666913e+01
9.860500000000000398e+01
9.860666666666666913e+01
9.860666666666666913e+01
9.860666666666666913e+01
9.860666666666666913e+01
9.860666666666666913e+01
9.860666666666666913e+01
9.860666666666666913e+01
9.860666666666666913e+01
9.860833333333333428e+01
9.860999999999999943e+01
9.860833333333333428e+01
9.860999999999999943e+01
9.861333333333332973e+01
9.861333333333332973e+01
9.861333333333332973e+01
9.861333333333332973e+01
9.861333333333332973e+01
9.861499999999999488e+01
9.861499999999999488e+01
9.861499999999999488e+01
9.861499999999999488e+01
9.861499999999999488e+01
9.861666666666666003e+01
9.861666666666666003e+01
9.861666666666666003e+01
9.861666666666666003e+01
9.861666666666666003e+01
9.861666666666666003e+01
9.861833333333333940e+01
9.862000000000000455e+01
9.862000000000000455e+01
9.862333333333333485e+01
9.862166666666666970e+01
9.862500000000000000e+01
9.862333333333333485e+01
9.862500000000000000e+01
9.862500000000000000e+01
9.862500000000000000e+01
9.862333333333333485e+01
9.862333333333333485e+01
9.862666666666666515e+01
9.862666666666666515e+01
9.862833333333333030e+01
9.862833333333333030e+01
9.862999999999999545e+01
9.863166666666666060e+01
9.863166666666666060e+01
9.863166666666666060e+01
9.863333333333333997e+01
9.863333333333333997e+01
9.863333333333333997e+01
9.863333333333333997e+01
