1.913166666666667481e+01
3.552499999999999147e+01
5.315833333333333854e+01
6.982666666666666799e+01
8.043000000000000682e+01
8.322166666666666401e+01
8.347333333333332916e+01
8.759499999999999886e+01
8.788500000000000512e+01
9.131000000000000227e+01
9.111333333333332973e+01
9.283166666666666345e+01
9.310166666666667368e+01
9.391333333333332689e+01
9.462000000000000455e+01
9.454333333333333655e+01
9.569333333333332803e+01
9.490999999999999659e+01
9.633333333333332860e+01
9.519666666666667254e+01
9.689000000000000057e+01
9.524666666666666970e+01
9.723999999999999488e+01
9.593999999999999773e+01
9.762166666666666970e+01
9.571166666666667311e+01
9.780166666666666231e+01
9.596833333333333371e+01
9.796833333333333371e+01
9.582666666666666799e+01
9.804833333333333201e+01
9.634166666666666856e+01
9.817833333333332746e+01
9.607333333333333769e+01
9.822833333333333883e+01
9.598166666666666913e+01
9.825499999999999545e+01
9.601999999999999602e+01
9.828833333333332689e+01
9.580833333333333712e+01
9.830666666666667197e+01
9.662833333333333030e+01
9.837333333333333485e+01
9.638333333333333997e+01
9.843000000000000682e+01
9.609333333333333371e+01
9.845666666666666345e+01
9.598833333333332973e+01
9.846999999999999886e+01
9.605666666666667197e+01
9.846833333333333371e+01
9.581833333333332803e+01
9.846333333333333826e+01
9.642833333333332746e+01
9.850499999999999545e+01
9.616333333333332689e+01
9.851333333333333542e+01
9.592000000000000171e+01
9.854500000000000171e+01
9.618166666666667197e+01
9.853000000000000114e+01
9.588833333333333542e+01
9.855666666666667197e+01
9.608166666666666345e+01
9.853333333333333144e+01
9.579166666666667140e+01
9.854666666666666686e+01
9.649500000000000455e+01
9.854500000000000171e+01
9.621833333333333371e+01
9.856166666666666742e+01
9.594833333333333769e+01
9.857666666666666799e+01
9.590666666666666629e+01
9.856499999999999773e+01
9.573499999999999943e+01
9.857333333333333769e+01
9.651166666666667027e+01
9.854999999999999716e+01
9.620499999999999829e+01
9.856999999999999318e+01
9.596999999999999886e+01
9.859000000000000341e+01
9.583666666666667311e+01
9.857833333333333314e+01
9.598833333333332973e+01
9.856499999999999773e+01
9.573000000000000398e+01
9.856999999999999318e+01
9.669499999999999318e+01
9.852333333333332632e+01
9.642166666666666686e+01
9.857500000000000284e+01
9.617333333333333201e+01
9.858333333333332860e+01
9.596333333333333826e+01
9.858333333333332860e+01
9.598000000000000398e+01
9.856666666666666288e+01
9.577333333333334053e+01
9.858166666666666345e+01
9.640666666666666629e+01
9.853333333333333144e+01
9.616666666666667140e+01
9.854333333333333655e+01
9.595166666666666799e+01
9.856666666666666288e+01
9.598000000000000398e+01
9.855333333333332746e+01
9.574333333333333940e+01
9.854999999999999716e+01
9.645000000000000284e+01
9.851333333333333542e+01
9.621833333333333371e+01
9.853333333333333144e+01
9.596333333333333826e+01
9.853499999999999659e+01
9.584333333333333371e+01
9.854000000000000625e+01
9.615666666666666629e+01
9.854166666666667140e+01
9.590166666666667084e+01
9.853833333333332689e+01
9.573999999999999488e+01
9.853833333333332689e+01
9.675000000000000000e+01
9.849500000000000455e+01
9.646666666666666856e+01
9.854333333333333655e+01
9.626500000000000057e+01
9.854500000000000171e+01
9.602500000000000568e+01
9.856666666666666288e+01
9.611166666666666458e+01
9.853666666666666174e+01
9.591500000000000625e+01
9.853833333333332689e+01
9.596666666666666856e+01
9.852333333333332632e+01
9.591666666666667140e+01
9.852500000000000568e+01
9.618500000000000227e+01
9.850666666666666060e+01
9.597499999999999432e+01
9.852833333333333599e+01
9.578833333333332689e+01
9.852500000000000568e+01
9.669333333333332803e+01
9.847166666666666401e+01
9.646333333333333826e+01
9.849666666666666970e+01
9.626666666666666572e+01
9.851833333333333087e+01
9.608833333333333826e+01
9.852166666666666117e+01
9.597499999999999432e+01
9.853666666666666174e+01
9.615166666666667084e+01
9.851500000000000057e+01
9.594333333333332803e+01
9.850833333333333997e+01
9.593833333333333258e+01
9.851833333333333087e+01
9.618333333333333712e+01
9.849666666666666970e+01
9.600333333333333030e+01
9.849833333333333485e+01
9.598499999999999943e+01
9.851833333333333087e+01
9.617166666666666686e+01
9.849166666666666003e+01
9.599833333333333485e+01
9.848999999999999488e+01
9.604833333333333201e+01
9.850666666666666060e+01
9.595499999999999829e+01
9.848166666666666913e+01
9.615666666666666629e+01
9.849833333333333485e+01
9.606333333333333258e+01
9.848000000000000398e+01
9.588333333333333997e+01
9.848166666666666913e+01
9.655166666666666231e+01
9.845666666666666345e+01
9.635833333333333428e+01
9.845333333333333314e+01
9.618666666666666742e+01
9.846666666666666856e+01
9.607666666666666799e+01
9.844166666666666288e+01
9.626833333333333087e+01
9.844666666666667254e+01
9.610666666666666913e+01
9.843166666666667197e+01
9.596333333333333826e+01
9.844666666666667254e+01
9.671166666666667311e+01
9.839666666666666117e+01
9.655833333333333712e+01
9.841500000000000625e+01
9.639166666666666572e+01
9.842000000000000171e+01
9.621833333333333371e+01
9.840666666666666629e+01
9.621166666666667311e+01
9.839000000000000057e+01
9.605333333333332746e+01
9.836333333333332973e+01
9.596833333333333371e+01
9.838500000000000512e+01
9.659499999999999886e+01
9.837166666666666970e+01
9.640333333333333599e+01
9.835999999999999943e+01
9.625000000000000000e+01
9.837333333333333485e+01
9.609666666666666401e+01
9.834499999999999886e+01
9.632999999999999829e+01
9.834999999999999432e+01
9.617666666666666231e+01
9.832666666666666799e+01
9.602833333333333599e+01
9.834833333333332916e+01
9.678833333333332689e+01
9.831999999999999318e+01
9.664666666666666117e+01
9.831833333333332803e+01
9.652166666666666117e+01
9.830833333333333712e+01
9.638333333333333997e+01
9.831999999999999318e+01
9.635833333333333428e+01
9.831166666666666742e+01
9.623499999999999943e+01
9.829166666666667140e+01
9.629166666666667140e+01
9.830500000000000682e+01
9.613833333333333542e+01
9.827166666666666117e+01
9.629500000000000171e+01
9.828833333333332689e+01
9.614666666666666117e+01
9.824666666666666970e+01
9.631999999999999318e+01
9.825000000000000000e+01
9.624833333333333485e+01
9.821166666666667311e+01
9.611833333333333940e+01
9.823333333333333428e+01
9.659666666666666401e+01
9.822666666666665947e+01
9.643999999999999773e+01
9.821333333333333826e+01
9.631333333333333258e+01
9.823000000000000398e+01
9.632166666666667254e+01
9.822666666666665947e+01
9.615500000000000114e+01
9.820666666666666345e+01
9.669166666666666288e+01
9.820000000000000284e+01
9.656166666666666742e+01
9.818000000000000682e+01
9.645000000000000284e+01
9.820666666666666345e+01
9.635666666666666913e+01
9.819166666666666288e+01
9.623999999999999488e+01
9.815166666666667084e+01
9.658166666666666345e+01
9.816333333333332689e+01
9.647666666666667368e+01
9.813166666666666060e+01
9.632666666666666799e+01
9.816166666666666174e+01
9.642166666666666686e+01
9.817666666666666231e+01
9.628000000000000114e+01
9.813166666666666060e+01
9.621166666666667311e+01
9.814333333333333087e+01
9.649833333333333485e+01
9.816666666666667140e+01
9.635166666666665947e+01
9.812166666666666970e+01
9.625499999999999545e+01
9.814166666666666572e+01
9.658666666666667311e+01
9.815666666666666629e+01
9.646999999999999886e+01
9.811499999999999488e+01
9.632999999999999829e+01
9.813500000000000512e+01
9.659666666666666401e+01
9.814000000000000057e+01
9.649166666666666003e+01
9.811666666666666003e+01
9.636499999999999488e+01
9.812999999999999545e+01
9.646999999999999886e+01
9.813333333333333997e+01
9.633833333333333826e+01
9.810166666666665947e+01
9.649666666666666970e+01
9.810999999999999943e+01
9.634833333333332916e+01
9.808166666666666345e+01
9.626166666666667027e+01
9.810166666666665947e+01
9.661333333333332973e+01
9.811166666666666458e+01
9.648166666666666913e+01
9.807666666666666799e+01
9.635500000000000398e+01
9.807833333333333314e+01
9.649166666666666003e+01
9.810166666666665947e+01
9.642166666666666686e+01
9.806333333333333258e+01
9.631000000000000227e+01
9.808166666666666345e+01
9.672666666666665947e+01
9.809833333333332916e+01
9.659999999999999432e+01
9.807833333333333314e+01
9.649833333333333485e+01
9.808666666666667311e+01
9.641833333333333655e+01
9.808333333333332860e+01
9.636333333333332973e+01
9.805666666666667197e+01
9.626000000000000512e+01
9.806833333333332803e+01
9.684333333333333371e+01
9.808166666666666345e+01
9.673833333333332973e+01
9.805500000000000682e+01
9.662666666666666515e+01
9.807999999999999829e+01
9.651333333333333542e+01
9.806333333333333258e+01
9.653833333333332689e+01
9.807333333333333769e+01
9.641833333333333655e+01
9.803666666666666174e+01
9.635833333333333428e+01
9.806666666666666288e+01
9.673000000000000398e+01
9.807500000000000284e+01
9.658666666666667311e+01
9.804500000000000171e+01
9.648666666666666458e+01
9.806166666666666742e+01
9.651166666666667027e+01
9.809166666666666856e+01
9.645999999999999375e+01
9.804333333333333655e+01
9.635333333333333883e+01
9.805500000000000682e+01
9.666833333333333655e+01
9.807666666666666799e+01
9.654500000000000171e+01
9.803499999999999659e+01
9.643500000000000227e+01
9.803833333333332689e+01
9.671500000000000341e+01
9.806499999999999773e+01
9.658833333333333826e+01
9.802666666666667084e+01
9.650333333333333030e+01
9.804166666666667140e+01
9.660666666666666913e+01
9.807333333333333769e+01
9.648000000000000398e+01
9.801333333333333542e+01
9.645166666666666799e+01
9.804000000000000625e+01
9.645166666666666799e+01
9.804999999999999716e+01
9.634999999999999432e+01
9.800666666666666060e+01
9.676333333333333542e+01
9.803166666666666629e+01
9.663333333333333997e+01
9.801500000000000057e+01
9.655500000000000682e+01
9.801500000000000057e+01
9.651666666666666572e+01
9.803666666666666174e+01
9.639499999999999602e+01
9.798999999999999488e+01
9.670166666666666799e+01
9.801833333333333087e+01
9.658333333333332860e+01
9.797499999999999432e+01
9.649500000000000455e+01
9.798499999999999943e+01
9.658666666666667311e+01
9.802500000000000568e+01
9.646833333333333371e+01
9.797666666666665947e+01
9.644833333333333769e+01
9.801833333333333087e+01
9.681499999999999773e+01
9.803666666666666174e+01
9.671999999999999886e+01
9.801000000000000512e+01
9.661666666666666003e+01
9.801666666666666572e+01
9.658166666666666345e+01
9.802833333333333599e+01
9.649333333333333940e+01
9.798333333333333428e+01
9.658499999999999375e+01
9.801666666666666572e+01
9.666166666666666174e+01
9.800166666666666515e+01
9.657833333333333314e+01
9.796833333333333371e+01
9.651000000000000512e+01
9.801333333333333542e+01
9.706833333333332803e+01
9.801999999999999602e+01
9.695166666666666799e+01
9.798999999999999488e+01
9.686833333333333940e+01
9.799833333333333485e+01
9.677833333333333599e+01
9.799833333333333485e+01
9.673666666666666458e+01
9.798999999999999488e+01
9.662500000000000000e+01
9.794833333333333769e+01
9.674333333333333940e+01
9.798000000000000398e+01
9.661499999999999488e+01
9.798333333333333428e+01
9.659499999999999886e+01
9.801333333333333542e+01
9.682333333333333769e+01
9.801500000000000057e+01
9.671500000000000341e+01
9.798499999999999943e+01
9.662833333333333030e+01
9.800000000000000000e+01
9.677833333333333599e+01
9.801333333333333542e+01
9.667000000000000171e+01
9.797666666666665947e+01
9.659000000000000341e+01
9.800000000000000000e+01
9.684000000000000341e+01
9.800499999999999545e+01
9.673833333333332973e+01
9.798000000000000398e+01
9.665500000000000114e+01
9.798833333333332973e+01
9.668166666666667197e+01
9.798499999999999943e+01
9.659166666666666856e+01
9.794166666666666288e+01
9.656833333333332803e+01
9.798333333333333428e+01
9.688333333333333997e+01
9.798999999999999488e+01
9.676666666666666572e+01
9.795333333333333314e+01
9.669166666666666288e+01
9.798333333333333428e+01
9.670833333333332860e+01
9.798666666666666458e+01
9.660833333333333428e+01
9.793666666666666742e+01
9.659000000000000341e+01
9.796999999999999886e+01
9.683333333333332860e+01
9.799833333333333485e+01
9.671999999999999886e+01
9.794333333333332803e+01
9.663333333333333997e+01
9.796666666666666856e+01
9.679166666666667140e+01
9.798833333333332973e+01
9.667166666666666686e+01
9.793833333333333258e+01
9.658666666666667311e+01
9.794499999999999318e+01
9.681499999999999773e+01
9.798166666666666913e+01
9.670999999999999375e+01
9.792333333333333201e+01
9.663333333333333997e+01
9.795000000000000284e+01
9.672333333333332916e+01
9.796666666666666856e+01
9.668000000000000682e+01
9.792666666666666231e+01
9.664166666666666572e+01
9.794166666666666288e+01
9.677666666666667084e+01
9.797499999999999432e+01
9.666666666666667140e+01
9.794499999999999318e+01
9.663166666666666060e+01
9.794666666666667254e+01
9.662166666666666970e+01
9.789333333333333087e+01
9.659833333333332916e+01
9.793333333333333712e+01
9.689833333333332632e+01
9.795499999999999829e+01
9.679666666666666686e+01
9.790666666666666629e+01
9.673000000000000398e+01
9.792166666666666686e+01
9.676666666666666572e+01
9.794833333333333769e+01
9.666666666666667140e+01
9.792000000000000171e+01
9.662500000000000000e+01
9.796333333333333826e+01
9.686666666666666003e+01
9.796333333333333826e+01
9.678000000000000114e+01
9.793333333333333712e+01
9.670666666666666345e+01
9.794833333333333769e+01
9.673333333333333428e+01
9.796333333333333826e+01
9.664000000000000057e+01
9.790333333333333599e+01
9.666166666666666174e+01
9.793333333333333712e+01
9.681333333333333258e+01
9.795333333333333314e+01
9.671500000000000341e+01
9.790500000000000114e+01
9.665000000000000568e+01
9.792833333333332746e+01
9.684499999999999886e+01
9.795666666666666345e+01
9.675000000000000000e+01
9.796500000000000341e+01
9.667333333333333201e+01
9.790666666666666629e+01
9.671166666666667311e+01
9.794333333333332803e+01
9.684000000000000341e+01
9.794666666666667254e+01
9.676500000000000057e+01
9.790166666666667084e+01
9.668833333333333258e+01
9.792833333333332746e+01
9.685999999999999943e+01
9.796166666666667311e+01
9.678166666666666629e+01
9.790999999999999659e+01
9.671666666666666856e+01
9.793166666666667197e+01
9.679500000000000171e+01
9.794833333333333769e+01
9.668999999999999773e+01
9.792333333333333201e+01
9.672833333333333883e+01
9.794499999999999318e+01
9.678166666666666629e+01
9.789000000000000057e+01
9.672833333333333883e+01
9.790333333333333599e+01
9.685333333333333883e+01
9.794833333333333769e+01
9.675166666666666515e+01
9.788833333333333542e+01
9.669833333333333769e+01
9.792000000000000171e+01
9.698666666666666458e+01
9.795666666666666345e+01
9.688333333333333997e+01
9.795000000000000284e+01
9.681166666666666742e+01
9.794333333333332803e+01
9.679999999999999716e+01
9.795666666666666345e+01
9.673333333333333428e+01
9.790333333333333599e+01
9.667499999999999716e+01
9.791333333333332689e+01
9.693166666666667197e+01
9.795499999999999829e+01
9.683499999999999375e+01
9.790666666666666629e+01
9.677833333333333599e+01
9.791666666666667140e+01
9.680166666666666231e+01
9.795833333333332860e+01
9.675833333333332575e+01
9.788833333333333542e+01
9.669333333333332803e+01
9.793000000000000682e+01
9.713833333333333542e+01
9.795499999999999829e+01
9.701999999999999602e+01
9.795000000000000284e+01
9.695499999999999829e+01
9.791333333333332689e+01
9.690999999999999659e+01
9.793166666666667197e+01
9.686333333333332973e+01
9.793333333333333712e+01
9.679500000000000171e+01
9.789000000000000057e+01
9.673000000000000398e+01
9.793833333333333258e+01
9.712166666666666970e+01
9.794666666666667254e+01
9.701833333333333087e+01
9.793166666666667197e+01
9.695499999999999829e+01
9.794666666666667254e+01
9.692499999999999716e+01
9.793833333333333258e+01
9.681833333333332803e+01
9.791166666666666174e+01
9.685999999999999943e+01
9.794833333333333769e+01
9.684999999999999432e+01
9.793999999999999773e+01
9.675499999999999545e+01
9.793500000000000227e+01
9.694833333333333769e+01
9.796666666666666856e+01
9.683333333333332860e+01
9.793166666666667197e+01
9.677500000000000568e+01
9.793666666666666742e+01
9.696666666666666856e+01
9.795833333333332860e+01
9.685666666666666913e+01
9.791833333333333655e+01
9.679500000000000171e+01
9.795333333333333314e+01
9.705500000000000682e+01
9.796666666666666856e+01
9.695666666666666345e+01
9.791833333333333655e+01
9.688500000000000512e+01
9.792000000000000171e+01
9.684999999999999432e+01
9.793333333333333712e+01
9.681000000000000227e+01
9.788500000000000512e+01
9.674833333333333485e+01
9.790500000000000114e+01
9.701166666666667027e+01
9.794833333333333769e+01
9.690000000000000568e+01
9.789833333333334053e+01
9.682999999999999829e+01
9.790000000000000568e+01
9.684833333333332916e+01
9.793166666666667197e+01
9.682333333333333769e+01
9.789833333333334053e+01
9.675666666666666060e+01
9.791500000000000625e+01
9.708666666666667311e+01
9.795333333333333314e+01
9.698666666666666458e+01
9.791166666666666174e+01
9.690500000000000114e+01
9.793166666666667197e+01
9.691833333333333655e+01
9.793500000000000227e+01
9.682999999999999829e+01
9.787500000000000000e+01
9.682999999999999829e+01
9.791500000000000625e+01
9.681833333333332803e+01
9.791666666666667140e+01
9.676000000000000512e+01
9.791666666666667140e+01
9.688166666666666060e+01
9.793666666666666742e+01
9.678666666666666174e+01
9.789000000000000057e+01
9.672333333333332916e+01
9.792333333333333201e+01
9.716833333333333655e+01
9.794666666666667254e+01
9.705833333333333712e+01
9.791833333333333655e+01
9.699166666666666003e+01
9.793666666666666742e+01
9.696833333333333371e+01
9.793500000000000227e+01
9.688166666666666060e+01
9.788500000000000512e+01
9.686499999999999488e+01
9.792333333333333201e+01
9.685999999999999943e+01
9.793000000000000682e+01
9.677500000000000568e+01
9.790333333333333599e+01
9.680666666666667197e+01
9.793166666666667197e+01
9.704833333333333201e+01
9.793833333333333258e+01
9.694166666666666288e+01
9.789333333333333087e+01
9.687999999999999545e+01
9.791333333333332689e+01
9.690166666666667084e+01
9.793000000000000682e+01
9.680500000000000682e+01
9.788333333333333997e+01
9.682833333333333314e+01
9.790000000000000568e+01
9.682833333333333314e+01
9.791166666666666174e+01
9.674833333333333485e+01
9.786499999999999488e+01
9.670166666666666799e+01
9.791833333333333655e+01
9.715333333333333599e+01
9.792499999999999716e+01
9.704166666666667140e+01
9.793000000000000682e+01
9.697833333333333883e+01
9.794499999999999318e+01
9.695666666666666345e+01
9.789833333333334053e+01
9.687333333333333485e+01
9.791333333333332689e+01
9.690500000000000114e+01
9.792333333333333201e+01
9.686499999999999488e+01
9.787999999999999545e+01
9.680500000000000682e+01
9.792499999999999716e+01
9.709833333333332916e+01
9.793999999999999773e+01
9.701500000000000057e+01
9.789833333333334053e+01
9.695166666666666799e+01
9.793166666666667197e+01
9.696833333333333371e+01
9.793500000000000227e+01
9.687666666666666515e+01
9.791166666666666174e+01
9.684833333333332916e+01
9.793000000000000682e+01
9.682166666666667254e+01
9.786833333333333940e+01
9.675833333333332575e+01
9.792000000000000171e+01
9.712833333333333030e+01
9.792833333333332746e+01
9.702666666666667084e+01
9.793833333333333258e+01
9.696666666666666856e+01
9.791500000000000625e+01
9.694833333333333769e+01
9.792833333333332746e+01
9.685333333333333883e+01
9.788500000000000512e+01
9.689499999999999602e+01
9.791333333333332689e+01
9.696333333333333826e+01
9.791333333333332689e+01
9.689166666666666572e+01
9.787500000000000000e+01
9.680666666666667197e+01
9.790500000000000114e+01
9.707666666666666799e+01
9.793333333333333712e+01
9.698333333333333428e+01
9.790833333333333144e+01
9.691500000000000625e+01
9.792000000000000171e+01
9.688666666666667027e+01
9.792166666666666686e+01
9.679999999999999716e+01
9.787999999999999545e+01
9.684166666666666856e+01
9.792333333333333201e+01
9.703333333333333144e+01
9.793166666666667197e+01
9.693833333333333258e+01
9.788833333333333542e+01
9.686166666666666458e+01
9.790999999999999659e+01
9.704166666666667140e+01
9.793000000000000682e+01
9.695499999999999829e+01
9.787333333333333485e+01
9.687666666666666515e+01
9.789666666666666117e+01
9.689333333333333087e+01
9.790833333333333144e+01
9.680833333333333712e+01
9.787500000000000000e+01
9.680166666666666231e+01
9.790833333333333144e+01
9.703666666666666174e+01
9.790833333333333144e+01
9.694333333333332803e+01
9.790833333333333144e+01
9.686166666666666458e+01
9.792333333333333201e+01
9.689666666666666117e+01
9.793500000000000227e+01
9.681666666666666288e+01
9.788833333333333542e+01
9.675666666666666060e+01
9.790666666666666629e+01
9.696833333333333371e+01
9.794166666666666288e+01
9.685999999999999943e+01
9.788333333333333997e+01
9.679500000000000171e+01
9.791166666666666174e+01
9.688333333333333997e+01
9.793000000000000682e+01
9.679166666666667140e+01
9.788833333333333542e+01
9.683833333333333826e+01
9.790500000000000114e+01
9.688500000000000512e+01
9.790333333333333599e+01
9.685333333333333883e+01
9.791833333333333655e+01
9.678499999999999659e+01
9.786833333333333940e+01
9.683166666666666345e+01
9.792499999999999716e+01
9.704999999999999716e+01
9.792666666666666231e+01
9.695999999999999375e+01
9.789000000000000057e+01
9.689166666666666572e+01
9.792000000000000171e+01
9.692666666666666231e+01
9.793166666666667197e+01
9.683499999999999375e+01
9.787833333333333030e+01
9.679166666666667140e+01
9.790500000000000114e+01
9.717000000000000171e+01
9.793500000000000227e+01
9.705500000000000682e+01
9.789166666666666572e+01
9.700166666666666515e+01
9.791500000000000625e+01
9.693000000000000682e+01
9.791500000000000625e+01
9.695833333333332860e+01
9.793500000000000227e+01
9.685500000000000398e+01
9.788500000000000512e+01
9.681000000000000227e+01
9.792166666666666686e+01
9.720666666666666345e+01
9.793999999999999773e+01
9.708833333333333826e+01
9.793000000000000682e+01
9.702500000000000568e+01
9.793833333333333258e+01
9.699333333333333940e+01
9.792833333333332746e+01
9.692000000000000171e+01
9.788500000000000512e+01
9.690500000000000114e+01
9.792333333333333201e+01
9.704833333333333201e+01
9.793000000000000682e+01
9.696666666666666856e+01
9.787333333333333485e+01
9.689333333333333087e+01
9.791166666666666174e+01
9.707166666666667254e+01
9.792833333333332746e+01
9.696999999999999886e+01
9.790833333333333144e+01
9.689833333333332632e+01
9.791666666666667140e+01
9.693000000000000682e+01
9.787833333333333030e+01
9.683666666666667311e+01
9.787999999999999545e+01
9.698333333333333428e+01
9.791833333333333655e+01
9.687500000000000000e+01
9.785833333333333428e+01
9.681333333333333258e+01
9.789666666666666117e+01
9.708499999999999375e+01
9.792000000000000171e+01
9.698999999999999488e+01
9.793000000000000682e+01
9.691833333333333655e+01
9.792666666666666231e+01
9.693999999999999773e+01
9.793500000000000227e+01
9.684333333333333371e+01
9.789833333333334053e+01
9.684999999999999432e+01
9.792499999999999716e+01
9.709000000000000341e+01
9.793999999999999773e+01
9.698833333333332973e+01
9.788166666666666060e+01
9.691833333333333655e+01
9.792000000000000171e+01
9.695166666666666799e+01
9.792833333333332746e+01
9.684499999999999886e+01
9.790000000000000568e+01
9.684000000000000341e+01
9.792499999999999716e+01
9.686666666666666003e+01
9.787000000000000455e+01
9.679999999999999716e+01
9.791500000000000625e+01
9.726166666666667027e+01
9.793666666666666742e+01
9.713333333333333997e+01
9.788833333333333542e+01
9.705833333333333712e+01
9.792333333333333201e+01
9.702500000000000568e+01
9.791500000000000625e+01
9.694666666666667254e+01
9.792166666666666686e+01
9.698333333333333428e+01
9.792833333333332746e+01
9.688666666666667027e+01
9.790000000000000568e+01
9.686499999999999488e+01
9.792833333333332746e+01
9.711166666666666458e+01
9.794333333333332803e+01
9.701833333333333087e+01
9.790500000000000114e+01
9.695833333333332860e+01
9.792166666666666686e+01
9.697499999999999432e+01
9.793500000000000227e+01
9.686833333333333940e+01
9.787999999999999545e+01
9.691833333333333655e+01
9.790833333333333144e+01
9.687166666666666970e+01
9.790666666666666629e+01
9.681333333333333258e+01
9.793999999999999773e+01
9.727833333333333599e+01
9.794333333333332803e+01
9.717000000000000171e+01
9.791500000000000625e+01
9.708833333333333826e+01
9.794166666666666288e+01
9.700833333333333997e+01
9.793999999999999773e+01
9.703666666666666174e+01
9.792833333333332746e+01
9.695666666666666345e+01
9.789333333333333087e+01
9.691833333333333655e+01
9.792000000000000171e+01
9.715666666666666629e+01
9.793999999999999773e+01
9.706833333333332803e+01
9.789166666666666572e+01
9.699666666666666970e+01
9.792499999999999716e+01
9.701500000000000057e+01
9.792499999999999716e+01
9.693166666666667197e+01
9.788500000000000512e+01
9.686666666666666003e+01
9.791166666666666174e+01
9.706000000000000227e+01
9.793166666666667197e+01
9.695499999999999829e+01
9.793333333333333712e+01
9.690166666666667084e+01
9.792666666666666231e+01
9.687000000000000455e+01
9.790166666666667084e+01
9.679333333333333655e+01
9.789333333333333087e+01
9.709999999999999432e+01
9.793500000000000227e+01
9.698333333333333428e+01
9.789333333333333087e+01
9.691666666666667140e+01
9.789499999999999602e+01
9.693500000000000227e+01
