1.932666666666666799e+01
8.361500000000000909e+01
8.366833333333333655e+01
8.458333333333332860e+01
8.623666666666666458e+01
8.803333333333333144e+01
8.915666666666666629e+01
8.988666666666667027e+01
9.035999999999999943e+01
9.048499999999999943e+01
9.063333333333333997e+01
9.067499999999999716e+01
9.081666666666666288e+01
9.082666666666666799e+01
9.083333333333332860e+01
9.092000000000000171e+01
9.095666666666666345e+01
9.094333333333332803e+01
9.097833333333333883e+01
9.099333333333333940e+01
9.097666666666665947e+01
9.098999999999999488e+01
9.102333333333334053e+01
9.104000000000000625e+01
9.100166666666666515e+01
9.101166666666667027e+01
9.102833333333333599e+01
9.104666666666666686e+01
9.104833333333333201e+01
9.103333333333333144e+01
9.105500000000000682e+01
9.103499999999999659e+01
9.107999999999999829e+01
9.105500000000000682e+01
9.104666666666666686e+01
9.106666666666666288e+01
9.103666666666666174e+01
9.104166666666667140e+01
9.104333333333333655e+01
9.107666666666666799e+01
9.106000000000000227e+01
9.106000000000000227e+01
9.106000000000000227e+01
9.107666666666666799e+01
9.107999999999999829e+01
9.101999999999999602e+01
9.105833333333333712e+01
9.105500000000000682e+01
9.108833333333333826e+01
9.103333333333333144e+01
9.103000000000000114e+01
9.107999999999999829e+01
9.105833333333333712e+01
9.105333333333332746e+01
9.103499999999999659e+01
9.104166666666667140e+01
9.103499999999999659e+01
9.107833333333333314e+01
9.106166666666666742e+01
9.105166666666666231e+01
9.105166666666666231e+01
9.103333333333333144e+01
9.105666666666667197e+01
9.104999999999999716e+01
9.101666666666666572e+01
9.103000000000000114e+01
9.107166666666665833e+01
9.106000000000000227e+01
9.101833333333333087e+01
9.102333333333334053e+01
9.104166666666667140e+01
9.106333333333333258e+01
9.106333333333333258e+01
9.104000000000000625e+01
9.105666666666667197e+01
9.103833333333332689e+01
9.108333333333332860e+01
9.106333333333333258e+01
9.104833333333333201e+01
9.106833333333332803e+01
9.104000000000000625e+01
9.104333333333333655e+01
9.104666666666666686e+01
9.107666666666666799e+01
9.106166666666666742e+01
9.106166666666666742e+01
9.106166666666666742e+01
9.107666666666666799e+01
9.107999999999999829e+01
9.101999999999999602e+01
9.105833333333333712e+01
9.105500000000000682e+01
9.108833333333333826e+01
9.103333333333333144e+01
9.103000000000000114e+01
9.107999999999999829e+01
9.105833333333333712e+01
9.105333333333332746e+01
9.103499999999999659e+01
9.104166666666667140e+01
