2.738666666666667027e+01
9.034999999999999432e+01
9.096833333333333371e+01
9.122833333333333883e+01
9.127666666666667084e+01
9.130666666666667197e+01
9.133499999999999375e+01
9.134833333333332916e+01
9.133166666666666345e+01
9.131499999999999773e+01
9.129833333333333201e+01
9.126833333333333087e+01
9.123999999999999488e+01
9.123833333333332973e+01
9.123999999999999488e+01
9.123999999999999488e+01
9.123999999999999488e+01
9.123833333333332973e+01
9.123833333333332973e+01
9.124166666666667425e+01
9.124166666666667425e+01
9.124166666666667425e+01
9.124166666666667425e+01
9.124166666666667425e+01
9.124166666666667425e+01
9.123999999999999488e+01
9.123999999999999488e+01
9.123999999999999488e+01
9.123999999999999488e+01
9.123999999999999488e+01
9.123999999999999488e+01
9.123999999999999488e+01
9.123999999999999488e+01
9.123999999999999488e+01
9.123999999999999488e+01
9.123999999999999488e+01
9.123999999999999488e+01
9.123999999999999488e+01
9.123999999999999488e+01
9.123999999999999488e+01
9.123999999999999488e+01
9.123999999999999488e+01
9.123999999999999488e+01
9.123999999999999488e+01
9.123999999999999488e+01
9.123999999999999488e+01
9.123999999999999488e+01
9.123999999999999488e+01
9.123999999999999488e+01
9.123999999999999488e+01
9.123999999999999488e+01
9.123999999999999488e+01
9.123999999999999488e+01
9.123999999999999488e+01
9.123999999999999488e+01
9.123999999999999488e+01
9.123999999999999488e+01
9.123999999999999488e+01
9.123999999999999488e+01
9.123999999999999488e+01
9.123999999999999488e+01
9.123999999999999488e+01
9.123999999999999488e+01
9.123999999999999488e+01
9.123999999999999488e+01
9.123999999999999488e+01
9.123999999999999488e+01
9.123999999999999488e+01
9.123999999999999488e+01
9.123999999999999488e+01
9.123999999999999488e+01
9.123999999999999488e+01
9.123999999999999488e+01
9.123999999999999488e+01
9.123999999999999488e+01
9.123999999999999488e+01
9.123999999999999488e+01
9.123999999999999488e+01
9.123999999999999488e+01
9.123999999999999488e+01
9.123999999999999488e+01
9.123999999999999488e+01
9.123999999999999488e+01
9.123999999999999488e+01
9.123999999999999488e+01
9.123999999999999488e+01
9.123999999999999488e+01
9.123999999999999488e+01
9.123999999999999488e+01
9.123999999999999488e+01
9.123999999999999488e+01
9.123999999999999488e+01
9.123999999999999488e+01
9.123999999999999488e+01
9.123999999999999488e+01
9.123999999999999488e+01
9.123999999999999488e+01
9.123999999999999488e+01
9.123999999999999488e+01
9.123999999999999488e+01
