3.939000000000000057e+01
4.784833333333333627e+01
5.577333333333333343e+01
6.270000000000000284e+01
6.811499999999999488e+01
7.255666666666667197e+01
7.574166666666667425e+01
7.816500000000000625e+01
8.005166666666666231e+01
8.143500000000000227e+01
8.234000000000000341e+01
8.293999999999999773e+01
8.351000000000000512e+01
8.400000000000000000e+01
8.439333333333333087e+01
8.480333333333332746e+01
8.516166666666666174e+01
8.553666666666666174e+01
8.589833333333332632e+01
8.626000000000000512e+01
8.658500000000000796e+01
8.696833333333333371e+01
8.739666666666666117e+01
8.780166666666666231e+01
8.817333333333333201e+01
8.857500000000000284e+01
8.898166666666666913e+01
8.937833333333333030e+01
8.976833333333333087e+01
9.018166666666667197e+01
9.051166666666667027e+01
9.090666666666666629e+01
9.125499999999999545e+01
9.158166666666666345e+01
9.193166666666667197e+01
9.225000000000000000e+01
9.253000000000000114e+01
9.281666666666666288e+01
9.309000000000000341e+01
9.333666666666667311e+01
9.356166666666666742e+01
9.378333333333333144e+01
9.400499999999999545e+01
9.423499999999999943e+01
9.443166666666667197e+01
9.460166666666665947e+01
9.475000000000000000e+01
9.492000000000000171e+01
9.507999999999999829e+01
9.523999999999999488e+01
9.537666666666666515e+01
9.551166666666667027e+01
9.562166666666666970e+01
9.571333333333333826e+01
9.584499999999999886e+01
9.596999999999999886e+01
9.608333333333332860e+01
9.618333333333333712e+01
9.627833333333333599e+01
9.635833333333333428e+01
9.644666666666667254e+01
9.651000000000000512e+01
9.658333333333332860e+01
9.663833333333333542e+01
9.669833333333333769e+01
9.674333333333333940e+01
9.681000000000000227e+01
9.687833333333333030e+01
9.692666666666666231e+01
9.697333333333332916e+01
9.703833333333332689e+01
9.706333333333333258e+01
9.712166666666666970e+01
9.714333333333333087e+01
9.720666666666666345e+01
9.724500000000000455e+01
9.730666666666667197e+01
9.734999999999999432e+01
9.742499999999999716e+01
9.745833333333332860e+01
9.751500000000000057e+01
9.753000000000000114e+01
9.758833333333333826e+01
9.760666666666666913e+01
9.766666666666667140e+01
9.768500000000000227e+01
9.772666666666665947e+01
9.776166666666667027e+01
9.779833333333333201e+01
9.782999999999999829e+01
9.786166666666666458e+01
9.788166666666666060e+01
9.791166666666666174e+01
9.792000000000000171e+01
9.795666666666666345e+01
9.796999999999999886e+01
9.800333333333333030e+01
9.800666666666666060e+01
9.805500000000000682e+01
9.805166666666666231e+01
9.809166666666666856e+01
9.809499999999999886e+01
9.813333333333333997e+01
9.814166666666666572e+01
9.817833333333332746e+01
9.818333333333333712e+01
9.821999999999999886e+01
9.820999999999999375e+01
9.826166666666667027e+01
9.824666666666666970e+01
9.828833333333332689e+01
9.828499999999999659e+01
9.831833333333332803e+01
9.830333333333332746e+01
9.833666666666667311e+01
9.834166666666666856e+01
9.835833333333333428e+01
9.836166666666666458e+01
9.838500000000000512e+01
9.837999999999999545e+01
9.842000000000000171e+01
9.840333333333333599e+01
9.844666666666667254e+01
9.843166666666667197e+01
9.847166666666666401e+01
9.846500000000000341e+01
9.848999999999999488e+01
9.848833333333332973e+01
9.851333333333333542e+01
9.850333333333333030e+01
9.853000000000000114e+01
9.851666666666666572e+01
9.853833333333332689e+01
9.854666666666666686e+01
9.855666666666667197e+01
9.855500000000000682e+01
9.857166666666667254e+01
9.857500000000000284e+01
9.859333333333333371e+01
9.859000000000000341e+01
9.861499999999999488e+01
9.859999999999999432e+01
9.863833333333333542e+01
9.861166666666666458e+01
9.865500000000000114e+01
9.863166666666666060e+01
9.866333333333332689e+01
9.865000000000000568e+01
9.867499999999999716e+01
9.866333333333332689e+01
9.869333333333332803e+01
9.867666666666666231e+01
9.870999999999999375e+01
9.870000000000000284e+01
9.872333333333332916e+01
9.870833333333332860e+01
9.873333333333333428e+01
9.871166666666667311e+01
9.873833333333332973e+01
9.872333333333332916e+01
9.874833333333333485e+01
9.875000000000000000e+01
9.875666666666666060e+01
9.875166666666666515e+01
9.876666666666666572e+01
9.876166666666667027e+01
9.878166666666666629e+01
9.877500000000000568e+01
9.878666666666666174e+01
9.878666666666666174e+01
9.880166666666666231e+01
9.879500000000000171e+01
9.881000000000000227e+01
9.880166666666666231e+01
9.881666666666666288e+01
9.881499999999999773e+01
9.882333333333333769e+01
9.882166666666667254e+01
9.882333333333333769e+01
9.883166666666666345e+01
9.883166666666666345e+01
9.883333333333332860e+01
9.884499999999999886e+01
9.883499999999999375e+01
9.884333333333333371e+01
9.884666666666666401e+01
9.884833333333332916e+01
9.884833333333332916e+01
9.885833333333333428e+01
9.885333333333333883e+01
9.886499999999999488e+01
9.885833333333333428e+01
9.887666666666666515e+01
9.886166666666666458e+01
9.888500000000000512e+01
9.887500000000000000e+01
9.889000000000000057e+01
9.887333333333333485e+01
9.889499999999999602e+01
9.888166666666666060e+01
9.890000000000000568e+01
9.888500000000000512e+01
9.889833333333334053e+01
9.888500000000000512e+01
9.890333333333333599e+01
9.890500000000000114e+01
9.890833333333333144e+01
9.890666666666666629e+01
9.890999999999999659e+01
9.891500000000000625e+01
9.891500000000000625e+01
9.892000000000000171e+01
9.890999999999999659e+01
9.892666666666666231e+01
9.892000000000000171e+01
9.892666666666666231e+01
9.893333333333333712e+01
9.893333333333333712e+01
9.894166666666666288e+01
9.893666666666666742e+01
9.894499999999999318e+01
9.893666666666666742e+01
9.895166666666666799e+01
9.894499999999999318e+01
9.894833333333333769e+01
9.895499999999999829e+01
9.895499999999999829e+01
9.895166666666666799e+01
9.896333333333333826e+01
9.895666666666666345e+01
9.896500000000000341e+01
9.895333333333333314e+01
9.896833333333333371e+01
9.895499999999999829e+01
9.896999999999999886e+01
9.896500000000000341e+01
9.896500000000000341e+01
9.896166666666667311e+01
9.897333333333332916e+01
9.897833333333333883e+01
9.897333333333332916e+01
9.896999999999999886e+01
9.898000000000000398e+01
9.897666666666665947e+01
9.897499999999999432e+01
9.898166666666666913e+01
9.898166666666666913e+01
9.898000000000000398e+01
9.898499999999999943e+01
9.898999999999999488e+01
9.898999999999999488e+01
9.898833333333332973e+01
9.900000000000000000e+01
9.899166666666666003e+01
9.900166666666666515e+01
9.899833333333333485e+01
9.900666666666666060e+01
9.900166666666666515e+01
9.901666666666666572e+01
9.900833333333333997e+01
9.901666666666666572e+01
9.901166666666667027e+01
9.901666666666666572e+01
9.900666666666666060e+01
9.902333333333332632e+01
9.901999999999999602e+01
9.902166666666666117e+01
9.901833333333333087e+01
9.902333333333332632e+01
9.902333333333332632e+01
9.902666666666667084e+01
9.902166666666666117e+01
9.902833333333333599e+01
9.902500000000000568e+01
9.903166666666666629e+01
9.902666666666667084e+01
9.903499999999999659e+01
9.902500000000000568e+01
9.903833333333332689e+01
9.902333333333332632e+01
9.904166666666667140e+01
9.903000000000000114e+01
9.904666666666666686e+01
9.903166666666666629e+01
9.904333333333333655e+01
9.903666666666666174e+01
9.904500000000000171e+01
9.904500000000000171e+01
9.905500000000000682e+01
9.905333333333332746e+01
9.905333333333332746e+01
9.905333333333332746e+01
9.905166666666666231e+01
9.904999999999999716e+01
9.905333333333332746e+01
9.905666666666667197e+01
9.905500000000000682e+01
9.906166666666666742e+01
9.905666666666667197e+01
9.906333333333333258e+01
9.906166666666666742e+01
9.906333333333333258e+01
9.906499999999999773e+01
9.907166666666667254e+01
9.906333333333333258e+01
9.907166666666667254e+01
9.906666666666666288e+01
9.907500000000000284e+01
9.906666666666666288e+01
9.907833333333333314e+01
9.906333333333333258e+01
9.907999999999999829e+01
9.906666666666666288e+01
9.908166666666666345e+01
9.907333333333333769e+01
9.908333333333332860e+01
9.907333333333333769e+01
9.909000000000000341e+01
9.907666666666666799e+01
9.909166666666666856e+01
9.907666666666666799e+01
9.909000000000000341e+01
9.907999999999999829e+01
9.909333333333333371e+01
9.908499999999999375e+01
9.909666666666666401e+01
9.908666666666667311e+01
9.909999999999999432e+01
9.909333333333333371e+01
9.909999999999999432e+01
9.909666666666666401e+01
9.910333333333333883e+01
9.909499999999999886e+01
9.910500000000000398e+01
9.909166666666666856e+01
9.911333333333332973e+01
9.909999999999999432e+01
9.911499999999999488e+01
9.909666666666666401e+01
9.911833333333333940e+01
9.909833333333332916e+01
9.910999999999999943e+01
9.910166666666667368e+01
9.912666666666666515e+01
9.910666666666666913e+01
9.911166666666666458e+01
9.910833333333333428e+01
9.912500000000000000e+01
9.911166666666666458e+01
9.911499999999999488e+01
9.910999999999999943e+01
9.912500000000000000e+01
9.911166666666666458e+01
9.912000000000000455e+01
9.911499999999999488e+01
9.912999999999999545e+01
9.911666666666666003e+01
9.911833333333333940e+01
9.912500000000000000e+01
9.913333333333333997e+01
9.912166666666666970e+01
9.913500000000000512e+01
9.912166666666666970e+01
9.912500000000000000e+01
9.912500000000000000e+01
9.913833333333333542e+01
9.912333333333333485e+01
9.912833333333333030e+01
9.912833333333333030e+01
9.913666666666667027e+01
9.912666666666666515e+01
9.912833333333333030e+01
9.912666666666666515e+01
9.912999999999999545e+01
9.912833333333333030e+01
9.914000000000000057e+01
9.912999999999999545e+01
9.913500000000000512e+01
9.913333333333333997e+01
9.914000000000000057e+01
9.913500000000000512e+01
9.914166666666666572e+01
9.913500000000000512e+01
9.914166666666666572e+01
9.913666666666667027e+01
9.913833333333333542e+01
9.913666666666667027e+01
9.913333333333333997e+01
9.913833333333333542e+01
9.914666666666666117e+01
9.914166666666666572e+01
9.915000000000000568e+01
9.914166666666666572e+01
9.914333333333333087e+01
9.914166666666666572e+01
9.914499999999999602e+01
9.914166666666666572e+01
9.914166666666666572e+01
9.914166666666666572e+01
9.915333333333333599e+01
9.914833333333332632e+01
9.915333333333333599e+01
9.914666666666666117e+01
9.914833333333332632e+01
9.914833333333332632e+01
9.915666666666666629e+01
9.914833333333332632e+01
9.915833333333333144e+01
9.915500000000000114e+01
9.915166666666667084e+01
9.915000000000000568e+01
9.915999999999999659e+01
9.915333333333333599e+01
9.915000000000000568e+01
9.915166666666667084e+01
9.915999999999999659e+01
9.915999999999999659e+01
9.915500000000000114e+01
9.915333333333333599e+01
9.915000000000000568e+01
9.915500000000000114e+01
9.915833333333333144e+01
9.915833333333333144e+01
9.915833333333333144e+01
9.915833333333333144e+01
9.915666666666666629e+01
9.915833333333333144e+01
9.915833333333333144e+01
9.915833333333333144e+01
9.915833333333333144e+01
9.916333333333332689e+01
9.916333333333332689e+01
9.916500000000000625e+01
9.916333333333332689e+01
9.915999999999999659e+01
9.916166666666666174e+01
9.916166666666666174e+01
9.916833333333333655e+01
9.916500000000000625e+01
9.916500000000000625e+01
9.916166666666666174e+01
9.916666666666667140e+01
9.916500000000000625e+01
9.916666666666667140e+01
9.916666666666667140e+01
9.916833333333333655e+01
9.917499999999999716e+01
9.916833333333333655e+01
9.917666666666666231e+01
9.917166666666666686e+01
9.917333333333333201e+01
9.917166666666666686e+01
9.917666666666666231e+01
9.917166666666666686e+01
9.917833333333332746e+01
9.917499999999999716e+01
9.917833333333332746e+01
9.917333333333333201e+01
9.917833333333332746e+01
9.918166666666667197e+01
9.917666666666666231e+01
9.917499999999999716e+01
9.917666666666666231e+01
9.918500000000000227e+01
9.917833333333332746e+01
9.918166666666667197e+01
9.918000000000000682e+01
9.917666666666666231e+01
9.918000000000000682e+01
9.918000000000000682e+01
9.918000000000000682e+01
9.918166666666667197e+01
9.918166666666667197e+01
9.918666666666666742e+01
9.918666666666666742e+01
9.919166666666666288e+01
9.918333333333333712e+01
9.918666666666666742e+01
9.918166666666667197e+01
9.919166666666666288e+01
9.918999999999999773e+01
9.918999999999999773e+01
9.918666666666666742e+01
9.918666666666666742e+01
9.918333333333333712e+01
9.918999999999999773e+01
9.918666666666666742e+01
9.919833333333333769e+01
9.918666666666666742e+01
9.918666666666666742e+01
9.918999999999999773e+01
9.919833333333333769e+01
9.919166666666666288e+01
9.918500000000000227e+01
9.919166666666666288e+01
9.919833333333333769e+01
9.919499999999999318e+01
9.919166666666666288e+01
9.919333333333332803e+01
9.920333333333333314e+01
9.919833333333333769e+01
9.918833333333333258e+01
9.919499999999999318e+01
9.920000000000000284e+01
9.919666666666667254e+01
9.919499999999999318e+01
9.919499999999999318e+01
9.920000000000000284e+01
9.919833333333333769e+01
9.920000000000000284e+01
9.919666666666667254e+01
9.919333333333332803e+01
9.919666666666667254e+01
9.920000000000000284e+01
9.919499999999999318e+01
9.919833333333333769e+01
9.919666666666667254e+01
9.920166666666666799e+01
9.919833333333333769e+01
9.920333333333333314e+01
9.920000000000000284e+01
9.920000000000000284e+01
9.919666666666667254e+01
9.920499999999999829e+01
9.920166666666666799e+01
9.920499999999999829e+01
9.919666666666667254e+01
9.920499999999999829e+01
9.920166666666666799e+01
9.920666666666666345e+01
9.920666666666666345e+01
9.920333333333333314e+01
9.920000000000000284e+01
9.920499999999999829e+01
9.920333333333333314e+01
9.920666666666666345e+01
9.920000000000000284e+01
9.920666666666666345e+01
9.920499999999999829e+01
9.920999999999999375e+01
9.920166666666666799e+01
9.920833333333332860e+01
9.921166666666667311e+01
9.920999999999999375e+01
9.920333333333333314e+01
9.920833333333332860e+01
9.920666666666666345e+01
9.921333333333333826e+01
9.920833333333332860e+01
9.921166666666667311e+01
9.921166666666667311e+01
9.920999999999999375e+01
9.921333333333333826e+01
9.921500000000000341e+01
9.921500000000000341e+01
9.921166666666667311e+01
9.920999999999999375e+01
9.920833333333332860e+01
9.921500000000000341e+01
9.920999999999999375e+01
9.921999999999999886e+01
9.921500000000000341e+01
9.921500000000000341e+01
9.921166666666667311e+01
9.921666666666666856e+01
9.921833333333333371e+01
9.921833333333333371e+01
9.921166666666667311e+01
9.922166666666666401e+01
9.921666666666666856e+01
9.921833333333333371e+01
9.921333333333333826e+01
9.921833333333333371e+01
9.921333333333333826e+01
9.922166666666666401e+01
9.921666666666666856e+01
9.922666666666667368e+01
9.922333333333332916e+01
9.922166666666666401e+01
9.921999999999999886e+01
9.922166666666666401e+01
9.921833333333333371e+01
9.922166666666666401e+01
9.922499999999999432e+01
9.922499999999999432e+01
9.921500000000000341e+01
9.922499999999999432e+01
9.922499999999999432e+01
9.922666666666667368e+01
9.921833333333333371e+01
9.923000000000000398e+01
9.922333333333332916e+01
9.922666666666667368e+01
9.921999999999999886e+01
9.923000000000000398e+01
9.922166666666666401e+01
9.922333333333332916e+01
9.921999999999999886e+01
9.923499999999999943e+01
9.923166666666666913e+01
9.923000000000000398e+01
9.922666666666667368e+01
9.922666666666667368e+01
9.921833333333333371e+01
9.923666666666666458e+01
9.923333333333333428e+01
9.923166666666666913e+01
9.921999999999999886e+01
9.922833333333333883e+01
9.922333333333332916e+01
9.923499999999999943e+01
9.923333333333333428e+01
9.923166666666666913e+01
9.922499999999999432e+01
9.923833333333332973e+01
9.923833333333332973e+01
9.923833333333332973e+01
9.923000000000000398e+01
9.923166666666666913e+01
9.922333333333332916e+01
9.923833333333332973e+01
9.923833333333332973e+01
9.923666666666666458e+01
9.922833333333333883e+01
9.923999999999999488e+01
9.923000000000000398e+01
9.923666666666666458e+01
9.923000000000000398e+01
9.924166666666666003e+01
9.923999999999999488e+01
9.923833333333332973e+01
9.923833333333332973e+01
9.923999999999999488e+01
9.922666666666667368e+01
9.924333333333333940e+01
9.924166666666666003e+01
9.924166666666666003e+01
9.922666666666667368e+01
9.924833333333333485e+01
9.924666666666666970e+01
9.924333333333333940e+01
9.922666666666667368e+01
9.924833333333333485e+01
9.924500000000000455e+01
9.924333333333333940e+01
9.923166666666666913e+01
9.924666666666666970e+01
9.924333333333333940e+01
9.924500000000000455e+01
9.923166666666666913e+01
9.925000000000000000e+01
9.925000000000000000e+01
9.924666666666666970e+01
9.923999999999999488e+01
9.925166666666666515e+01
9.923000000000000398e+01
9.925000000000000000e+01
9.924833333333333485e+01
9.925000000000000000e+01
9.924166666666666003e+01
9.925333333333333030e+01
9.924166666666666003e+01
9.925000000000000000e+01
9.924666666666666970e+01
9.925666666666666060e+01
9.923999999999999488e+01
9.925833333333333997e+01
9.925333333333333030e+01
9.925833333333333997e+01
9.924666666666666970e+01
9.926166666666667027e+01
9.923833333333332973e+01
9.925833333333333997e+01
9.925499999999999545e+01
9.925833333333333997e+01
9.924333333333333940e+01
9.926000000000000512e+01
9.923833333333332973e+01
9.926000000000000512e+01
9.925499999999999545e+01
9.926166666666667027e+01
9.924500000000000455e+01
9.926000000000000512e+01
9.924500000000000455e+01
9.926166666666667027e+01
9.924500000000000455e+01
9.926666666666666572e+01
9.925833333333333997e+01
9.926500000000000057e+01
9.924666666666666970e+01
9.926333333333333542e+01
9.925833333333333997e+01
9.926500000000000057e+01
9.924166666666666003e+01
9.926500000000000057e+01
9.926333333333333542e+01
9.926166666666667027e+01
9.925499999999999545e+01
9.926500000000000057e+01
9.924666666666666970e+01
9.926666666666666572e+01
9.926500000000000057e+01
9.926666666666666572e+01
9.925000000000000000e+01
9.926666666666666572e+01
9.926333333333333542e+01
9.926500000000000057e+01
9.925166666666666515e+01
9.926999999999999602e+01
9.926166666666667027e+01
9.926833333333333087e+01
9.925499999999999545e+01
9.927333333333332632e+01
9.926500000000000057e+01
9.926999999999999602e+01
9.925666666666666060e+01
9.926833333333333087e+01
9.925666666666666060e+01
9.927166666666666117e+01
9.926666666666666572e+01
9.926666666666666572e+01
9.926000000000000512e+01
9.926999999999999602e+01
9.925666666666666060e+01
9.926999999999999602e+01
9.926500000000000057e+01
9.926999999999999602e+01
9.925833333333333997e+01
9.926999999999999602e+01
9.926666666666666572e+01
9.926833333333333087e+01
9.925666666666666060e+01
9.927333333333332632e+01
9.926833333333333087e+01
9.927166666666666117e+01
9.926166666666667027e+01
9.926999999999999602e+01
9.926833333333333087e+01
9.926833333333333087e+01
9.926166666666667027e+01
9.927500000000000568e+01
9.927333333333332632e+01
9.927666666666667084e+01
9.926833333333333087e+01
9.926999999999999602e+01
9.926166666666667027e+01
9.927500000000000568e+01
9.926999999999999602e+01
9.927166666666666117e+01
9.926666666666666572e+01
9.927500000000000568e+01
9.926833333333333087e+01
9.927333333333332632e+01
9.926666666666666572e+01
9.927666666666667084e+01
9.926999999999999602e+01
9.927333333333332632e+01
9.926999999999999602e+01
9.927666666666667084e+01
9.927333333333332632e+01
9.927666666666667084e+01
9.926666666666666572e+01
9.927666666666667084e+01
9.927166666666666117e+01
9.928000000000000114e+01
9.926999999999999602e+01
9.928000000000000114e+01
9.927500000000000568e+01
9.927666666666667084e+01
9.927500000000000568e+01
9.928499999999999659e+01
9.926999999999999602e+01
9.928000000000000114e+01
9.927666666666667084e+01
9.928166666666666629e+01
9.927333333333332632e+01
9.928666666666666174e+01
9.927166666666666117e+01
9.927500000000000568e+01
9.927166666666666117e+01
9.928499999999999659e+01
9.927166666666666117e+01
9.927666666666667084e+01
9.927833333333333599e+01
9.929166666666667140e+01
9.927166666666666117e+01
9.928333333333333144e+01
9.927166666666666117e+01
9.928499999999999659e+01
9.927500000000000568e+01
9.928666666666666174e+01
9.928000000000000114e+01
9.929166666666667140e+01
9.927166666666666117e+01
9.928666666666666174e+01
9.927666666666667084e+01
9.928333333333333144e+01
9.927666666666667084e+01
9.929166666666667140e+01
9.927166666666666117e+01
9.928666666666666174e+01
9.927666666666667084e+01
9.928333333333333144e+01
9.927666666666667084e+01
9.928833333333332689e+01
9.927166666666666117e+01
9.928666666666666174e+01
9.927500000000000568e+01
9.928833333333332689e+01
9.927333333333332632e+01
9.928666666666666174e+01
9.927333333333332632e+01
9.928833333333332689e+01
9.926999999999999602e+01
9.928833333333332689e+01
9.928000000000000114e+01
9.928833333333332689e+01
9.926999999999999602e+01
9.929000000000000625e+01
9.928333333333333144e+01
9.928666666666666174e+01
9.927333333333332632e+01
9.929000000000000625e+01
9.926999999999999602e+01
9.928833333333332689e+01
9.928166666666666629e+01
9.928833333333332689e+01
9.926999999999999602e+01
9.928833333333332689e+01
9.928666666666666174e+01
9.928833333333332689e+01
9.927500000000000568e+01
9.929000000000000625e+01
9.926833333333333087e+01
9.928833333333332689e+01
9.928499999999999659e+01
9.929000000000000625e+01
9.926999999999999602e+01
9.928499999999999659e+01
9.928499999999999659e+01
9.928833333333332689e+01
9.926666666666666572e+01
9.928833333333332689e+01
9.928666666666666174e+01
9.928833333333332689e+01
9.927166666666666117e+01
9.928499999999999659e+01
9.927166666666666117e+01
9.928333333333333144e+01
9.927166666666666117e+01
9.928333333333333144e+01
9.927166666666666117e+01
9.928666666666666174e+01
9.928499999999999659e+01
9.928833333333332689e+01
9.926833333333333087e+01
9.929166666666667140e+01
9.928499999999999659e+01
9.928499999999999659e+01
9.928499999999999659e+01
9.929000000000000625e+01
9.926833333333333087e+01
9.928666666666666174e+01
9.928666666666666174e+01
9.928499999999999659e+01
9.928333333333333144e+01
9.928499999999999659e+01
9.926666666666666572e+01
9.928499999999999659e+01
9.928499999999999659e+01
9.928499999999999659e+01
9.926999999999999602e+01
9.928499999999999659e+01
9.928666666666666174e+01
9.928499999999999659e+01
9.927833333333333599e+01
9.928499999999999659e+01
9.928333333333333144e+01
9.928666666666666174e+01
9.927333333333332632e+01
9.928499999999999659e+01
9.928833333333332689e+01
9.928666666666666174e+01
9.928333333333333144e+01
9.928666666666666174e+01
9.927333333333332632e+01
9.928499999999999659e+01
9.928499999999999659e+01
9.928499999999999659e+01
9.927333333333332632e+01
9.928833333333332689e+01
9.928666666666666174e+01
9.928833333333332689e+01
9.928166666666666629e+01
9.928499999999999659e+01
9.928166666666666629e+01
9.928499999999999659e+01
9.927500000000000568e+01
9.928333333333333144e+01
9.928333333333333144e+01
9.929000000000000625e+01
9.927833333333333599e+01
9.928499999999999659e+01
9.929000000000000625e+01
9.928666666666666174e+01
9.927833333333333599e+01
9.928666666666666174e+01
9.927833333333333599e+01
9.928666666666666174e+01
9.929000000000000625e+01
9.928666666666666174e+01
9.928000000000000114e+01
9.928833333333332689e+01
9.928000000000000114e+01
9.928666666666666174e+01
9.929000000000000625e+01
9.928666666666666174e+01
9.928000000000000114e+01
9.928666666666666174e+01
9.928333333333333144e+01
9.928666666666666174e+01
9.928833333333332689e+01
9.928666666666666174e+01
9.928499999999999659e+01
9.928499999999999659e+01
9.928166666666666629e+01
9.928833333333332689e+01
9.928000000000000114e+01
9.929166666666667140e+01
9.928000000000000114e+01
9.928666666666666174e+01
9.928000000000000114e+01
9.928833333333332689e+01
9.928333333333333144e+01
9.929000000000000625e+01
9.928333333333333144e+01
9.929000000000000625e+01
9.928499999999999659e+01
9.929000000000000625e+01
9.928499999999999659e+01
9.929333333333333655e+01
9.928666666666666174e+01
9.929000000000000625e+01
9.928333333333333144e+01
9.929333333333333655e+01
9.928499999999999659e+01
9.929000000000000625e+01
9.928833333333332689e+01
9.929000000000000625e+01
9.928499999999999659e+01
9.929000000000000625e+01
9.928666666666666174e+01
9.929500000000000171e+01
9.928499999999999659e+01
9.928833333333332689e+01
9.928666666666666174e+01
9.929333333333333655e+01
9.928666666666666174e+01
9.928833333333332689e+01
9.928833333333332689e+01
9.929833333333333201e+01
9.928833333333332689e+01
9.928833333333332689e+01
9.928833333333332689e+01
9.929666666666666686e+01
9.928833333333332689e+01
9.929000000000000625e+01
9.929000000000000625e+01
9.929666666666666686e+01
9.928499999999999659e+01
9.929166666666667140e+01
9.928833333333332689e+01
9.929666666666666686e+01
9.928666666666666174e+01
9.929333333333333655e+01
9.929166666666667140e+01
9.929333333333333655e+01
9.929166666666667140e+01
9.929666666666666686e+01
9.928666666666666174e+01
9.929166666666667140e+01
9.928833333333332689e+01
9.929333333333333655e+01
9.928833333333332689e+01
9.929666666666666686e+01
9.928833333333332689e+01
9.928833333333332689e+01
9.928833333333332689e+01
9.929500000000000171e+01
9.928666666666666174e+01
9.929333333333333655e+01
9.929000000000000625e+01
9.929333333333333655e+01
9.928833333333332689e+01
9.929500000000000171e+01
9.928666666666666174e+01
9.929166666666667140e+01
9.928666666666666174e+01
9.929166666666667140e+01
9.929166666666667140e+01
