2.738666666666667027e+01
8.092833333333332746e+01
8.182833333333333314e+01
8.318833333333333258e+01
8.488833333333333542e+01
8.592833333333334167e+01
8.645000000000000284e+01
8.645499999999999829e+01
8.630666666666667197e+01
8.604666666666666686e+01
8.579999999999999716e+01
8.578666666666666174e+01
8.563666666666667027e+01
8.575499999999999545e+01
8.568500000000000227e+01
8.561833333333333940e+01
8.573499999999999943e+01
8.569833333333333769e+01
8.561833333333333940e+01
8.574666666666666970e+01
8.588333333333332575e+01
8.579666666666666686e+01
8.581666666666666288e+01
8.578999999999999204e+01
8.568166666666667197e+01
8.568166666666667197e+01
8.588166666666666060e+01
8.582333333333333769e+01
8.581499999999999773e+01
8.585833333333333428e+01
8.584833333333332916e+01
8.589833333333332632e+01
8.583833333333333826e+01
8.578999999999999204e+01
8.589000000000000057e+01
8.586666666666666003e+01
8.588833333333333542e+01
8.593999999999999773e+01
8.593000000000000682e+01
8.580500000000000682e+01
8.586499999999999488e+01
8.587666666666666515e+01
8.584666666666666401e+01
8.592666666666666231e+01
8.592000000000000171e+01
8.594499999999999318e+01
8.581333333333333258e+01
8.591499999999999204e+01
8.585999999999999943e+01
8.594333333333332803e+01
8.590333333333333599e+01
8.587333333333333485e+01
8.589666666666666117e+01
8.565333333333333599e+01
8.592166666666666686e+01
8.590999999999999659e+01
8.589833333333332632e+01
8.581000000000000227e+01
8.587333333333333485e+01
8.580333333333334167e+01
8.587833333333333030e+01
8.582166666666665833e+01
8.583166666666666345e+01
8.593166666666667197e+01
8.593166666666667197e+01
8.590666666666666629e+01
8.585833333333333428e+01
8.581499999999999773e+01
8.596000000000000796e+01
8.584000000000000341e+01
8.578333333333333144e+01
8.589000000000000057e+01
8.590000000000000568e+01
8.590000000000000568e+01
8.592333333333333201e+01
8.585999999999999943e+01
8.573666666666666458e+01
8.582666666666666799e+01
8.590166666666667084e+01
8.578666666666666174e+01
8.580333333333334167e+01
8.591833333333333655e+01
8.580833333333333712e+01
8.587833333333333030e+01
8.584499999999999886e+01
8.563333333333332575e+01
8.593500000000000227e+01
8.595499999999999829e+01
8.587000000000000455e+01
8.584166666666666856e+01
8.578000000000000114e+01
8.585333333333333883e+01
8.585500000000000398e+01
8.575666666666666060e+01
8.581000000000000227e+01
8.580666666666667197e+01
8.589333333333333087e+01
8.594499999999999318e+01
8.565666666666666629e+01
8.589666666666666117e+01
