1.932666666666666799e+01
5.155666666666666487e+01
7.808166666666666345e+01
8.462500000000000000e+01
8.275666666666666060e+01
8.687166666666666970e+01
8.776999999999999602e+01
9.060999999999999943e+01
9.179500000000000171e+01
9.190000000000000568e+01
9.382666666666666799e+01
9.281499999999999773e+01
9.494166666666666288e+01
9.332166666666667254e+01
9.559999999999999432e+01
9.372333333333332916e+01
9.615333333333333599e+01
9.370833333333332860e+01
9.649833333333333485e+01
9.444833333333333769e+01
9.690999999999999659e+01
9.425833333333333997e+01
9.710500000000000398e+01
9.404999999999999716e+01
9.728166666666666629e+01
9.422833333333333883e+01
9.747833333333333883e+01
9.406666666666666288e+01
9.762833333333333030e+01
9.448999999999999488e+01
9.774333333333333940e+01
9.427666666666667084e+01
9.781499999999999773e+01
9.413333333333333997e+01
9.787333333333333485e+01
9.419666666666667254e+01
9.794166666666666288e+01
9.406499999999999773e+01
9.798333333333333428e+01
9.435666666666666913e+01
9.800000000000000000e+01
9.415333333333333599e+01
9.801833333333333087e+01
9.392499999999999716e+01
9.804500000000000171e+01
9.424166666666666003e+01
9.804000000000000625e+01
9.404500000000000171e+01
9.805833333333333712e+01
9.382166666666667254e+01
9.809333333333333371e+01
9.399666666666666970e+01
9.808166666666666345e+01
9.378833333333332689e+01
9.811333333333332973e+01
9.368833333333333258e+01
9.814666666666666117e+01
9.391333333333332689e+01
9.812999999999999545e+01
9.371333333333333826e+01
9.813166666666666060e+01
9.371500000000000341e+01
9.812999999999999545e+01
9.361333333333332973e+01
9.813500000000000512e+01
9.408666666666667311e+01
9.810999999999999943e+01
9.389833333333334053e+01
9.811499999999999488e+01
9.368666666666666742e+01
9.811333333333332973e+01
9.385999999999999943e+01
9.809499999999999886e+01
9.367333333333333201e+01
9.810500000000000398e+01
9.399500000000000455e+01
9.810333333333333883e+01
9.378333333333333144e+01
9.809333333333333371e+01
9.380666666666667197e+01
9.806333333333333258e+01
9.370666666666666345e+01
9.806333333333333258e+01
9.423166666666666913e+01
9.803000000000000114e+01
9.405333333333332746e+01
9.801666666666666572e+01
9.387000000000000455e+01
9.801166666666667027e+01
9.394333333333332803e+01
9.797333333333332916e+01
9.375499999999999545e+01
9.796666666666666856e+01
9.427166666666666117e+01
9.793833333333333258e+01
9.410833333333333428e+01
9.789333333333333087e+01
9.394833333333333769e+01
9.790333333333333599e+01
9.406666666666666288e+01
