7.499000000000000909e+01
8.679500000000000171e+01
8.519333333333332803e+01
9.054166666666667140e+01
8.975000000000000000e+01
9.126500000000000057e+01
9.208833333333333826e+01
9.161333333333332973e+01
9.323666666666666458e+01
9.192833333333332746e+01
9.381000000000000227e+01
9.204333333333333655e+01
9.405333333333332746e+01
9.206000000000000227e+01
9.418666666666666742e+01
9.206999999999999318e+01
9.432166666666667254e+01
9.207833333333333314e+01
9.445166666666666799e+01
9.209000000000000341e+01
9.456333333333333258e+01
9.209666666666666401e+01
9.458666666666667311e+01
9.211166666666666458e+01
9.460999999999999943e+01
9.212999999999999545e+01
9.460333333333333883e+01
9.215000000000000568e+01
9.457166666666667254e+01
9.215666666666666629e+01
9.458166666666666345e+01
9.217333333333333201e+01
9.458666666666667311e+01
9.218333333333333712e+01
9.454333333333333655e+01
9.219333333333332803e+01
9.454999999999999716e+01
9.219499999999999318e+01
9.457833333333333314e+01
9.220000000000000284e+01
9.449666666666666970e+01
9.220833333333332860e+01
9.453333333333333144e+01
9.221166666666667311e+01
9.449500000000000455e+01
9.221999999999999886e+01
9.442666666666666231e+01
9.222333333333332916e+01
9.447499999999999432e+01
9.223833333333332973e+01
9.441500000000000625e+01
9.223333333333333428e+01
9.444666666666667254e+01
9.223000000000000398e+01
9.437333333333333485e+01
9.222833333333333883e+01
9.438666666666667027e+01
9.222833333333333883e+01
9.434000000000000341e+01
9.222166666666666401e+01
9.436666666666667425e+01
9.221500000000000341e+01
9.429333333333333655e+01
9.220833333333332860e+01
9.432166666666667254e+01
9.220499999999999829e+01
9.425000000000000000e+01
9.219499999999999318e+01
9.432666666666666799e+01
9.219166666666666288e+01
9.425833333333333997e+01
9.218333333333333712e+01
9.420833333333332860e+01
9.217166666666666686e+01
9.417333333333333201e+01
9.215500000000000114e+01
9.415500000000000114e+01
9.214333333333333087e+01
9.408833333333333826e+01
9.212333333333333485e+01
9.416333333333332689e+01
9.210166666666665947e+01
9.409166666666666856e+01
9.208333333333332860e+01
9.404500000000000171e+01
9.207666666666666799e+01
9.404833333333333201e+01
9.206166666666666742e+01
9.399833333333333485e+01
9.204500000000000171e+01
9.398833333333332973e+01
9.203666666666666174e+01
9.396833333333333371e+01
9.201833333333333087e+01
9.395000000000000284e+01
9.199500000000000455e+01
9.397333333333332916e+01
9.198000000000000398e+01
9.391333333333332689e+01
9.196500000000000341e+01
9.390166666666667084e+01
9.194333333333332803e+01
9.396833333333333371e+01
9.192000000000000171e+01
9.389166666666666572e+01
9.190500000000000114e+01
9.387500000000000000e+01
9.188333333333332575e+01
9.390666666666666629e+01
9.185833333333333428e+01
9.388166666666666060e+01
9.182666666666666799e+01
9.384333333333333371e+01
9.180333333333334167e+01
9.381999999999999318e+01
9.178000000000000114e+01
9.391500000000000625e+01
9.176333333333333542e+01
9.382999999999999829e+01
9.174666666666666970e+01
9.383166666666666345e+01
9.173166666666666913e+01
9.381666666666666288e+01
9.171999999999999886e+01
9.384666666666666401e+01
9.168333333333333712e+01
9.382666666666666799e+01
9.166166666666666174e+01
9.380333333333332746e+01
9.163833333333333542e+01
9.376000000000000512e+01
9.161333333333332973e+01
9.374666666666666970e+01
9.157833333333333314e+01
9.386166666666666458e+01
9.155833333333333712e+01
9.380833333333333712e+01
9.152333333333334053e+01
9.379833333333333201e+01
9.148999999999999488e+01
9.377500000000000568e+01
9.145666666666666345e+01
9.374500000000000455e+01
9.142000000000000171e+01
9.372833333333333883e+01
9.139499999999999602e+01
9.371500000000000341e+01
9.135333333333333883e+01
9.382999999999999829e+01
9.133833333333333826e+01
9.377333333333334053e+01
9.130666666666667197e+01
9.375333333333333030e+01
9.127666666666667084e+01
9.374333333333333940e+01
9.124833333333333485e+01
9.371666666666666856e+01
9.123000000000000398e+01
9.371333333333333826e+01
9.120499999999999829e+01
9.369833333333333769e+01
9.115833333333333144e+01
9.384000000000000341e+01
9.112999999999999545e+01
9.378666666666666174e+01
9.110333333333333883e+01
9.376000000000000512e+01
9.106499999999999773e+01
9.374833333333333485e+01
9.103000000000000114e+01
9.372833333333333883e+01
9.100166666666666515e+01
9.380333333333332746e+01
9.097666666666665947e+01
9.379166666666667140e+01
9.093666666666666742e+01
9.377166666666666117e+01
9.092499999999999716e+01
9.376166666666667027e+01
9.090166666666667084e+01
9.375333333333333030e+01
9.087999999999999545e+01
9.374166666666666003e+01
9.085166666666665947e+01
9.372333333333332916e+01
9.082666666666666799e+01
9.379333333333333655e+01
9.080833333333333712e+01
9.378333333333333144e+01
9.079999999999999716e+01
9.376666666666666572e+01
9.077833333333333599e+01
9.374500000000000455e+01
9.074333333333333940e+01
9.373499999999999943e+01
9.072666666666665947e+01
9.379333333333333655e+01
9.070499999999999829e+01
9.378499999999999659e+01
9.068833333333333258e+01
9.376999999999999602e+01
9.066666666666667140e+01
9.374833333333333485e+01
9.064166666666666572e+01
9.373999999999999488e+01
9.062166666666666970e+01
9.381833333333332803e+01
9.059833333333332916e+01
9.381499999999999773e+01
9.057666666666666799e+01
9.379166666666667140e+01
9.055333333333332746e+01
9.378166666666666629e+01
9.053166666666666629e+01
9.376500000000000057e+01
9.051333333333333542e+01
9.376000000000000512e+01
9.049666666666666970e+01
9.375666666666666060e+01
9.047333333333332916e+01
9.382833333333333314e+01
9.045333333333333314e+01
9.381499999999999773e+01
9.044166666666666288e+01
9.382666666666666799e+01
9.042333333333333201e+01
9.382166666666667254e+01
9.040500000000000114e+01
9.389166666666666572e+01
9.039166666666666572e+01
9.387833333333333030e+01
9.037500000000000000e+01
9.387999999999999545e+01
9.036333333333332973e+01
9.386833333333333940e+01
9.034666666666666401e+01
9.386333333333332973e+01
9.034000000000000341e+01
9.385166666666665947e+01
9.033166666666666345e+01
9.384833333333332916e+01
9.032333333333333769e+01
9.384833333333332916e+01
9.029999999999999716e+01
9.393500000000000227e+01
9.028833333333332689e+01
9.392166666666666686e+01
9.027833333333333599e+01
9.391500000000000625e+01
9.026333333333333542e+01
9.390833333333333144e+01
9.025499999999999545e+01
9.391500000000000625e+01
9.025000000000000000e+01
9.397166666666666401e+01
9.024666666666666970e+01
9.396833333333333371e+01
9.024333333333333940e+01
9.395999999999999375e+01
9.023666666666666458e+01
9.395999999999999375e+01
9.023000000000000398e+01
9.395666666666666345e+01
9.022333333333332916e+01
9.395166666666666799e+01
9.021500000000000341e+01
9.395000000000000284e+01
9.021166666666667311e+01
9.403333333333333144e+01
9.020333333333333314e+01
9.402166666666666117e+01
9.019833333333333769e+01
9.402166666666666117e+01
9.019333333333332803e+01
9.401500000000000057e+01
9.018500000000000227e+01
9.401166666666667027e+01
9.017166666666666686e+01
9.399666666666666970e+01
9.016499999999999204e+01
9.400166666666666515e+01
9.015999999999999659e+01
9.413333333333333997e+01
9.015500000000000114e+01
9.412500000000000000e+01
9.015500000000000114e+01
9.410999999999999943e+01
9.015500000000000114e+01
9.410333333333333883e+01
9.015166666666667084e+01
9.409333333333333371e+01
9.014833333333334053e+01
9.408166666666666345e+01
9.014666666666666117e+01
9.409833333333332916e+01
9.014499999999999602e+01
9.409333333333333371e+01
9.014499999999999602e+01
9.415833333333333144e+01
9.014166666666666572e+01
9.413666666666667027e+01
9.013666666666667027e+01
9.413666666666667027e+01
9.013666666666667027e+01
9.413666666666667027e+01
9.013666666666667027e+01
9.414000000000000057e+01
9.012999999999999545e+01
9.413500000000000512e+01
9.012999999999999545e+01
9.413333333333333997e+01
9.012999999999999545e+01
9.413500000000000512e+01
9.012999999999999545e+01
9.421500000000000341e+01
9.013166666666666060e+01
9.421833333333333371e+01
9.012999999999999545e+01
9.421333333333333826e+01
9.012833333333333030e+01
9.420833333333332860e+01
9.012833333333333030e+01
9.419833333333333769e+01
9.012666666666666515e+01
9.420166666666666799e+01
9.012666666666666515e+01
9.420333333333333314e+01
9.012666666666666515e+01
9.420999999999999375e+01
9.012500000000000000e+01
9.428333333333333144e+01
9.012500000000000000e+01
9.426999999999999602e+01
9.012500000000000000e+01
9.425833333333333997e+01
9.012500000000000000e+01
9.426333333333333542e+01
9.012500000000000000e+01
9.426999999999999602e+01
9.012500000000000000e+01
9.432166666666667254e+01
9.012666666666666515e+01
9.431499999999999773e+01
9.012666666666666515e+01
9.431333333333333258e+01
9.012666666666666515e+01
9.430333333333332746e+01
9.012666666666666515e+01
9.429500000000000171e+01
9.012666666666666515e+01
9.429166666666667140e+01
9.012666666666666515e+01
9.429333333333333655e+01
9.012666666666666515e+01
9.437333333333333485e+01
9.012666666666666515e+01
9.436166666666666458e+01
9.012666666666666515e+01
9.435833333333333428e+01
9.012666666666666515e+01
9.435500000000000398e+01
9.012666666666666515e+01
9.435500000000000398e+01
9.012666666666666515e+01
9.436666666666667425e+01
9.012666666666666515e+01
9.435833333333333428e+01
9.012666666666666515e+01
9.435999999999999943e+01
9.012666666666666515e+01
9.442499999999999716e+01
9.012666666666666515e+01
9.440833333333333144e+01
9.012666666666666515e+01
9.439666666666666117e+01
9.012666666666666515e+01
9.440000000000000568e+01
9.012666666666666515e+01
9.449833333333333485e+01
9.012833333333333030e+01
9.448000000000000398e+01
9.012833333333333030e+01
9.446666666666666856e+01
9.012833333333333030e+01
9.446833333333333371e+01
9.012833333333333030e+01
9.446333333333333826e+01
9.012833333333333030e+01
9.445666666666666345e+01
9.012833333333333030e+01
9.446166666666667311e+01
9.012833333333333030e+01
9.446166666666667311e+01
9.012833333333333030e+01
9.456833333333332803e+01
9.012833333333333030e+01
9.454666666666666686e+01
9.012833333333333030e+01
9.453333333333333144e+01
9.012833333333333030e+01
9.454000000000000625e+01
9.012833333333333030e+01
9.454333333333333655e+01
9.012833333333333030e+01
9.454999999999999716e+01
9.012833333333333030e+01
9.460666666666666913e+01
9.012833333333333030e+01
9.457833333333333314e+01
9.012833333333333030e+01
9.457666666666666799e+01
9.012833333333333030e+01
9.457999999999999829e+01
9.012833333333333030e+01
9.458166666666666345e+01
9.012833333333333030e+01
9.467833333333332746e+01
9.012833333333333030e+01
9.466833333333333655e+01
9.012833333333333030e+01
9.465999999999999659e+01
9.012833333333333030e+01
9.464666666666666117e+01
9.012833333333333030e+01
9.464333333333333087e+01
9.012833333333333030e+01
9.463500000000000512e+01
9.012833333333333030e+01
9.462666666666666515e+01
9.012833333333333030e+01
9.462500000000000000e+01
9.012833333333333030e+01
9.463333333333332575e+01
9.012833333333333030e+01
9.475833333333332575e+01
9.012833333333333030e+01
9.474666666666666970e+01
9.012833333333333030e+01
9.473000000000000398e+01
9.012833333333333030e+01
9.472666666666665947e+01
9.012833333333333030e+01
9.470666666666666345e+01
9.012833333333333030e+01
9.471166666666667311e+01
9.012833333333333030e+01
9.471333333333333826e+01
9.012833333333333030e+01
9.469333333333332803e+01
9.012833333333333030e+01
9.468500000000000227e+01
9.012833333333333030e+01
9.468999999999999773e+01
9.012833333333333030e+01
9.469833333333333769e+01
9.012833333333333030e+01
9.476333333333333542e+01
9.012833333333333030e+01
9.476166666666667027e+01
9.012833333333333030e+01
9.476333333333333542e+01
9.012833333333333030e+01
9.476833333333333087e+01
9.012833333333333030e+01
9.474833333333333485e+01
9.012833333333333030e+01
9.474833333333333485e+01
9.012833333333333030e+01
9.475333333333333030e+01
9.012833333333333030e+01
9.476666666666666572e+01
9.012833333333333030e+01
9.484000000000000341e+01
9.012833333333333030e+01
9.482833333333333314e+01
9.012833333333333030e+01
9.482333333333333769e+01
9.012833333333333030e+01
9.482999999999999829e+01
9.012833333333333030e+01
9.492000000000000171e+01
9.012833333333333030e+01
9.490833333333333144e+01
9.012833333333333030e+01
9.489666666666666117e+01
9.012833333333333030e+01
9.489166666666666572e+01
9.012833333333333030e+01
9.488500000000000512e+01
9.012833333333333030e+01
9.488666666666667027e+01
9.012833333333333030e+01
9.489666666666666117e+01
9.012833333333333030e+01
9.488166666666666060e+01
9.012833333333333030e+01
9.487833333333333030e+01
9.012833333333333030e+01
9.496166666666667311e+01
9.012833333333333030e+01
9.494666666666667254e+01
9.012833333333333030e+01
9.493833333333333258e+01
9.012833333333333030e+01
9.493999999999999773e+01
9.012833333333333030e+01
9.493833333333333258e+01
9.012833333333333030e+01
9.495166666666666799e+01
9.012833333333333030e+01
9.501999999999999602e+01
9.012833333333333030e+01
9.501000000000000512e+01
9.012833333333333030e+01
9.500000000000000000e+01
9.012833333333333030e+01
9.500666666666666060e+01
9.012833333333333030e+01
9.499833333333333485e+01
9.012833333333333030e+01
9.500000000000000000e+01
9.012833333333333030e+01
9.506666666666666288e+01
9.012833333333333030e+01
9.502666666666667084e+01
9.012833333333333030e+01
9.501500000000000057e+01
9.012833333333333030e+01
9.502500000000000568e+01
9.012833333333333030e+01
9.502666666666667084e+01
9.012833333333333030e+01
9.503000000000000114e+01
9.012833333333333030e+01
9.503666666666666174e+01
9.012833333333333030e+01
9.504333333333333655e+01
9.012833333333333030e+01
9.504333333333333655e+01
9.012833333333333030e+01
9.511499999999999488e+01
9.012833333333333030e+01
9.510999999999999943e+01
9.012833333333333030e+01
9.510166666666665947e+01
9.012833333333333030e+01
9.509166666666666856e+01
9.012833333333333030e+01
9.506499999999999773e+01
9.012833333333333030e+01
9.513666666666667027e+01
9.012833333333333030e+01
9.512000000000000455e+01
9.012833333333333030e+01
9.511499999999999488e+01
9.012833333333333030e+01
9.510999999999999943e+01
9.012833333333333030e+01
9.510833333333333428e+01
9.012833333333333030e+01
9.509999999999999432e+01
9.012833333333333030e+01
9.507666666666666799e+01
9.012833333333333030e+01
9.515500000000000114e+01
9.012833333333333030e+01
9.514000000000000057e+01
9.012833333333333030e+01
9.514499999999999602e+01
9.012833333333333030e+01
9.513500000000000512e+01
9.012833333333333030e+01
9.514166666666666572e+01
9.012833333333333030e+01
9.512333333333333485e+01
9.012833333333333030e+01
9.511833333333333940e+01
9.012833333333333030e+01
9.509999999999999432e+01
9.012833333333333030e+01
9.530500000000000682e+01
9.012833333333333030e+01
9.523999999999999488e+01
9.012833333333333030e+01
9.523000000000000398e+01
9.012833333333333030e+01
9.521500000000000341e+01
9.012833333333333030e+01
9.520666666666666345e+01
9.012833333333333030e+01
9.520166666666666799e+01
9.012833333333333030e+01
9.519166666666666288e+01
9.012833333333333030e+01
9.518333333333333712e+01
9.012833333333333030e+01
9.517000000000000171e+01
9.012833333333333030e+01
9.515666666666666629e+01
9.012833333333333030e+01
9.515666666666666629e+01
9.012833333333333030e+01
9.515000000000000568e+01
9.012833333333333030e+01
9.514833333333334053e+01
9.012833333333333030e+01
9.515166666666667084e+01
9.012833333333333030e+01
9.523833333333332973e+01
9.012833333333333030e+01
9.521999999999999886e+01
9.012833333333333030e+01
9.522333333333332916e+01
9.012833333333333030e+01
9.520666666666666345e+01
9.012833333333333030e+01
9.519333333333332803e+01
9.012833333333333030e+01
9.518666666666666742e+01
9.012833333333333030e+01
9.516833333333333655e+01
9.012833333333333030e+01
9.516166666666666174e+01
9.012833333333333030e+01
9.516500000000000625e+01
9.012833333333333030e+01
9.524666666666666970e+01
9.012833333333333030e+01
9.523999999999999488e+01
9.012833333333333030e+01
9.520333333333333314e+01
9.012833333333333030e+01
9.519499999999999318e+01
9.012833333333333030e+01
9.519333333333332803e+01
9.012833333333333030e+01
9.519333333333332803e+01
9.012833333333333030e+01
9.519333333333332803e+01
9.012833333333333030e+01
9.520333333333333314e+01
9.012833333333333030e+01
9.534000000000000341e+01
9.012833333333333030e+01
9.526500000000000057e+01
9.012833333333333030e+01
9.524333333333333940e+01
9.012833333333333030e+01
9.523166666666666913e+01
9.012833333333333030e+01
9.523833333333332973e+01
9.012833333333333030e+01
9.522666666666665947e+01
9.012833333333333030e+01
9.522499999999999432e+01
9.012833333333333030e+01
9.521166666666667311e+01
9.012833333333333030e+01
9.521999999999999886e+01
9.012833333333333030e+01
9.521999999999999886e+01
9.012833333333333030e+01
9.522499999999999432e+01
9.012833333333333030e+01
9.522666666666665947e+01
9.012833333333333030e+01
9.522666666666665947e+01
9.012833333333333030e+01
9.531666666666666288e+01
9.012833333333333030e+01
9.529999999999999716e+01
9.012833333333333030e+01
9.528166666666666629e+01
9.012833333333333030e+01
9.527166666666666117e+01
9.012833333333333030e+01
9.527666666666667084e+01
9.012833333333333030e+01
9.528333333333333144e+01
9.012833333333333030e+01
9.527833333333333599e+01
9.012833333333333030e+01
9.533333333333332860e+01
9.012833333333333030e+01
9.527666666666667084e+01
9.012833333333333030e+01
9.527333333333334053e+01
9.012833333333333030e+01
9.527333333333334053e+01
9.012833333333333030e+01
9.526500000000000057e+01
9.012833333333333030e+01
9.525833333333332575e+01
9.012833333333333030e+01
9.532999999999999829e+01
9.012833333333333030e+01
9.530666666666667197e+01
9.012833333333333030e+01
9.529999999999999716e+01
9.012833333333333030e+01
9.529666666666666686e+01
9.012833333333333030e+01
9.529666666666666686e+01
9.012833333333333030e+01
9.529166666666667140e+01
9.012833333333333030e+01
9.528166666666666629e+01
9.012833333333333030e+01
9.527166666666666117e+01
9.012833333333333030e+01
9.532666666666666799e+01
9.012833333333333030e+01
9.530500000000000682e+01
9.012833333333333030e+01
9.529666666666666686e+01
9.012833333333333030e+01
9.529166666666667140e+01
9.012833333333333030e+01
9.528333333333333144e+01
9.012833333333333030e+01
9.527666666666667084e+01
9.012833333333333030e+01
9.532500000000000284e+01
9.012833333333333030e+01
9.527166666666666117e+01
9.012833333333333030e+01
9.526833333333333087e+01
9.012833333333333030e+01
9.526500000000000057e+01
9.012833333333333030e+01
9.526333333333333542e+01
9.012833333333333030e+01
9.525833333333332575e+01
9.012833333333333030e+01
9.526000000000000512e+01
9.012833333333333030e+01
9.532999999999999829e+01
9.012833333333333030e+01
9.531833333333332803e+01
9.012833333333333030e+01
9.531000000000000227e+01
9.012833333333333030e+01
9.529999999999999716e+01
9.012833333333333030e+01
9.528666666666666174e+01
9.012833333333333030e+01
9.528166666666666629e+01
9.012833333333333030e+01
9.527666666666667084e+01
9.012833333333333030e+01
9.524333333333333940e+01
9.012833333333333030e+01
9.532166666666667254e+01
9.012833333333333030e+01
9.531166666666666742e+01
9.012833333333333030e+01
9.529666666666666686e+01
9.012833333333333030e+01
9.527833333333333599e+01
9.012833333333333030e+01
9.527833333333333599e+01
9.012833333333333030e+01
9.526833333333333087e+01
9.012833333333333030e+01
9.529999999999999716e+01
9.012833333333333030e+01
9.528666666666666174e+01
9.012833333333333030e+01
9.527666666666667084e+01
9.012833333333333030e+01
9.526166666666667027e+01
9.012833333333333030e+01
9.525000000000000000e+01
9.012833333333333030e+01
9.524666666666666970e+01
9.012833333333333030e+01
9.524500000000000455e+01
9.012833333333333030e+01
9.525000000000000000e+01
9.012833333333333030e+01
9.524166666666667425e+01
9.012833333333333030e+01
9.522833333333333883e+01
9.012833333333333030e+01
9.521833333333333371e+01
9.012833333333333030e+01
9.520999999999999375e+01
9.012833333333333030e+01
9.520666666666666345e+01
9.012833333333333030e+01
9.520000000000000284e+01
9.012833333333333030e+01
9.519833333333333769e+01
9.012833333333333030e+01
9.526166666666667027e+01
9.012833333333333030e+01
9.523666666666666458e+01
9.012833333333333030e+01
9.522499999999999432e+01
9.012833333333333030e+01
9.521166666666667311e+01
9.012833333333333030e+01
9.520833333333332860e+01
9.012833333333333030e+01
9.526833333333333087e+01
9.012833333333333030e+01
9.524500000000000455e+01
9.012833333333333030e+01
9.523166666666666913e+01
9.012833333333333030e+01
9.522333333333332916e+01
9.012833333333333030e+01
9.521333333333333826e+01
9.012833333333333030e+01
9.520833333333332860e+01
9.012833333333333030e+01
9.519166666666666288e+01
9.012833333333333030e+01
9.522666666666665947e+01
9.012833333333333030e+01
9.521333333333333826e+01
9.012833333333333030e+01
9.520000000000000284e+01
9.012833333333333030e+01
9.518999999999999773e+01
9.012833333333333030e+01
9.519166666666666288e+01
9.012833333333333030e+01
9.518999999999999773e+01
9.012833333333333030e+01
9.519333333333332803e+01
9.012833333333333030e+01
9.515333333333333599e+01
9.012833333333333030e+01
9.520666666666666345e+01
9.012833333333333030e+01
9.518666666666666742e+01
9.012833333333333030e+01
9.518000000000000682e+01
9.012833333333333030e+01
9.517499999999999716e+01
9.012833333333333030e+01
9.516666666666667140e+01
9.012833333333333030e+01
9.525333333333333030e+01
9.012833333333333030e+01
9.515333333333333599e+01
9.012833333333333030e+01
9.515000000000000568e+01
9.012833333333333030e+01
9.515333333333333599e+01
9.012833333333333030e+01
9.514166666666666572e+01
9.012833333333333030e+01
9.513166666666666060e+01
9.012833333333333030e+01
9.513166666666666060e+01
9.012833333333333030e+01
9.514166666666666572e+01
9.012833333333333030e+01
9.514333333333333087e+01
9.012833333333333030e+01
9.514666666666666117e+01
9.012833333333333030e+01
9.523000000000000398e+01
9.012833333333333030e+01
9.521166666666667311e+01
9.012833333333333030e+01
9.520166666666666799e+01
9.012833333333333030e+01
9.518833333333333258e+01
9.012833333333333030e+01
9.518500000000000227e+01
9.012833333333333030e+01
9.517000000000000171e+01
9.012833333333333030e+01
9.516166666666666174e+01
9.012833333333333030e+01
9.522166666666666401e+01
9.012833333333333030e+01
9.518500000000000227e+01
9.012833333333333030e+01
9.517499999999999716e+01
9.012833333333333030e+01
9.517666666666666231e+01
9.012833333333333030e+01
9.516333333333332689e+01
9.012833333333333030e+01
9.516333333333332689e+01
9.012833333333333030e+01
9.523666666666666458e+01
9.012833333333333030e+01
9.518833333333333258e+01
9.012833333333333030e+01
9.517499999999999716e+01
9.012833333333333030e+01
9.516666666666667140e+01
9.012833333333333030e+01
9.515999999999999659e+01
9.012833333333333030e+01
9.515333333333333599e+01
9.012833333333333030e+01
9.516166666666666174e+01
9.012833333333333030e+01
9.514333333333333087e+01
9.012833333333333030e+01
9.513500000000000512e+01
9.012833333333333030e+01
9.518666666666666742e+01
9.012833333333333030e+01
9.511166666666666458e+01
9.012833333333333030e+01
9.510166666666665947e+01
9.012833333333333030e+01
9.509000000000000341e+01
9.012833333333333030e+01
9.508833333333333826e+01
9.012833333333333030e+01
9.515333333333333599e+01
9.012833333333333030e+01
9.513833333333333542e+01
9.012833333333333030e+01
9.512666666666666515e+01
9.012833333333333030e+01
9.511666666666667425e+01
9.012833333333333030e+01
9.511166666666666458e+01
9.012833333333333030e+01
9.510500000000000398e+01
9.012833333333333030e+01
9.509666666666666401e+01
9.012833333333333030e+01
9.517000000000000171e+01
9.012833333333333030e+01
9.514333333333333087e+01
9.012833333333333030e+01
9.513166666666666060e+01
9.012833333333333030e+01
9.512666666666666515e+01
9.012833333333333030e+01
9.511833333333333940e+01
9.012833333333333030e+01
9.511166666666666458e+01
9.012833333333333030e+01
9.510999999999999943e+01
9.012833333333333030e+01
9.510666666666666913e+01
9.012833333333333030e+01
9.524833333333333485e+01
9.012833333333333030e+01
9.521833333333333371e+01
9.012833333333333030e+01
9.519499999999999318e+01
9.012833333333333030e+01
9.515666666666666629e+01
9.012833333333333030e+01
9.512333333333333485e+01
9.012833333333333030e+01
9.510500000000000398e+01
9.012833333333333030e+01
9.509333333333333371e+01
9.012833333333333030e+01
9.507666666666666799e+01
9.012833333333333030e+01
9.506499999999999773e+01
9.012833333333333030e+01
9.505166666666666231e+01
9.012833333333333030e+01
9.504833333333333201e+01
9.012833333333333030e+01
9.504000000000000625e+01
9.012833333333333030e+01
9.503166666666666629e+01
9.012833333333333030e+01
9.503000000000000114e+01
9.012833333333333030e+01
9.508499999999999375e+01
9.012833333333333030e+01
9.506666666666666288e+01
9.012833333333333030e+01
9.504333333333333655e+01
9.012833333333333030e+01
9.503833333333332689e+01
9.012833333333333030e+01
9.503166666666666629e+01
9.012833333333333030e+01
9.502333333333334053e+01
9.012833333333333030e+01
9.501833333333333087e+01
9.012833333333333030e+01
9.500166666666666515e+01
9.012833333333333030e+01
9.500166666666666515e+01
9.012833333333333030e+01
9.509000000000000341e+01
9.012833333333333030e+01
9.508333333333332860e+01
9.012833333333333030e+01
9.503833333333332689e+01
9.012833333333333030e+01
