8.914333333333333087e+01
8.425166666666666515e+01
9.023499999999999943e+01
9.318333333333333712e+01
9.326166666666667027e+01
9.287333333333333485e+01
9.325000000000000000e+01
9.351333333333333542e+01
9.326000000000000512e+01
9.383666666666667311e+01
9.326999999999999602e+01
9.406000000000000227e+01
9.328000000000000114e+01
9.417666666666666231e+01
9.328833333333332689e+01
9.430666666666667197e+01
9.328999999999999204e+01
9.432500000000000284e+01
9.329166666666667140e+01
9.435333333333333883e+01
9.329666666666666686e+01
9.439833333333334053e+01
9.329999999999999716e+01
9.442499999999999716e+01
9.331000000000000227e+01
9.442666666666666231e+01
9.332166666666667254e+01
9.443666666666666742e+01
9.333499999999999375e+01
9.443666666666666742e+01
9.333666666666667311e+01
9.445666666666666345e+01
9.334166666666666856e+01
9.444666666666667254e+01
9.335166666666665947e+01
9.444333333333332803e+01
9.335833333333333428e+01
9.444833333333333769e+01
9.336833333333333940e+01
9.444333333333332803e+01
9.337333333333333485e+01
9.443000000000000682e+01
9.337833333333333030e+01
9.441166666666666174e+01
9.339000000000000057e+01
9.440333333333333599e+01
9.339333333333333087e+01
9.439166666666666572e+01
9.340000000000000568e+01
9.438166666666666060e+01
9.340500000000000114e+01
9.436499999999999488e+01
9.341333333333332689e+01
9.434499999999999886e+01
9.342499999999999716e+01
9.433666666666667311e+01
9.342666666666666231e+01
9.432833333333333314e+01
9.342833333333332746e+01
9.438500000000000512e+01
9.343166666666667197e+01
9.434666666666666401e+01
9.343000000000000682e+01
9.432999999999999829e+01
9.343833333333333258e+01
9.431999999999999318e+01
9.343833333333333258e+01
9.431499999999999773e+01
9.344166666666666288e+01
9.429833333333333201e+01
9.345333333333333314e+01
9.429333333333333655e+01
9.346166666666667311e+01
9.428166666666666629e+01
9.346833333333333371e+01
9.433666666666667311e+01
9.347166666666666401e+01
9.430333333333332746e+01
9.347333333333332916e+01
9.429166666666667140e+01
9.347833333333333883e+01
9.428000000000000114e+01
9.348000000000000398e+01
9.427666666666667084e+01
9.347833333333333883e+01
9.426666666666666572e+01
9.348000000000000398e+01
9.425000000000000000e+01
9.348333333333333428e+01
9.424666666666666970e+01
9.348499999999999943e+01
9.424333333333333940e+01
9.348833333333332973e+01
9.423333333333333428e+01
9.349166666666666003e+01
9.423333333333333428e+01
9.349333333333333940e+01
9.422499999999999432e+01
9.349333333333333940e+01
9.421666666666666856e+01
9.349500000000000455e+01
9.427666666666667084e+01
9.349833333333333485e+01
9.426166666666667027e+01
9.350333333333333030e+01
9.424666666666666970e+01
9.350499999999999545e+01
9.424166666666666003e+01
9.350833333333333997e+01
9.423666666666666458e+01
9.351000000000000512e+01
9.423166666666666913e+01
9.351500000000000057e+01
9.422833333333333883e+01
9.351500000000000057e+01
9.421999999999999886e+01
9.351500000000000057e+01
9.421666666666666856e+01
9.351500000000000057e+01
9.420999999999999375e+01
9.351666666666666572e+01
9.420499999999999829e+01
9.351666666666666572e+01
9.420166666666666799e+01
9.351833333333333087e+01
9.420000000000000284e+01
9.351833333333333087e+01
9.419833333333333769e+01
9.351999999999999602e+01
9.419333333333332803e+01
9.351999999999999602e+01
9.418833333333333258e+01
9.352166666666666117e+01
9.418500000000000227e+01
9.352166666666666117e+01
9.418166666666667197e+01
9.352166666666666117e+01
9.417499999999999716e+01
9.351999999999999602e+01
9.417166666666666686e+01
9.352166666666666117e+01
9.417333333333333201e+01
9.352166666666666117e+01
9.417333333333333201e+01
9.352166666666666117e+01
9.417166666666666686e+01
9.352333333333334053e+01
9.417333333333333201e+01
9.352333333333334053e+01
9.417166666666666686e+01
9.352333333333334053e+01
9.416833333333333655e+01
9.352333333333334053e+01
9.416166666666666174e+01
9.352333333333334053e+01
9.422499999999999432e+01
9.352500000000000568e+01
9.420999999999999375e+01
9.352500000000000568e+01
9.420833333333332860e+01
9.352666666666667084e+01
9.420333333333333314e+01
9.352666666666667084e+01
9.420000000000000284e+01
9.352666666666667084e+01
9.419833333333333769e+01
9.352666666666667084e+01
9.419833333333333769e+01
9.352666666666667084e+01
9.420000000000000284e+01
9.352666666666667084e+01
9.420166666666666799e+01
9.352666666666667084e+01
9.419833333333333769e+01
9.352833333333333599e+01
9.419499999999999318e+01
9.352833333333333599e+01
9.419499999999999318e+01
9.352833333333333599e+01
9.419333333333332803e+01
9.352833333333333599e+01
9.418833333333333258e+01
9.353000000000000114e+01
9.418666666666666742e+01
9.353166666666666629e+01
9.418666666666666742e+01
9.353333333333333144e+01
9.418500000000000227e+01
9.353833333333332689e+01
9.418500000000000227e+01
9.354166666666667140e+01
9.418500000000000227e+01
9.354166666666667140e+01
9.418500000000000227e+01
9.354166666666667140e+01
9.418500000000000227e+01
9.354166666666667140e+01
9.418500000000000227e+01
9.354166666666667140e+01
9.418166666666667197e+01
9.354166666666667140e+01
9.418000000000000682e+01
9.354333333333333655e+01
9.418000000000000682e+01
9.354333333333333655e+01
9.417833333333332746e+01
9.354333333333333655e+01
9.417833333333332746e+01
9.354333333333333655e+01
9.417833333333332746e+01
9.354500000000000171e+01
9.417833333333332746e+01
9.354500000000000171e+01
9.417666666666666231e+01
9.354666666666666686e+01
9.417666666666666231e+01
9.354666666666666686e+01
9.417666666666666231e+01
9.354833333333333201e+01
9.417666666666666231e+01
9.354833333333333201e+01
9.417666666666666231e+01
9.354999999999999716e+01
9.417333333333333201e+01
9.354999999999999716e+01
9.417166666666666686e+01
9.354999999999999716e+01
9.417000000000000171e+01
9.354999999999999716e+01
9.417000000000000171e+01
9.354999999999999716e+01
9.416833333333333655e+01
9.354999999999999716e+01
9.416833333333333655e+01
9.354999999999999716e+01
9.416666666666667140e+01
9.354999999999999716e+01
9.416666666666667140e+01
9.355166666666666231e+01
9.416666666666667140e+01
9.355166666666666231e+01
9.416500000000000625e+01
9.355166666666666231e+01
9.416333333333332689e+01
9.355166666666666231e+01
9.416333333333332689e+01
9.355166666666666231e+01
9.416333333333332689e+01
9.355166666666666231e+01
9.416333333333332689e+01
9.355166666666666231e+01
9.416333333333332689e+01
9.355166666666666231e+01
9.416333333333332689e+01
9.355166666666666231e+01
9.416333333333332689e+01
9.355166666666666231e+01
9.416333333333332689e+01
9.355166666666666231e+01
9.416333333333332689e+01
9.355166666666666231e+01
9.416333333333332689e+01
9.355166666666666231e+01
9.416333333333332689e+01
9.355166666666666231e+01
9.416333333333332689e+01
9.355333333333332746e+01
9.416166666666666174e+01
9.355333333333332746e+01
9.416166666666666174e+01
9.355333333333332746e+01
9.416166666666666174e+01
9.355333333333332746e+01
9.416166666666666174e+01
9.355333333333332746e+01
9.416166666666666174e+01
9.355333333333332746e+01
9.416166666666666174e+01
9.355333333333332746e+01
9.416166666666666174e+01
9.355333333333332746e+01
9.416166666666666174e+01
9.355333333333332746e+01
9.416166666666666174e+01
9.355333333333332746e+01
9.416166666666666174e+01
9.355333333333332746e+01
9.416166666666666174e+01
9.355333333333332746e+01
9.416166666666666174e+01
9.355333333333332746e+01
9.416166666666666174e+01
9.355333333333332746e+01
9.416166666666666174e+01
9.355333333333332746e+01
9.416166666666666174e+01
9.355333333333332746e+01
9.416166666666666174e+01
9.355333333333332746e+01
9.416333333333332689e+01
9.355333333333332746e+01
9.416333333333332689e+01
9.355333333333332746e+01
9.416333333333332689e+01
9.355333333333332746e+01
9.416333333333332689e+01
9.355333333333332746e+01
9.416166666666666174e+01
9.355333333333332746e+01
9.416166666666666174e+01
9.355333333333332746e+01
9.416166666666666174e+01
9.355333333333332746e+01
9.416166666666666174e+01
9.355333333333332746e+01
9.416166666666666174e+01
9.355333333333332746e+01
9.416166666666666174e+01
9.355333333333332746e+01
9.416166666666666174e+01
9.355333333333332746e+01
9.416166666666666174e+01
9.355333333333332746e+01
9.416166666666666174e+01
9.355333333333332746e+01
9.416166666666666174e+01
9.355333333333332746e+01
9.416166666666666174e+01
9.355333333333332746e+01
9.416166666666666174e+01
9.355333333333332746e+01
9.416166666666666174e+01
9.355333333333332746e+01
9.416166666666666174e+01
9.355333333333332746e+01
9.416166666666666174e+01
9.355333333333332746e+01
9.416166666666666174e+01
9.355333333333332746e+01
9.416166666666666174e+01
9.355333333333332746e+01
9.416166666666666174e+01
9.355333333333332746e+01
9.416166666666666174e+01
9.355333333333332746e+01
9.416166666666666174e+01
9.355333333333332746e+01
9.415999999999999659e+01
9.355333333333332746e+01
9.415999999999999659e+01
9.355333333333332746e+01
9.415999999999999659e+01
9.355333333333332746e+01
9.415999999999999659e+01
9.355333333333332746e+01
9.415999999999999659e+01
9.355333333333332746e+01
9.415999999999999659e+01
9.355333333333332746e+01
9.415999999999999659e+01
9.355500000000000682e+01
9.415999999999999659e+01
9.355500000000000682e+01
9.415999999999999659e+01
9.355500000000000682e+01
9.415999999999999659e+01
9.355500000000000682e+01
9.415999999999999659e+01
9.355500000000000682e+01
9.415999999999999659e+01
9.355500000000000682e+01
9.415999999999999659e+01
9.355500000000000682e+01
9.415999999999999659e+01
9.355500000000000682e+01
9.415999999999999659e+01
9.355500000000000682e+01
9.415999999999999659e+01
9.355500000000000682e+01
9.415999999999999659e+01
9.355500000000000682e+01
9.415999999999999659e+01
9.355500000000000682e+01
9.415999999999999659e+01
9.355500000000000682e+01
9.415999999999999659e+01
9.355500000000000682e+01
9.415999999999999659e+01
9.355500000000000682e+01
9.415999999999999659e+01
9.355500000000000682e+01
9.415999999999999659e+01
9.355500000000000682e+01
9.415999999999999659e+01
9.355500000000000682e+01
9.415999999999999659e+01
9.355500000000000682e+01
9.415999999999999659e+01
9.355500000000000682e+01
9.415999999999999659e+01
9.355500000000000682e+01
9.415999999999999659e+01
9.355500000000000682e+01
9.415999999999999659e+01
9.355500000000000682e+01
9.415999999999999659e+01
9.355500000000000682e+01
9.415999999999999659e+01
9.355500000000000682e+01
9.415999999999999659e+01
9.355500000000000682e+01
9.415999999999999659e+01
9.355500000000000682e+01
9.415999999999999659e+01
9.355500000000000682e+01
9.415999999999999659e+01
9.355500000000000682e+01
9.415999999999999659e+01
9.355500000000000682e+01
9.415999999999999659e+01
9.355500000000000682e+01
9.415999999999999659e+01
9.355500000000000682e+01
9.415999999999999659e+01
9.355500000000000682e+01
9.415999999999999659e+01
9.355500000000000682e+01
9.415999999999999659e+01
9.355500000000000682e+01
9.415999999999999659e+01
9.355500000000000682e+01
9.415999999999999659e+01
9.355500000000000682e+01
9.415999999999999659e+01
9.355500000000000682e+01
9.415999999999999659e+01
9.355500000000000682e+01
9.415999999999999659e+01
9.355500000000000682e+01
9.415999999999999659e+01
9.355500000000000682e+01
9.415999999999999659e+01
9.355500000000000682e+01
9.415999999999999659e+01
9.355500000000000682e+01
9.415999999999999659e+01
9.355500000000000682e+01
9.415999999999999659e+01
9.355500000000000682e+01
9.415999999999999659e+01
9.355500000000000682e+01
9.415999999999999659e+01
9.355500000000000682e+01
9.415999999999999659e+01
9.355500000000000682e+01
9.415999999999999659e+01
9.355500000000000682e+01
9.415999999999999659e+01
9.355500000000000682e+01
9.415999999999999659e+01
9.355500000000000682e+01
9.415999999999999659e+01
9.355500000000000682e+01
9.415999999999999659e+01
9.355500000000000682e+01
9.415999999999999659e+01
9.355500000000000682e+01
9.415999999999999659e+01
9.355500000000000682e+01
9.415999999999999659e+01
9.355500000000000682e+01
9.415999999999999659e+01
9.355500000000000682e+01
9.415999999999999659e+01
9.355500000000000682e+01
9.415999999999999659e+01
9.355500000000000682e+01
9.415999999999999659e+01
9.355500000000000682e+01
9.415999999999999659e+01
9.355500000000000682e+01
9.415999999999999659e+01
9.355500000000000682e+01
9.415999999999999659e+01
9.355500000000000682e+01
9.415999999999999659e+01
9.355500000000000682e+01
9.415999999999999659e+01
9.355500000000000682e+01
9.415999999999999659e+01
9.355500000000000682e+01
9.415999999999999659e+01
9.355500000000000682e+01
9.415999999999999659e+01
9.355500000000000682e+01
9.415999999999999659e+01
9.355500000000000682e+01
9.415999999999999659e+01
9.355500000000000682e+01
9.415999999999999659e+01
9.355500000000000682e+01
9.415999999999999659e+01
9.355500000000000682e+01
9.415999999999999659e+01
9.355500000000000682e+01
9.415999999999999659e+01
9.355500000000000682e+01
9.415999999999999659e+01
9.355500000000000682e+01
9.415999999999999659e+01
9.355500000000000682e+01
9.415999999999999659e+01
9.355500000000000682e+01
9.415999999999999659e+01
9.355500000000000682e+01
9.415999999999999659e+01
9.355500000000000682e+01
9.415999999999999659e+01
9.355500000000000682e+01
9.415999999999999659e+01
9.355500000000000682e+01
9.415999999999999659e+01
9.355500000000000682e+01
9.415999999999999659e+01
9.355500000000000682e+01
9.415999999999999659e+01
9.355500000000000682e+01
9.415999999999999659e+01
9.355500000000000682e+01
9.415999999999999659e+01
9.355500000000000682e+01
9.415999999999999659e+01
9.355500000000000682e+01
9.415999999999999659e+01
9.355500000000000682e+01
9.415999999999999659e+01
9.355500000000000682e+01
9.415999999999999659e+01
9.355500000000000682e+01
9.415999999999999659e+01
9.355500000000000682e+01
9.415999999999999659e+01
9.355500000000000682e+01
9.415999999999999659e+01
9.355500000000000682e+01
9.415999999999999659e+01
9.355500000000000682e+01
9.415999999999999659e+01
9.355500000000000682e+01
9.415999999999999659e+01
9.355500000000000682e+01
9.415999999999999659e+01
9.355500000000000682e+01
9.415999999999999659e+01
9.355500000000000682e+01
9.415999999999999659e+01
9.355500000000000682e+01
9.415999999999999659e+01
9.355500000000000682e+01
9.415999999999999659e+01
9.355500000000000682e+01
9.415999999999999659e+01
9.355500000000000682e+01
9.415999999999999659e+01
9.355500000000000682e+01
9.415999999999999659e+01
9.355500000000000682e+01
9.415999999999999659e+01
9.355500000000000682e+01
9.415999999999999659e+01
9.355500000000000682e+01
9.415999999999999659e+01
9.355500000000000682e+01
9.415999999999999659e+01
9.355500000000000682e+01
9.415999999999999659e+01
9.355500000000000682e+01
9.415999999999999659e+01
9.355500000000000682e+01
9.415999999999999659e+01
9.355500000000000682e+01
9.415999999999999659e+01
9.355500000000000682e+01
9.415999999999999659e+01
9.355500000000000682e+01
9.415999999999999659e+01
9.355500000000000682e+01
9.415999999999999659e+01
9.355500000000000682e+01
9.415999999999999659e+01
9.355500000000000682e+01
9.415999999999999659e+01
9.355500000000000682e+01
9.415999999999999659e+01
9.355500000000000682e+01
9.415999999999999659e+01
9.355500000000000682e+01
9.415999999999999659e+01
9.355500000000000682e+01
9.415999999999999659e+01
9.355500000000000682e+01
9.415999999999999659e+01
9.355500000000000682e+01
9.415999999999999659e+01
9.355500000000000682e+01
9.415999999999999659e+01
9.355500000000000682e+01
9.415999999999999659e+01
9.355500000000000682e+01
9.415999999999999659e+01
9.355500000000000682e+01
9.415999999999999659e+01
9.355500000000000682e+01
9.415999999999999659e+01
9.355500000000000682e+01
9.415999999999999659e+01
9.355500000000000682e+01
9.415999999999999659e+01
9.355500000000000682e+01
9.415999999999999659e+01
9.355500000000000682e+01
9.415999999999999659e+01
9.355500000000000682e+01
9.415999999999999659e+01
9.355500000000000682e+01
9.415999999999999659e+01
9.355500000000000682e+01
9.415999999999999659e+01
9.355500000000000682e+01
9.415999999999999659e+01
9.355500000000000682e+01
9.415999999999999659e+01
9.355500000000000682e+01
9.415999999999999659e+01
9.355500000000000682e+01
9.415999999999999659e+01
9.355500000000000682e+01
9.415999999999999659e+01
9.355500000000000682e+01
9.415999999999999659e+01
9.355500000000000682e+01
9.415999999999999659e+01
9.355500000000000682e+01
9.415999999999999659e+01
9.355500000000000682e+01
9.415999999999999659e+01
9.355500000000000682e+01
9.415999999999999659e+01
9.355500000000000682e+01
9.415999999999999659e+01
9.355500000000000682e+01
9.415999999999999659e+01
9.355500000000000682e+01
9.415999999999999659e+01
9.355500000000000682e+01
9.415999999999999659e+01
9.355500000000000682e+01
9.415999999999999659e+01
9.355500000000000682e+01
9.415999999999999659e+01
9.355500000000000682e+01
9.415999999999999659e+01
9.355500000000000682e+01
9.415999999999999659e+01
9.355500000000000682e+01
9.415999999999999659e+01
9.355500000000000682e+01
9.415999999999999659e+01
9.355500000000000682e+01
9.415999999999999659e+01
9.355500000000000682e+01
9.415999999999999659e+01
9.355500000000000682e+01
9.415999999999999659e+01
9.355500000000000682e+01
9.415999999999999659e+01
9.355500000000000682e+01
9.415999999999999659e+01
9.355500000000000682e+01
9.415999999999999659e+01
9.355500000000000682e+01
9.415999999999999659e+01
9.355500000000000682e+01
9.415999999999999659e+01
9.355500000000000682e+01
9.415999999999999659e+01
9.355500000000000682e+01
9.415999999999999659e+01
9.355500000000000682e+01
9.415999999999999659e+01
9.355500000000000682e+01
9.415999999999999659e+01
9.355500000000000682e+01
9.415999999999999659e+01
9.355500000000000682e+01
9.415999999999999659e+01
9.355500000000000682e+01
9.415999999999999659e+01
9.355500000000000682e+01
9.415999999999999659e+01
9.355500000000000682e+01
9.415999999999999659e+01
9.355500000000000682e+01
9.415999999999999659e+01
9.355500000000000682e+01
9.415999999999999659e+01
9.355500000000000682e+01
9.415999999999999659e+01
9.355500000000000682e+01
9.415999999999999659e+01
9.355500000000000682e+01
9.415999999999999659e+01
9.355500000000000682e+01
9.415999999999999659e+01
9.355500000000000682e+01
9.415999999999999659e+01
9.355500000000000682e+01
9.415999999999999659e+01
9.355500000000000682e+01
9.415999999999999659e+01
9.355500000000000682e+01
9.415999999999999659e+01
9.355500000000000682e+01
9.415999999999999659e+01
9.355500000000000682e+01
9.415999999999999659e+01
9.355500000000000682e+01
9.415999999999999659e+01
9.355500000000000682e+01
9.415999999999999659e+01
9.355500000000000682e+01
9.415999999999999659e+01
9.355500000000000682e+01
9.415999999999999659e+01
9.355500000000000682e+01
9.415999999999999659e+01
9.355500000000000682e+01
9.415999999999999659e+01
9.355500000000000682e+01
9.415999999999999659e+01
9.355500000000000682e+01
9.415999999999999659e+01
9.355500000000000682e+01
9.415999999999999659e+01
9.355500000000000682e+01
9.415999999999999659e+01
9.355500000000000682e+01
9.415999999999999659e+01
9.355500000000000682e+01
9.415999999999999659e+01
9.355500000000000682e+01
9.415999999999999659e+01
9.355500000000000682e+01
9.415999999999999659e+01
9.355500000000000682e+01
9.415999999999999659e+01
9.355500000000000682e+01
9.415999999999999659e+01
9.355500000000000682e+01
9.415999999999999659e+01
9.355500000000000682e+01
9.415999999999999659e+01
9.355500000000000682e+01
9.415999999999999659e+01
9.355500000000000682e+01
9.415999999999999659e+01
9.355500000000000682e+01
9.415999999999999659e+01
9.355500000000000682e+01
9.415999999999999659e+01
9.355500000000000682e+01
9.415999999999999659e+01
9.355500000000000682e+01
9.415999999999999659e+01
9.355500000000000682e+01
9.415999999999999659e+01
9.355500000000000682e+01
9.415999999999999659e+01
9.355500000000000682e+01
9.415999999999999659e+01
9.355500000000000682e+01
9.415999999999999659e+01
9.355500000000000682e+01
9.415999999999999659e+01
9.355500000000000682e+01
9.415999999999999659e+01
9.355500000000000682e+01
9.415999999999999659e+01
9.355500000000000682e+01
9.415999999999999659e+01
9.355500000000000682e+01
9.415999999999999659e+01
9.355500000000000682e+01
9.415999999999999659e+01
9.355500000000000682e+01
9.415999999999999659e+01
9.355500000000000682e+01
9.415999999999999659e+01
9.355500000000000682e+01
9.415999999999999659e+01
9.355500000000000682e+01
9.415999999999999659e+01
9.355500000000000682e+01
9.415999999999999659e+01
9.355500000000000682e+01
9.415999999999999659e+01
9.355500000000000682e+01
9.415999999999999659e+01
9.355500000000000682e+01
9.415999999999999659e+01
9.355500000000000682e+01
9.415999999999999659e+01
9.355500000000000682e+01
9.415999999999999659e+01
9.355500000000000682e+01
9.415999999999999659e+01
9.355500000000000682e+01
9.415999999999999659e+01
9.355500000000000682e+01
9.415999999999999659e+01
9.355500000000000682e+01
9.415999999999999659e+01
9.355500000000000682e+01
9.415999999999999659e+01
9.355500000000000682e+01
9.415999999999999659e+01
9.355500000000000682e+01
9.415999999999999659e+01
9.355500000000000682e+01
9.415999999999999659e+01
9.355500000000000682e+01
9.415999999999999659e+01
9.355500000000000682e+01
9.415999999999999659e+01
9.355500000000000682e+01
9.415999999999999659e+01
9.355500000000000682e+01
9.415999999999999659e+01
9.355500000000000682e+01
9.415999999999999659e+01
9.355500000000000682e+01
9.415999999999999659e+01
9.355500000000000682e+01
9.415999999999999659e+01
9.355500000000000682e+01
9.415999999999999659e+01
9.355500000000000682e+01
9.415999999999999659e+01
9.355500000000000682e+01
9.415999999999999659e+01
9.355500000000000682e+01
9.415999999999999659e+01
9.355500000000000682e+01
9.415999999999999659e+01
9.355500000000000682e+01
9.415999999999999659e+01
9.355500000000000682e+01
9.415999999999999659e+01
9.355500000000000682e+01
9.415999999999999659e+01
9.355500000000000682e+01
9.415999999999999659e+01
9.355500000000000682e+01
9.415999999999999659e+01
9.355500000000000682e+01
9.415999999999999659e+01
9.355500000000000682e+01
9.415999999999999659e+01
9.355500000000000682e+01
9.415999999999999659e+01
9.355500000000000682e+01
9.415999999999999659e+01
9.355500000000000682e+01
9.415999999999999659e+01
9.355500000000000682e+01
9.415999999999999659e+01
9.355500000000000682e+01
9.415999999999999659e+01
9.355500000000000682e+01
9.415999999999999659e+01
9.355500000000000682e+01
9.415999999999999659e+01
9.355500000000000682e+01
9.415999999999999659e+01
9.355500000000000682e+01
9.415999999999999659e+01
9.355500000000000682e+01
9.415999999999999659e+01
9.355500000000000682e+01
9.415999999999999659e+01
9.355500000000000682e+01
9.415999999999999659e+01
9.355500000000000682e+01
9.415999999999999659e+01
9.355500000000000682e+01
9.415999999999999659e+01
9.355500000000000682e+01
9.415999999999999659e+01
9.355500000000000682e+01
9.415999999999999659e+01
9.355500000000000682e+01
9.415999999999999659e+01
9.355500000000000682e+01
9.415999999999999659e+01
9.355500000000000682e+01
9.415999999999999659e+01
9.355500000000000682e+01
9.415999999999999659e+01
9.355500000000000682e+01
9.415999999999999659e+01
9.355500000000000682e+01
9.415999999999999659e+01
9.355500000000000682e+01
9.415999999999999659e+01
9.355500000000000682e+01
9.415999999999999659e+01
9.355500000000000682e+01
9.415999999999999659e+01
9.355500000000000682e+01
9.415999999999999659e+01
9.355500000000000682e+01
9.415999999999999659e+01
9.355500000000000682e+01
9.415999999999999659e+01
9.355500000000000682e+01
9.415999999999999659e+01
9.355500000000000682e+01
9.415999999999999659e+01
9.355500000000000682e+01
9.415999999999999659e+01
9.355500000000000682e+01
9.415999999999999659e+01
9.355500000000000682e+01
9.415999999999999659e+01
9.355500000000000682e+01
9.415999999999999659e+01
9.355500000000000682e+01
9.415999999999999659e+01
9.355500000000000682e+01
9.415999999999999659e+01
9.355500000000000682e+01
9.415999999999999659e+01
9.355500000000000682e+01
9.415999999999999659e+01
9.355500000000000682e+01
9.415999999999999659e+01
9.355500000000000682e+01
9.415999999999999659e+01
9.355500000000000682e+01
9.415999999999999659e+01
9.355500000000000682e+01
9.415999999999999659e+01
9.355500000000000682e+01
9.415999999999999659e+01
9.355500000000000682e+01
9.415999999999999659e+01
9.355500000000000682e+01
9.415999999999999659e+01
9.355500000000000682e+01
9.415999999999999659e+01
9.355500000000000682e+01
9.415999999999999659e+01
9.355500000000000682e+01
9.415999999999999659e+01
9.355500000000000682e+01
9.415999999999999659e+01
9.355500000000000682e+01
9.415999999999999659e+01
9.355500000000000682e+01
9.415999999999999659e+01
9.355500000000000682e+01
9.415999999999999659e+01
9.355500000000000682e+01
9.415999999999999659e+01
9.355500000000000682e+01
9.415999999999999659e+01
9.355500000000000682e+01
9.415999999999999659e+01
9.355500000000000682e+01
9.415999999999999659e+01
9.355500000000000682e+01
9.415999999999999659e+01
9.355500000000000682e+01
9.415999999999999659e+01
9.355500000000000682e+01
9.415999999999999659e+01
9.355500000000000682e+01
9.415999999999999659e+01
9.355500000000000682e+01
9.415999999999999659e+01
9.355500000000000682e+01
9.415999999999999659e+01
9.355500000000000682e+01
9.415999999999999659e+01
9.355500000000000682e+01
9.415999999999999659e+01
9.355500000000000682e+01
9.415999999999999659e+01
9.355500000000000682e+01
9.415999999999999659e+01
