2.256833333333332803e+01
4.783500000000000796e+01
7.074500000000000455e+01
8.406499999999999773e+01
8.672666666666665947e+01
9.237333333333333485e+01
9.462999999999999545e+01
9.455166666666666231e+01
9.485333333333333883e+01
9.446833333333333371e+01
9.559333333333333371e+01
9.436166666666666458e+01
9.593833333333333258e+01
9.431166666666666742e+01
9.618000000000000682e+01
9.426333333333333542e+01
9.637166666666666970e+01
9.423999999999999488e+01
9.646999999999999886e+01
9.412833333333333030e+01
9.655666666666667197e+01
9.402833333333333599e+01
9.660166666666667368e+01
9.392833333333332746e+01
9.665000000000000568e+01
9.382333333333333769e+01
9.670499999999999829e+01
9.369666666666667254e+01
9.674333333333333940e+01
9.360999999999999943e+01
9.679833333333333201e+01
9.349166666666666003e+01
9.682166666666667254e+01
9.336333333333332973e+01
9.684166666666666856e+01
9.325833333333333997e+01
9.685333333333333883e+01
9.315333333333333599e+01
9.685999999999999943e+01
9.301999999999999602e+01
9.687999999999999545e+01
9.289666666666666117e+01
9.689833333333332632e+01
9.273999999999999488e+01
9.690999999999999659e+01
9.262000000000000455e+01
9.690833333333333144e+01
9.247833333333333883e+01
9.690999999999999659e+01
9.232333333333333769e+01
9.692000000000000171e+01
9.217499999999999716e+01
9.690333333333333599e+01
9.204999999999999716e+01
9.687000000000000455e+01
9.194333333333332803e+01
9.685833333333333428e+01
9.181999999999999318e+01
9.686833333333333940e+01
9.167833333333334167e+01
9.686166666666666458e+01
9.155166666666666231e+01
9.689666666666666117e+01
9.144499999999999318e+01
9.685833333333333428e+01
9.131833333333332803e+01
9.689333333333333087e+01
9.118666666666666742e+01
9.684833333333332916e+01
9.107500000000000284e+01
9.687999999999999545e+01
9.098666666666666458e+01
9.682666666666666799e+01
9.088500000000000512e+01
9.687666666666666515e+01
9.078999999999999204e+01
9.681499999999999773e+01
9.071333333333333826e+01
9.681666666666666288e+01
9.070333333333333314e+01
9.682500000000000284e+01
9.064000000000000057e+01
9.676500000000000057e+01
9.063333333333333997e+01
9.675499999999999545e+01
9.056833333333332803e+01
9.671666666666666856e+01
9.049833333333333485e+01
9.681499999999999773e+01
9.049666666666666970e+01
9.674166666666666003e+01
9.044333333333332803e+01
9.673999999999999488e+01
9.043333333333333712e+01
9.670833333333332860e+01
9.037333333333333485e+01
9.669333333333332803e+01
9.038166666666666060e+01
9.665000000000000568e+01
9.032166666666667254e+01
9.671833333333333371e+01
9.032666666666666799e+01
9.662000000000000455e+01
9.028999999999999204e+01
9.668000000000000682e+01
9.029500000000000171e+01
9.661333333333332973e+01
9.025499999999999545e+01
9.665833333333333144e+01
9.031666666666666288e+01
9.655833333333333712e+01
9.027333333333334053e+01
9.651500000000000057e+01
9.023999999999999488e+01
9.653166666666666629e+01
9.024333333333333940e+01
9.645000000000000284e+01
9.021999999999999886e+01
9.648999999999999488e+01
9.022166666666666401e+01
9.640000000000000568e+01
9.020333333333333314e+01
9.642000000000000171e+01
9.020333333333333314e+01
9.634333333333333371e+01
9.019166666666666288e+01
9.631666666666666288e+01
9.017833333333334167e+01
9.633666666666667311e+01
9.019499999999999318e+01
9.623499999999999943e+01
9.018333333333333712e+01
9.628833333333332689e+01
9.018666666666666742e+01
9.615500000000000114e+01
9.017499999999999716e+01
9.621666666666666856e+01
9.018166666666667197e+01
9.609333333333333371e+01
9.017333333333333201e+01
9.613500000000000512e+01
9.015999999999999659e+01
9.605166666666666231e+01
9.017000000000000171e+01
9.610500000000000398e+01
9.017166666666666686e+01
9.599166666666667425e+01
9.016166666666666174e+01
9.601999999999999602e+01
9.016666666666667140e+01
9.591500000000000625e+01
9.015500000000000114e+01
9.595499999999999829e+01
9.015333333333333599e+01
9.584499999999999886e+01
9.014499999999999602e+01
9.589833333333334053e+01
9.015999999999999659e+01
9.579500000000000171e+01
9.015166666666667084e+01
9.588833333333333542e+01
9.015333333333333599e+01
9.578000000000000114e+01
9.015000000000000568e+01
9.569833333333333769e+01
9.014499999999999602e+01
9.579333333333333655e+01
9.015333333333333599e+01
9.567499999999999716e+01
9.014833333333334053e+01
9.575833333333333997e+01
9.014666666666666117e+01
9.565166666666667084e+01
9.013833333333333542e+01
9.575499999999999545e+01
9.015166666666667084e+01
9.567166666666666686e+01
9.014333333333333087e+01
9.570833333333332860e+01
9.014000000000000057e+01
9.566500000000000625e+01
9.014166666666666572e+01
9.571999999999999886e+01
9.015000000000000568e+01
9.564166666666666572e+01
9.014166666666666572e+01
9.570166666666666799e+01
9.015000000000000568e+01
9.560833333333333428e+01
9.014000000000000057e+01
9.571833333333333371e+01
9.014833333333334053e+01
9.561499999999999488e+01
9.014166666666666572e+01
9.566666666666667140e+01
9.013333333333332575e+01
9.557333333333333769e+01
9.014000000000000057e+01
9.570999999999999375e+01
9.016499999999999204e+01
9.560833333333333428e+01
9.015000000000000568e+01
9.559666666666666401e+01
9.014833333333334053e+01
9.568166666666667197e+01
9.014333333333333087e+01
9.558166666666666345e+01
9.013500000000000512e+01
9.562500000000000000e+01
9.013166666666666060e+01
9.559166666666666856e+01
9.013666666666667027e+01
9.549500000000000455e+01
9.012999999999999545e+01
9.562166666666666970e+01
9.015000000000000568e+01
9.552833333333333599e+01
9.014166666666666572e+01
9.556833333333332803e+01
9.013666666666667027e+01
9.548666666666666458e+01
9.013333333333332575e+01
9.560999999999999943e+01
9.013833333333333542e+01
9.553000000000000114e+01
9.013166666666666060e+01
9.556833333333332803e+01
9.012666666666666515e+01
9.548999999999999488e+01
9.012833333333333030e+01
9.562500000000000000e+01
9.016166666666666174e+01
9.550833333333332575e+01
9.014833333333334053e+01
9.555833333333333712e+01
9.014333333333333087e+01
9.549166666666666003e+01
9.013833333333333542e+01
9.557999999999999829e+01
9.013166666666666060e+01
9.550000000000000000e+01
9.013166666666666060e+01
9.557333333333333769e+01
9.012999999999999545e+01
9.548833333333332973e+01
9.013333333333332575e+01
9.547166666666666401e+01
9.012999999999999545e+01
9.553833333333332689e+01
9.013333333333332575e+01
9.547666666666665947e+01
9.013166666666666060e+01
9.553166666666666629e+01
9.013166666666666060e+01
9.542000000000000171e+01
9.012999999999999545e+01
9.552833333333333599e+01
9.012999999999999545e+01
9.542833333333332746e+01
9.012666666666666515e+01
9.549166666666666003e+01
9.012833333333333030e+01
9.540500000000000114e+01
9.012500000000000000e+01
9.550833333333332575e+01
9.012999999999999545e+01
9.545333333333333314e+01
9.012333333333333485e+01
9.548000000000000398e+01
9.012500000000000000e+01
9.539333333333333087e+01
9.012500000000000000e+01
9.551666666666666572e+01
9.015666666666666629e+01
9.540666666666666629e+01
9.014666666666666117e+01
9.545000000000000284e+01
9.013333333333332575e+01
9.545333333333333314e+01
9.012666666666666515e+01
9.547666666666665947e+01
9.012166666666666970e+01
9.538166666666666060e+01
9.012333333333333485e+01
9.545333333333333314e+01
9.013500000000000512e+01
9.535500000000000398e+01
9.012666666666666515e+01
9.546166666666667311e+01
9.012333333333333485e+01
9.537333333333333485e+01
9.012500000000000000e+01
9.546500000000000341e+01
9.017833333333334167e+01
9.536666666666667425e+01
9.016166666666666174e+01
9.546166666666667311e+01
9.014833333333334053e+01
9.540500000000000114e+01
9.014000000000000057e+01
9.550166666666666515e+01
9.012999999999999545e+01
9.539666666666666117e+01
9.012166666666666970e+01
9.543833333333333258e+01
9.012166666666666970e+01
9.539833333333334053e+01
9.012166666666666970e+01
9.534166666666666856e+01
9.012166666666666970e+01
9.545666666666666345e+01
9.014833333333334053e+01
9.534999999999999432e+01
9.014000000000000057e+01
9.538333333333332575e+01
9.012999999999999545e+01
9.533499999999999375e+01
9.012666666666666515e+01
9.547166666666666401e+01
9.012833333333333030e+01
9.535333333333333883e+01
9.012666666666666515e+01
9.539666666666666117e+01
9.012166666666666970e+01
9.531666666666666288e+01
9.012166666666666970e+01
9.545999999999999375e+01
9.017166666666666686e+01
9.535166666666665947e+01
9.016166666666666174e+01
9.540000000000000568e+01
9.014499999999999602e+01
9.535500000000000398e+01
9.013166666666666060e+01
9.546166666666667311e+01
9.012666666666666515e+01
9.534666666666666401e+01
9.012333333333333485e+01
9.538333333333332575e+01
9.012333333333333485e+01
9.534333333333333371e+01
9.013666666666667027e+01
9.529333333333333655e+01
9.012999999999999545e+01
9.541166666666666174e+01
9.013500000000000512e+01
9.531833333333332803e+01
9.012999999999999545e+01
9.534499999999999886e+01
9.012333333333333485e+01
9.529999999999999716e+01
9.012166666666666970e+01
9.541666666666667140e+01
9.016499999999999204e+01
9.531499999999999773e+01
9.015500000000000114e+01
9.537500000000000000e+01
9.014333333333333087e+01
9.529666666666666686e+01
9.013166666666666060e+01
9.539166666666666572e+01
9.012666666666666515e+01
9.531166666666666742e+01
9.012333333333333485e+01
9.533833333333333826e+01
9.012999999999999545e+01
9.537166666666666970e+01
9.012999999999999545e+01
9.539333333333333087e+01
9.012999999999999545e+01
9.538666666666667027e+01
9.013166666666666060e+01
9.530833333333333712e+01
9.012833333333333030e+01
9.541666666666667140e+01
9.015166666666667084e+01
9.530833333333333712e+01
9.014000000000000057e+01
9.535333333333333883e+01
9.013166666666666060e+01
9.529666666666666686e+01
9.012833333333333030e+01
9.541833333333333655e+01
9.016499999999999204e+01
9.530166666666666231e+01
9.015333333333333599e+01
9.535166666666665947e+01
9.013500000000000512e+01
9.531166666666666742e+01
9.012999999999999545e+01
9.532833333333333314e+01
9.012999999999999545e+01
9.538666666666667027e+01
9.012999999999999545e+01
9.529999999999999716e+01
9.012999999999999545e+01
9.534833333333332916e+01
9.012833333333333030e+01
9.529000000000000625e+01
9.012999999999999545e+01
9.536499999999999488e+01
9.013166666666666060e+01
9.528666666666666174e+01
9.012999999999999545e+01
9.535666666666666913e+01
9.013166666666666060e+01
9.524666666666666970e+01
9.012833333333333030e+01
9.537999999999999545e+01
9.015166666666667084e+01
9.529333333333333655e+01
9.014166666666666572e+01
9.532666666666666799e+01
9.013166666666666060e+01
9.532666666666666799e+01
9.012666666666666515e+01
9.537333333333333485e+01
9.016499999999999204e+01
9.528666666666666174e+01
9.015500000000000114e+01
9.533166666666666345e+01
9.013833333333333542e+01
9.531333333333333258e+01
9.013166666666666060e+01
9.535500000000000398e+01
9.012999999999999545e+01
9.527833333333333599e+01
9.013166666666666060e+01
9.535500000000000398e+01
9.014166666666666572e+01
9.523166666666666913e+01
9.013166666666666060e+01
9.535666666666666913e+01
9.012999999999999545e+01
9.528666666666666174e+01
9.013166666666666060e+01
9.536166666666666458e+01
9.014499999999999602e+01
9.525166666666666515e+01
9.013166666666666060e+01
9.535166666666665947e+01
9.012666666666666515e+01
9.529999999999999716e+01
9.013333333333332575e+01
9.533666666666667311e+01
9.012666666666666515e+01
9.525333333333333030e+01
9.013500000000000512e+01
9.533333333333332860e+01
9.012666666666666515e+01
9.526999999999999602e+01
9.013833333333333542e+01
9.534499999999999886e+01
9.015000000000000568e+01
9.525333333333333030e+01
9.013833333333333542e+01
9.533333333333332860e+01
9.012833333333333030e+01
9.532833333333333314e+01
9.013833333333333542e+01
9.531499999999999773e+01
9.012999999999999545e+01
9.535333333333333883e+01
9.017666666666666231e+01
9.531833333333332803e+01
9.016333333333332689e+01
9.528499999999999659e+01
9.014499999999999602e+01
9.537166666666666970e+01
9.013500000000000512e+01
9.526999999999999602e+01
9.012999999999999545e+01
9.529000000000000625e+01
9.013833333333333542e+01
9.529999999999999716e+01
9.012999999999999545e+01
9.527500000000000568e+01
9.012500000000000000e+01
9.534833333333332916e+01
9.017499999999999716e+01
9.525833333333332575e+01
9.015999999999999659e+01
9.527500000000000568e+01
9.014666666666666117e+01
9.534000000000000341e+01
9.013333333333332575e+01
9.530333333333332746e+01
9.012833333333333030e+01
9.534499999999999886e+01
9.015500000000000114e+01
9.525000000000000000e+01
9.014499999999999602e+01
9.526500000000000057e+01
9.013333333333332575e+01
9.533166666666666345e+01
9.014666666666666117e+01
9.523666666666666458e+01
9.013166666666666060e+01
9.527500000000000568e+01
9.012666666666666515e+01
9.527666666666667084e+01
9.013333333333332575e+01
9.535666666666666913e+01
9.014833333333334053e+01
9.525333333333333030e+01
9.013666666666667027e+01
9.527833333333333599e+01
9.012666666666666515e+01
9.527833333333333599e+01
9.013833333333333542e+01
9.531499999999999773e+01
9.015000000000000568e+01
9.528166666666666629e+01
9.013833333333333542e+01
9.526833333333333087e+01
9.012666666666666515e+01
9.534833333333332916e+01
9.017499999999999716e+01
9.525833333333332575e+01
9.016333333333332689e+01
9.527500000000000568e+01
9.014666666666666117e+01
9.528000000000000114e+01
9.013666666666667027e+01
9.525499999999999545e+01
9.012833333333333030e+01
9.529666666666666686e+01
9.013833333333333542e+01
9.527666666666667084e+01
9.012833333333333030e+01
9.529500000000000171e+01
9.014000000000000057e+01
9.521333333333333826e+01
9.012833333333333030e+01
9.530333333333332746e+01
9.015666666666666629e+01
9.529000000000000625e+01
9.014666666666666117e+01
9.528166666666666629e+01
9.014000000000000057e+01
9.525000000000000000e+01
9.012500000000000000e+01
9.534166666666666856e+01
9.017000000000000171e+01
9.524500000000000455e+01
9.015666666666666629e+01
9.526333333333333542e+01
9.014166666666666572e+01
9.531666666666666288e+01
9.013500000000000512e+01
9.529333333333333655e+01
9.012999999999999545e+01
9.527166666666666117e+01
9.013500000000000512e+01
9.535333333333333883e+01
9.014666666666666117e+01
9.525333333333333030e+01
9.013833333333333542e+01
9.528000000000000114e+01
9.012833333333333030e+01
9.527500000000000568e+01
9.013833333333333542e+01
9.534666666666666401e+01
9.014833333333334053e+01
9.524500000000000455e+01
9.014000000000000057e+01
9.528499999999999659e+01
9.012999999999999545e+01
9.529333333333333655e+01
9.015833333333333144e+01
9.527666666666667084e+01
9.014833333333334053e+01
9.530166666666666231e+01
9.014000000000000057e+01
9.527166666666666117e+01
9.012833333333333030e+01
9.526333333333333542e+01
9.014166666666666572e+01
9.532166666666667254e+01
9.015000000000000568e+01
9.524833333333333485e+01
9.014166666666666572e+01
9.527833333333333599e+01
9.012666666666666515e+01
9.528333333333333144e+01
9.017333333333333201e+01
9.529000000000000625e+01
9.015833333333333144e+01
9.528499999999999659e+01
9.014499999999999602e+01
9.527500000000000568e+01
9.013666666666667027e+01
9.525333333333333030e+01
9.012833333333333030e+01
9.532333333333333769e+01
9.015666666666666629e+01
9.524333333333333940e+01
9.014499999999999602e+01
9.526333333333333542e+01
9.013666666666667027e+01
9.525833333333332575e+01
9.014666666666666117e+01
9.529166666666667140e+01
9.013833333333333542e+01
9.530500000000000682e+01
9.014833333333334053e+01
9.522666666666665947e+01
9.013833333333333542e+01
9.525333333333333030e+01
9.012833333333333030e+01
9.530500000000000682e+01
9.020833333333332860e+01
9.528000000000000114e+01
9.019166666666666288e+01
9.526166666666667027e+01
9.017666666666666231e+01
9.533666666666667311e+01
9.016333333333332689e+01
9.525666666666666060e+01
9.014666666666666117e+01
9.527166666666666117e+01
9.013666666666667027e+01
9.527833333333333599e+01
9.012833333333333030e+01
9.526333333333333542e+01
9.013666666666667027e+01
9.532333333333333769e+01
9.015000000000000568e+01
9.524666666666666970e+01
9.014000000000000057e+01
9.527500000000000568e+01
9.012833333333333030e+01
9.528499999999999659e+01
9.015999999999999659e+01
9.529333333333333655e+01
9.014833333333334053e+01
9.528000000000000114e+01
9.013833333333333542e+01
9.529833333333333201e+01
9.014833333333334053e+01
9.521666666666666856e+01
9.014000000000000057e+01
9.530500000000000682e+01
9.014833333333334053e+01
9.528833333333332689e+01
9.014333333333333087e+01
9.526833333333333087e+01
9.012666666666666515e+01
9.534333333333333371e+01
9.019833333333333769e+01
9.525000000000000000e+01
9.018666666666666742e+01
9.527166666666666117e+01
9.017166666666666686e+01
9.527333333333334053e+01
9.015500000000000114e+01
9.525666666666666060e+01
9.014499999999999602e+01
9.529666666666666686e+01
9.013166666666666060e+01
9.531499999999999773e+01
9.014666666666666117e+01
9.522833333333333883e+01
9.013166666666666060e+01
9.526000000000000512e+01
9.012500000000000000e+01
9.530666666666667197e+01
9.015333333333333599e+01
9.527500000000000568e+01
9.014333333333333087e+01
9.526166666666667027e+01
9.013500000000000512e+01
9.524500000000000455e+01
9.014499999999999602e+01
9.531666666666666288e+01
9.015666666666666629e+01
9.523499999999999943e+01
9.014499999999999602e+01
9.527166666666666117e+01
9.013500000000000512e+01
9.526333333333333542e+01
9.014499999999999602e+01
9.528499999999999659e+01
9.013500000000000512e+01
9.530333333333332746e+01
9.018166666666667197e+01
9.522499999999999432e+01
9.017000000000000171e+01
9.529166666666667140e+01
9.015166666666667084e+01
9.528499999999999659e+01
9.014333333333333087e+01
9.528333333333333144e+01
9.012999999999999545e+01
9.526166666666667027e+01
9.014499999999999602e+01
9.529000000000000625e+01
9.013166666666666060e+01
9.527333333333334053e+01
9.012666666666666515e+01
9.530333333333332746e+01
9.017499999999999716e+01
9.527166666666666117e+01
9.016499999999999204e+01
9.529833333333333201e+01
9.015000000000000568e+01
9.527333333333334053e+01
9.013500000000000512e+01
9.530833333333333712e+01
9.012833333333333030e+01
9.523000000000000398e+01
9.012833333333333030e+01
9.531000000000000227e+01
9.015000000000000568e+01
9.528833333333332689e+01
9.013666666666667027e+01
9.531166666666666742e+01
9.015166666666667084e+01
9.523166666666666913e+01
9.013666666666667027e+01
9.525666666666666060e+01
9.012999999999999545e+01
9.531166666666666742e+01
9.015666666666666629e+01
9.526666666666666572e+01
9.015000000000000568e+01
9.525833333333332575e+01
9.013833333333333542e+01
9.533333333333332860e+01
9.014833333333334053e+01
9.525499999999999545e+01
9.013833333333333542e+01
9.528000000000000114e+01
9.012833333333333030e+01
9.527333333333334053e+01
9.015500000000000114e+01
9.528666666666666174e+01
9.015000000000000568e+01
9.526999999999999602e+01
9.013666666666667027e+01
9.526833333333333087e+01
9.015000000000000568e+01
9.529500000000000171e+01
9.015666666666666629e+01
9.521833333333333371e+01
9.014833333333334053e+01
9.528833333333332689e+01
9.014000000000000057e+01
9.527333333333334053e+01
9.014833333333334053e+01
9.527666666666667084e+01
9.014333333333333087e+01
9.524166666666667425e+01
9.014833333333334053e+01
9.528333333333333144e+01
9.014166666666666572e+01
9.526000000000000512e+01
9.014833333333334053e+01
9.537666666666666515e+01
9.017833333333334167e+01
9.524166666666667425e+01
9.016499999999999204e+01
9.530666666666667197e+01
9.014833333333334053e+01
9.529833333333333201e+01
9.014000000000000057e+01
9.529999999999999716e+01
9.015166666666667084e+01
9.531666666666666288e+01
9.014000000000000057e+01
9.529500000000000171e+01
9.012833333333333030e+01
9.531833333333332803e+01
9.016333333333332689e+01
9.523000000000000398e+01
9.014833333333334053e+01
9.531000000000000227e+01
9.013833333333333542e+01
9.528666666666666174e+01
9.012666666666666515e+01
9.532833333333333314e+01
9.017333333333333201e+01
9.528499999999999659e+01
9.015666666666666629e+01
9.530833333333333712e+01
9.014499999999999602e+01
9.531166666666666742e+01
9.013666666666667027e+01
9.523000000000000398e+01
9.012999999999999545e+01
9.535333333333333883e+01
9.015166666666667084e+01
9.527333333333334053e+01
9.014666666666666117e+01
9.529666666666666686e+01
9.013500000000000512e+01
9.528833333333332689e+01
9.014666666666666117e+01
9.521166666666667311e+01
9.013833333333333542e+01
9.529999999999999716e+01
9.014666666666666117e+01
9.528666666666666174e+01
9.013666666666667027e+01
9.530333333333332746e+01
9.014833333333334053e+01
9.521999999999999886e+01
9.014000000000000057e+01
9.531499999999999773e+01
9.014833333333334053e+01
9.529833333333333201e+01
9.014166666666666572e+01
9.531999999999999318e+01
9.015000000000000568e+01
9.522666666666665947e+01
9.014166666666666572e+01
9.529500000000000171e+01
9.015000000000000568e+01
9.529333333333333655e+01
9.014166666666666572e+01
9.527500000000000568e+01
9.015166666666667084e+01
9.531166666666666742e+01
9.014166666666666572e+01
9.528333333333333144e+01
9.013166666666666060e+01
9.531000000000000227e+01
9.017666666666666231e+01
9.522333333333332916e+01
9.016333333333332689e+01
9.529500000000000171e+01
9.014666666666666117e+01
9.530333333333332746e+01
9.014000000000000057e+01
9.527166666666666117e+01
9.013166666666666060e+01
9.531166666666666742e+01
9.015999999999999659e+01
9.521166666666667311e+01
9.015000000000000568e+01
9.528833333333332689e+01
9.013833333333333542e+01
9.529166666666667140e+01
9.014666666666666117e+01
9.525666666666666060e+01
9.014166666666666572e+01
9.529500000000000171e+01
9.014666666666666117e+01
9.530833333333333712e+01
9.014166666666666572e+01
9.522499999999999432e+01
9.012999999999999545e+01
9.527166666666666117e+01
9.014166666666666572e+01
9.531000000000000227e+01
9.018666666666666742e+01
9.528000000000000114e+01
9.017166666666666686e+01
9.525833333333332575e+01
9.015999999999999659e+01
9.532833333333333314e+01
9.014666666666666117e+01
9.524333333333333940e+01
9.013666666666667027e+01
9.527500000000000568e+01
9.012833333333333030e+01
9.526999999999999602e+01
9.015500000000000114e+01
9.524500000000000455e+01
9.014499999999999602e+01
9.529333333333333655e+01
9.013833333333333542e+01
9.525833333333332575e+01
9.014666666666666117e+01
9.530333333333332746e+01
9.015999999999999659e+01
9.521166666666667311e+01
9.014833333333334053e+01
9.528666666666666174e+01
9.013833333333333542e+01
9.526500000000000057e+01
9.014833333333334053e+01
9.526833333333333087e+01
9.014000000000000057e+01
9.532666666666666799e+01
9.018666666666666742e+01
9.524833333333333485e+01
9.017166666666666686e+01
9.526166666666667027e+01
9.015666666666666629e+01
9.526999999999999602e+01
9.014333333333333087e+01
9.524666666666666970e+01
9.013500000000000512e+01
9.527833333333333599e+01
9.012999999999999545e+01
9.530166666666666231e+01
9.016166666666666174e+01
9.521833333333333371e+01
9.015166666666667084e+01
9.529333333333333655e+01
9.014333333333333087e+01
9.528833333333332689e+01
9.015166666666667084e+01
9.526666666666666572e+01
9.014333333333333087e+01
9.526500000000000057e+01
9.013333333333332575e+01
9.524500000000000455e+01
9.014666666666666117e+01
9.530833333333333712e+01
9.015333333333333599e+01
9.522833333333333883e+01
9.014666666666666117e+01
9.527333333333334053e+01
9.012999999999999545e+01
9.531166666666666742e+01
9.017499999999999716e+01
9.528333333333333144e+01
9.016333333333332689e+01
9.529833333333333201e+01
9.015000000000000568e+01
9.522499999999999432e+01
9.014000000000000057e+01
9.529833333333333201e+01
9.012999999999999545e+01
9.528000000000000114e+01
9.014166666666666572e+01
9.528333333333333144e+01
9.012833333333333030e+01
9.525000000000000000e+01
9.014166666666666572e+01
9.529666666666666686e+01
9.013166666666666060e+01
9.527666666666667084e+01
9.014333333333333087e+01
9.534666666666666401e+01
9.015333333333333599e+01
9.521166666666667311e+01
9.014499999999999602e+01
9.527500000000000568e+01
9.013333333333332575e+01
9.531000000000000227e+01
9.014499999999999602e+01
9.533166666666666345e+01
9.015833333333333144e+01
9.520999999999999375e+01
9.014666666666666117e+01
9.532333333333333769e+01
9.015999999999999659e+01
9.526333333333333542e+01
9.014833333333334053e+01
9.529500000000000171e+01
9.013666666666667027e+01
9.532666666666666799e+01
9.018333333333333712e+01
9.528166666666666629e+01
9.017000000000000171e+01
9.530666666666667197e+01
9.015833333333333144e+01
9.530500000000000682e+01
9.014333333333333087e+01
9.522833333333333883e+01
9.013333333333332575e+01
9.535166666666665947e+01
9.016833333333333655e+01
9.523166666666666913e+01
9.015000000000000568e+01
9.527500000000000568e+01
9.014333333333333087e+01
9.529000000000000625e+01
9.013166666666666060e+01
9.532833333333333314e+01
9.014333333333333087e+01
9.529833333333333201e+01
9.013333333333332575e+01
9.529000000000000625e+01
9.014333333333333087e+01
9.526000000000000512e+01
9.013500000000000512e+01
9.531333333333333258e+01
9.016833333333333655e+01
9.528000000000000114e+01
9.015166666666667084e+01
9.529666666666666686e+01
9.014499999999999602e+01
9.521500000000000341e+01
9.013500000000000512e+01
9.530166666666666231e+01
9.014499999999999602e+01
9.528499999999999659e+01
9.013500000000000512e+01
9.527833333333333599e+01
9.018000000000000682e+01
9.529166666666667140e+01
9.016333333333332689e+01
9.527666666666667084e+01
9.015000000000000568e+01
9.530500000000000682e+01
9.014166666666666572e+01
