3.407666666666666799e+01
4.119666666666667254e+01
4.829333333333332945e+01
5.456833333333333513e+01
6.000666666666666771e+01
6.474833333333333485e+01
6.876500000000000057e+01
7.193500000000000227e+01
7.450999999999999091e+01
7.646500000000000341e+01
7.799833333333333485e+01
7.927666666666667084e+01
8.020666666666666345e+01
8.092166666666666686e+01
8.154999999999999716e+01
8.201166666666667027e+01
8.243333333333333712e+01
8.277333333333334053e+01
8.308333333333334281e+01
8.338833333333333542e+01
8.362999999999999545e+01
8.385333333333332462e+01
8.407833333333333314e+01
8.423166666666666913e+01
8.439499999999999602e+01
8.456499999999999773e+01
8.473000000000000398e+01
8.487666666666666515e+01
8.499666666666666970e+01
8.516499999999999204e+01
8.529666666666666686e+01
8.548499999999999943e+01
8.562166666666666970e+01
8.577666666666667084e+01
8.592666666666666231e+01
8.608333333333332860e+01
8.620499999999999829e+01
8.636166666666666458e+01
8.650166666666666515e+01
8.665666666666666629e+01
8.678833333333332689e+01
8.695499999999999829e+01
8.710666666666666913e+01
8.723000000000000398e+01
8.737500000000000000e+01
8.751999999999999602e+01
8.765666666666666629e+01
8.780500000000000682e+01
8.794166666666666288e+01
8.807333333333333769e+01
8.823833333333332973e+01
8.837833333333333030e+01
8.851333333333333542e+01
8.865666666666666629e+01
8.879666666666666686e+01
8.890999999999999659e+01
8.903833333333332689e+01
8.918333333333333712e+01
8.929166666666667140e+01
8.945166666666666799e+01
8.956833333333332803e+01
8.968666666666666742e+01
8.977666666666667084e+01
8.990166666666667084e+01
9.002333333333334053e+01
9.012166666666666970e+01
9.028000000000000114e+01
9.041166666666666174e+01
9.054999999999999716e+01
9.065333333333333599e+01
9.079333333333333655e+01
9.090833333333333144e+01
9.101500000000000057e+01
9.110500000000000398e+01
9.121333333333333826e+01
9.131499999999999773e+01
9.143000000000000682e+01
9.153333333333333144e+01
9.163166666666666060e+01
9.172333333333332916e+01
9.180333333333334167e+01
9.189166666666666572e+01
9.196999999999999886e+01
9.204999999999999716e+01
9.214166666666666572e+01
9.221833333333333371e+01
9.230333333333332746e+01
9.240500000000000114e+01
9.250666666666666060e+01
9.261333333333332973e+01
9.269833333333333769e+01
9.278166666666666629e+01
9.285999999999999943e+01
9.291833333333333655e+01
9.298833333333332973e+01
9.304833333333333201e+01
9.310666666666666913e+01
9.317499999999999716e+01
9.325166666666666515e+01
9.332333333333333769e+01
9.338500000000000512e+01
9.345000000000000284e+01
9.351833333333333087e+01
9.357666666666666799e+01
9.364000000000000057e+01
9.369166666666666288e+01
9.373833333333332973e+01
9.378000000000000114e+01
9.382333333333333769e+01
9.388333333333332575e+01
9.391500000000000625e+01
9.396166666666667311e+01
9.401500000000000057e+01
9.406833333333332803e+01
9.409999999999999432e+01
9.414499999999999602e+01
9.420000000000000284e+01
9.423166666666666913e+01
9.427500000000000568e+01
9.432333333333333769e+01
9.437500000000000000e+01
9.441666666666667140e+01
9.447333333333332916e+01
9.451666666666666572e+01
9.456499999999999773e+01
9.461499999999999488e+01
9.466833333333333655e+01
9.471999999999999886e+01
9.476166666666667027e+01
9.479666666666666686e+01
9.484833333333332916e+01
9.489166666666666572e+01
9.493999999999999773e+01
9.497499999999999432e+01
9.501500000000000057e+01
9.504999999999999716e+01
9.507999999999999829e+01
9.512333333333333485e+01
9.515666666666666629e+01
9.517833333333332746e+01
9.520999999999999375e+01
9.524166666666667425e+01
9.527166666666666117e+01
9.531666666666666288e+01
9.535333333333333883e+01
9.537999999999999545e+01
9.540833333333333144e+01
9.542666666666666231e+01
9.545499999999999829e+01
9.549833333333333485e+01
9.553666666666666174e+01
9.556999999999999318e+01
9.560999999999999943e+01
9.564833333333334053e+01
9.567000000000000171e+01
9.570166666666666799e+01
9.572666666666665947e+01
9.576333333333333542e+01
9.579500000000000171e+01
9.582333333333333769e+01
9.585333333333333883e+01
9.587333333333333485e+01
9.590333333333333599e+01
9.593166666666667197e+01
9.595166666666666799e+01
9.597333333333332916e+01
9.599833333333333485e+01
9.603333333333333144e+01
9.605500000000000682e+01
9.607500000000000284e+01
9.609999999999999432e+01
9.612000000000000455e+01
9.614666666666666117e+01
9.616166666666666174e+01
9.619333333333332803e+01
9.621999999999999886e+01
9.624333333333333940e+01
9.626833333333333087e+01
9.628833333333332689e+01
9.630166666666666231e+01
9.632666666666666799e+01
9.634000000000000341e+01
9.635666666666666913e+01
9.638166666666666060e+01
9.640000000000000568e+01
9.643000000000000682e+01
9.645999999999999375e+01
9.647666666666667368e+01
9.650833333333333997e+01
9.652166666666666117e+01
9.653833333333332689e+01
9.656833333333332803e+01
9.657999999999999829e+01
9.660166666666667368e+01
9.662333333333333485e+01
9.663666666666667027e+01
9.665000000000000568e+01
9.665999999999999659e+01
9.668333333333333712e+01
9.669833333333333769e+01
9.671500000000000341e+01
9.673333333333333428e+01
9.675000000000000000e+01
9.676500000000000057e+01
9.677333333333334053e+01
9.679999999999999716e+01
9.681999999999999318e+01
9.682999999999999829e+01
9.684166666666666856e+01
9.687000000000000455e+01
9.687999999999999545e+01
9.689666666666666117e+01
9.690999999999999659e+01
9.693500000000000227e+01
9.695000000000000284e+01
9.698166666666666913e+01
9.698166666666666913e+01
9.700333333333333030e+01
9.701333333333333542e+01
9.703666666666666174e+01
9.704666666666666686e+01
9.706666666666666288e+01
9.707833333333333314e+01
9.709166666666666856e+01
9.710166666666665947e+01
9.712666666666666515e+01
9.713166666666666060e+01
9.713833333333333542e+01
9.714833333333334053e+01
9.716333333333332689e+01
9.717166666666666686e+01
9.718333333333333712e+01
9.718833333333333258e+01
9.720666666666666345e+01
9.721833333333333371e+01
9.724166666666666003e+01
9.725833333333333997e+01
9.727166666666666117e+01
9.727666666666667084e+01
9.728333333333333144e+01
9.728833333333332689e+01
9.730333333333332746e+01
9.731166666666666742e+01
9.733166666666666345e+01
9.734166666666666856e+01
9.735500000000000398e+01
9.737333333333333485e+01
9.738333333333333997e+01
9.739333333333333087e+01
9.740500000000000114e+01
9.742166666666666686e+01
9.743000000000000682e+01
9.744833333333333769e+01
9.745666666666666345e+01
9.747833333333333883e+01
9.747833333333333883e+01
9.749166666666666003e+01
9.749666666666666970e+01
9.750000000000000000e+01
9.750666666666666060e+01
9.750666666666666060e+01
9.751999999999999602e+01
9.752666666666667084e+01
9.752833333333333599e+01
9.754999999999999716e+01
9.755666666666667197e+01
9.756666666666666288e+01
9.757333333333333769e+01
9.757999999999999829e+01
9.759000000000000341e+01
9.759999999999999432e+01
9.760333333333333883e+01
9.761666666666666003e+01
9.762500000000000000e+01
9.763166666666666060e+01
9.763333333333333997e+01
9.765000000000000568e+01
9.765666666666666629e+01
9.766833333333333655e+01
9.768333333333333712e+01
9.769499999999999318e+01
9.769666666666667254e+01
9.771333333333333826e+01
9.772833333333333883e+01
9.773000000000000398e+01
9.774166666666666003e+01
9.774500000000000455e+01
9.775000000000000000e+01
9.776500000000000057e+01
9.776999999999999602e+01
9.778000000000000114e+01
9.778833333333332689e+01
9.780333333333332746e+01
9.781166666666666742e+01
9.781999999999999318e+01
9.782999999999999829e+01
9.784166666666666856e+01
9.784333333333333371e+01
9.784833333333332916e+01
9.785333333333333883e+01
9.785833333333333428e+01
9.786666666666666003e+01
9.787500000000000000e+01
9.788166666666666060e+01
9.789499999999999602e+01
9.789666666666666117e+01
9.790000000000000568e+01
9.790500000000000114e+01
9.790666666666666629e+01
9.791333333333332689e+01
9.792000000000000171e+01
9.792333333333333201e+01
9.792666666666666231e+01
9.793833333333333258e+01
9.793833333333333258e+01
9.794666666666667254e+01
9.794833333333333769e+01
9.795833333333332860e+01
9.796333333333333826e+01
9.796833333333333371e+01
9.796999999999999886e+01
9.797166666666666401e+01
9.797833333333333883e+01
9.798000000000000398e+01
9.798333333333333428e+01
9.798999999999999488e+01
9.798833333333332973e+01
9.799500000000000455e+01
9.799500000000000455e+01
9.800499999999999545e+01
9.800666666666666060e+01
9.801166666666667027e+01
9.801666666666666572e+01
9.802166666666666117e+01
9.802666666666667084e+01
9.802833333333333599e+01
9.803499999999999659e+01
9.804500000000000171e+01
9.804333333333333655e+01
9.805333333333332746e+01
9.804999999999999716e+01
9.805833333333333712e+01
9.805833333333333712e+01
9.806166666666666742e+01
9.807333333333333769e+01
9.807500000000000284e+01
9.808499999999999375e+01
9.808833333333333826e+01
9.808833333333333826e+01
9.808833333333333826e+01
9.809333333333333371e+01
9.809833333333332916e+01
9.810666666666666913e+01
9.810999999999999943e+01
9.811833333333333940e+01
9.811833333333333940e+01
9.813166666666666060e+01
9.812500000000000000e+01
9.813500000000000512e+01
9.813666666666667027e+01
9.814833333333332632e+01
9.814000000000000057e+01
9.815666666666666629e+01
9.815833333333333144e+01
9.816333333333332689e+01
9.816666666666667140e+01
9.817000000000000171e+01
9.817499999999999716e+01
9.817833333333332746e+01
9.818333333333333712e+01
9.819166666666666288e+01
9.819499999999999318e+01
9.820499999999999829e+01
9.821500000000000341e+01
9.821666666666666856e+01
9.822333333333332916e+01
9.822166666666666401e+01
9.823000000000000398e+01
9.823333333333333428e+01
9.824166666666666003e+01
9.824833333333333485e+01
9.824833333333333485e+01
9.825666666666666060e+01
9.827166666666666117e+01
9.826999999999999602e+01
9.827166666666666117e+01
9.827666666666667084e+01
9.828666666666666174e+01
9.828000000000000114e+01
9.829000000000000625e+01
9.829000000000000625e+01
9.829500000000000171e+01
9.829833333333333201e+01
9.829666666666666686e+01
9.830166666666666231e+01
9.830333333333332746e+01
9.831499999999999773e+01
9.831000000000000227e+01
9.831666666666666288e+01
9.831333333333333258e+01
9.831833333333332803e+01
9.831666666666666288e+01
9.831999999999999318e+01
9.832166666666667254e+01
9.832999999999999829e+01
9.832999999999999829e+01
9.834000000000000341e+01
9.834000000000000341e+01
9.834499999999999886e+01
9.835833333333333428e+01
9.836333333333332973e+01
9.836666666666666003e+01
9.837500000000000000e+01
9.837333333333333485e+01
9.837666666666666515e+01
9.838166666666666060e+01
9.838666666666667027e+01
9.838666666666667027e+01
9.839000000000000057e+01
9.840000000000000568e+01
9.840166666666667084e+01
9.840833333333333144e+01
9.840666666666666629e+01
9.841666666666667140e+01
9.841666666666667140e+01
9.842499999999999716e+01
9.843000000000000682e+01
9.843333333333333712e+01
9.843999999999999773e+01
9.843999999999999773e+01
9.843999999999999773e+01
9.843999999999999773e+01
9.844499999999999318e+01
9.845166666666666799e+01
9.845666666666666345e+01
9.845999999999999375e+01
9.845833333333332860e+01
9.846833333333333371e+01
9.846666666666666856e+01
9.846999999999999886e+01
9.846666666666666856e+01
9.847333333333332916e+01
9.847333333333332916e+01
9.848166666666666913e+01
9.848166666666666913e+01
9.848666666666666458e+01
9.848833333333332973e+01
9.849166666666666003e+01
9.849666666666666970e+01
9.849833333333333485e+01
9.849833333333333485e+01
9.850333333333333030e+01
9.850333333333333030e+01
9.850499999999999545e+01
9.850499999999999545e+01
9.851000000000000512e+01
9.850666666666666060e+01
9.851166666666667027e+01
9.851500000000000057e+01
9.851666666666666572e+01
9.851999999999999602e+01
9.851833333333333087e+01
9.852166666666666117e+01
9.852333333333332632e+01
9.852333333333332632e+01
9.852500000000000568e+01
9.853000000000000114e+01
9.853166666666666629e+01
9.853166666666666629e+01
9.854333333333333655e+01
9.853666666666666174e+01
9.854500000000000171e+01
9.854000000000000625e+01
9.854666666666666686e+01
9.854500000000000171e+01
9.854999999999999716e+01
9.854500000000000171e+01
9.855666666666667197e+01
9.854833333333333201e+01
9.855333333333332746e+01
9.855333333333332746e+01
9.855833333333333712e+01
9.855666666666667197e+01
9.856000000000000227e+01
9.856333333333333258e+01
9.856000000000000227e+01
9.856333333333333258e+01
9.856499999999999773e+01
9.856499999999999773e+01
9.856999999999999318e+01
9.857166666666667254e+01
9.857166666666667254e+01
9.857166666666667254e+01
9.857166666666667254e+01
9.856833333333332803e+01
9.857500000000000284e+01
9.856999999999999318e+01
9.857999999999999829e+01
9.856833333333332803e+01
9.858499999999999375e+01
9.857833333333333314e+01
9.858666666666667311e+01
9.858166666666666345e+01
9.858833333333333826e+01
9.858833333333333826e+01
9.859000000000000341e+01
9.859000000000000341e+01
9.859000000000000341e+01
9.859166666666666856e+01
9.859333333333333371e+01
9.859499999999999886e+01
9.859666666666666401e+01
9.859833333333332916e+01
9.859999999999999432e+01
9.860333333333333883e+01
9.860333333333333883e+01
9.860500000000000398e+01
9.860666666666666913e+01
9.860666666666666913e+01
9.860833333333333428e+01
9.860666666666666913e+01
9.860833333333333428e+01
9.861166666666666458e+01
9.861166666666666458e+01
9.861166666666666458e+01
9.861833333333333940e+01
9.861666666666666003e+01
9.861833333333333940e+01
9.861833333333333940e+01
9.861833333333333940e+01
9.862333333333333485e+01
9.862166666666666970e+01
9.862999999999999545e+01
9.862500000000000000e+01
9.863166666666666060e+01
9.862999999999999545e+01
9.863166666666666060e+01
9.863333333333333997e+01
9.863333333333333997e+01
9.863166666666666060e+01
9.863500000000000512e+01
9.863500000000000512e+01
9.863333333333333997e+01
9.863666666666667027e+01
9.863833333333333542e+01
9.864000000000000057e+01
9.863833333333333542e+01
9.864166666666666572e+01
9.863666666666667027e+01
9.864333333333333087e+01
9.864166666666666572e+01
9.864499999999999602e+01
9.864833333333334053e+01
9.865166666666667084e+01
9.865333333333333599e+01
9.865333333333333599e+01
9.865666666666666629e+01
9.865666666666666629e+01
9.865833333333333144e+01
9.866166666666666174e+01
9.866500000000000625e+01
9.866333333333332689e+01
9.866666666666667140e+01
9.866166666666666174e+01
9.866666666666667140e+01
9.866833333333333655e+01
9.866833333333333655e+01
9.866666666666667140e+01
9.866833333333333655e+01
9.866833333333333655e+01
9.866833333333333655e+01
9.866666666666667140e+01
9.867000000000000171e+01
9.867166666666666686e+01
9.867166666666666686e+01
9.867833333333332746e+01
9.867166666666666686e+01
9.867333333333333201e+01
9.867166666666666686e+01
9.867833333333332746e+01
9.867499999999999716e+01
9.868166666666667197e+01
9.867833333333332746e+01
9.868166666666667197e+01
9.868166666666667197e+01
9.868333333333333712e+01
9.868166666666667197e+01
9.868666666666666742e+01
9.868000000000000682e+01
9.868666666666666742e+01
9.868833333333333258e+01
9.868666666666666742e+01
9.868666666666666742e+01
9.868833333333333258e+01
9.868833333333333258e+01
9.868999999999999773e+01
9.869166666666666288e+01
9.869166666666666288e+01
9.869499999999999318e+01
9.869499999999999318e+01
9.870499999999999829e+01
9.869499999999999318e+01
9.870666666666666345e+01
9.870166666666666799e+01
9.871333333333333826e+01
9.870499999999999829e+01
9.871500000000000341e+01
9.870999999999999375e+01
9.871833333333333371e+01
9.871166666666667311e+01
9.871666666666666856e+01
9.871666666666666856e+01
9.871833333333333371e+01
9.871833333333333371e+01
9.871999999999999886e+01
9.872166666666666401e+01
9.872166666666666401e+01
9.872166666666666401e+01
9.871999999999999886e+01
9.872166666666666401e+01
9.872166666666666401e+01
9.872333333333332916e+01
9.872499999999999432e+01
9.872333333333332916e+01
9.873000000000000398e+01
9.872333333333332916e+01
9.872833333333333883e+01
9.872333333333332916e+01
9.872833333333333883e+01
9.872333333333332916e+01
9.872833333333333883e+01
9.872499999999999432e+01
9.872833333333333883e+01
9.873000000000000398e+01
9.873000000000000398e+01
9.873333333333333428e+01
9.873166666666666913e+01
9.873333333333333428e+01
9.873166666666666913e+01
9.873333333333333428e+01
9.873333333333333428e+01
9.873499999999999943e+01
9.873333333333333428e+01
9.873499999999999943e+01
9.872833333333333883e+01
9.873666666666666458e+01
9.873166666666666913e+01
9.873666666666666458e+01
9.873166666666666913e+01
9.873333333333333428e+01
9.873333333333333428e+01
9.874166666666666003e+01
9.873499999999999943e+01
9.874333333333333940e+01
9.873833333333332973e+01
9.874333333333333940e+01
9.873833333333332973e+01
9.874166666666666003e+01
9.874333333333333940e+01
9.874333333333333940e+01
9.874500000000000455e+01
9.875000000000000000e+01
9.875000000000000000e+01
9.875833333333333997e+01
9.875166666666666515e+01
9.876000000000000512e+01
9.875166666666666515e+01
9.876166666666667027e+01
9.875333333333333030e+01
9.876333333333333542e+01
9.875666666666666060e+01
9.876333333333333542e+01
9.875499999999999545e+01
9.876333333333333542e+01
9.875166666666666515e+01
9.876000000000000512e+01
9.875666666666666060e+01
9.876166666666667027e+01
9.876000000000000512e+01
9.876166666666667027e+01
9.876166666666667027e+01
9.876166666666667027e+01
9.876166666666667027e+01
9.876333333333333542e+01
9.876333333333333542e+01
9.876500000000000057e+01
9.876166666666667027e+01
9.876500000000000057e+01
9.876166666666667027e+01
9.876333333333333542e+01
9.876166666666667027e+01
9.876666666666666572e+01
9.876000000000000512e+01
9.876999999999999602e+01
9.876500000000000057e+01
9.877333333333332632e+01
9.876500000000000057e+01
9.877333333333332632e+01
9.877333333333332632e+01
9.877500000000000568e+01
9.877166666666666117e+01
9.877500000000000568e+01
9.877333333333332632e+01
9.877333333333332632e+01
9.877166666666666117e+01
9.877333333333332632e+01
9.877166666666666117e+01
9.877833333333333599e+01
9.877333333333332632e+01
9.877833333333333599e+01
9.877666666666667084e+01
9.878333333333333144e+01
9.878000000000000114e+01
9.878499999999999659e+01
9.877666666666667084e+01
9.878333333333333144e+01
9.878000000000000114e+01
9.878499999999999659e+01
9.878000000000000114e+01
9.878499999999999659e+01
9.878000000000000114e+01
9.878666666666666174e+01
9.878499999999999659e+01
9.879166666666667140e+01
9.878833333333332689e+01
9.879166666666667140e+01
9.879000000000000625e+01
9.879166666666667140e+01
9.879333333333333655e+01
9.879333333333333655e+01
9.879500000000000171e+01
9.879833333333333201e+01
9.879833333333333201e+01
9.880333333333332746e+01
9.880166666666666231e+01
9.880500000000000682e+01
9.879833333333333201e+01
9.880333333333332746e+01
9.879666666666666686e+01
9.880500000000000682e+01
9.879833333333333201e+01
9.880500000000000682e+01
9.879833333333333201e+01
9.880333333333332746e+01
9.879500000000000171e+01
9.880666666666667197e+01
9.879833333333333201e+01
9.880833333333333712e+01
9.880166666666666231e+01
9.881000000000000227e+01
9.880166666666666231e+01
9.881000000000000227e+01
9.880666666666667197e+01
9.880833333333333712e+01
9.881000000000000227e+01
9.880833333333333712e+01
9.881000000000000227e+01
9.880833333333333712e+01
9.880833333333333712e+01
9.881166666666666742e+01
9.881166666666666742e+01
9.881333333333333258e+01
9.881333333333333258e+01
9.881333333333333258e+01
9.881000000000000227e+01
9.881333333333333258e+01
9.881333333333333258e+01
9.881333333333333258e+01
9.881000000000000227e+01
9.881166666666666742e+01
9.881499999999999773e+01
9.881333333333333258e+01
9.881666666666666288e+01
9.881166666666666742e+01
9.881833333333332803e+01
9.881499999999999773e+01
9.881833333333332803e+01
9.881499999999999773e+01
9.881833333333332803e+01
9.881499999999999773e+01
9.881666666666666288e+01
9.881999999999999318e+01
9.881999999999999318e+01
9.881999999999999318e+01
9.881999999999999318e+01
9.882166666666667254e+01
9.882333333333333769e+01
9.882166666666667254e+01
9.882333333333333769e+01
9.882333333333333769e+01
9.882333333333333769e+01
9.882666666666666799e+01
9.882500000000000284e+01
9.882833333333333314e+01
9.882166666666667254e+01
9.882666666666666799e+01
9.882500000000000284e+01
9.882833333333333314e+01
9.882500000000000284e+01
9.882833333333333314e+01
9.882999999999999829e+01
9.882666666666666799e+01
9.883333333333332860e+01
9.882833333333333314e+01
9.883499999999999375e+01
9.882999999999999829e+01
9.883499999999999375e+01
9.883166666666666345e+01
9.883333333333332860e+01
9.883333333333332860e+01
9.883499999999999375e+01
9.883499999999999375e+01
9.883499999999999375e+01
9.882999999999999829e+01
9.883333333333332860e+01
9.882999999999999829e+01
9.883499999999999375e+01
9.882999999999999829e+01
9.883499999999999375e+01
9.882999999999999829e+01
9.883833333333333826e+01
9.882833333333333314e+01
9.883833333333333826e+01
9.882666666666666799e+01
9.883499999999999375e+01
9.882833333333333314e+01
9.883499999999999375e+01
9.882666666666666799e+01
9.883666666666667311e+01
9.883166666666666345e+01
9.883666666666667311e+01
9.883333333333332860e+01
9.883499999999999375e+01
9.883833333333333826e+01
9.883833333333333826e+01
9.883833333333333826e+01
9.884166666666666856e+01
9.884000000000000341e+01
9.884166666666666856e+01
9.884166666666666856e+01
9.884666666666666401e+01
9.884166666666666856e+01
9.884333333333333371e+01
9.884499999999999886e+01
9.884499999999999886e+01
9.884499999999999886e+01
9.884666666666666401e+01
9.884666666666666401e+01
9.884666666666666401e+01
9.884833333333332916e+01
9.884999999999999432e+01
9.884999999999999432e+01
9.884999999999999432e+01
9.885166666666665947e+01
9.885333333333333883e+01
9.885333333333333883e+01
9.885333333333333883e+01
9.885333333333333883e+01
9.885333333333333883e+01
9.885833333333333428e+01
9.885666666666666913e+01
9.885999999999999943e+01
9.885833333333333428e+01
9.885666666666666913e+01
9.885833333333333428e+01
9.885999999999999943e+01
9.885999999999999943e+01
9.886333333333332973e+01
9.885999999999999943e+01
9.886333333333332973e+01
9.885999999999999943e+01
9.886499999999999488e+01
9.886166666666666458e+01
9.886499999999999488e+01
9.886499999999999488e+01
9.886499999999999488e+01
9.886499999999999488e+01
9.886666666666666003e+01
9.886333333333332973e+01
9.886833333333333940e+01
9.886499999999999488e+01
9.886666666666666003e+01
9.886333333333332973e+01
9.886666666666666003e+01
9.886499999999999488e+01
9.886666666666666003e+01
9.886666666666666003e+01
9.886499999999999488e+01
9.886666666666666003e+01
9.886833333333333940e+01
9.886666666666666003e+01
9.886833333333333940e+01
9.886666666666666003e+01
9.886666666666666003e+01
9.887000000000000455e+01
9.887166666666666970e+01
9.886833333333333940e+01
9.887000000000000455e+01
9.886833333333333940e+01
9.887166666666666970e+01
9.886833333333333940e+01
9.887333333333333485e+01
9.886833333333333940e+01
9.887333333333333485e+01
9.886833333333333940e+01
9.887333333333333485e+01
9.886833333333333940e+01
9.887500000000000000e+01
9.886666666666666003e+01
9.887500000000000000e+01
9.887000000000000455e+01
9.887333333333333485e+01
9.887166666666666970e+01
9.887333333333333485e+01
9.887666666666666515e+01
9.887166666666666970e+01
9.887999999999999545e+01
9.887666666666666515e+01
9.888333333333333997e+01
9.887500000000000000e+01
9.888500000000000512e+01
9.888166666666666060e+01
9.888833333333333542e+01
9.888666666666667027e+01
9.888833333333333542e+01
9.889000000000000057e+01
9.889000000000000057e+01
9.889166666666666572e+01
9.889166666666666572e+01
9.889166666666666572e+01
9.889333333333333087e+01
9.889166666666666572e+01
9.889166666666666572e+01
9.889166666666666572e+01
9.889166666666666572e+01
9.889499999999999602e+01
9.889166666666666572e+01
9.889499999999999602e+01
9.889333333333333087e+01
9.889666666666666117e+01
9.889333333333333087e+01
9.889333333333333087e+01
9.889499999999999602e+01
9.889833333333334053e+01
9.889333333333333087e+01
9.889833333333334053e+01
9.889499999999999602e+01
9.890000000000000568e+01
9.889666666666666117e+01
9.890000000000000568e+01
9.889499999999999602e+01
9.890333333333333599e+01
9.889499999999999602e+01
9.890333333333333599e+01
9.889666666666666117e+01
9.890333333333333599e+01
9.889833333333334053e+01
9.890166666666667084e+01
9.889833333333334053e+01
9.890333333333333599e+01
9.890166666666667084e+01
9.890500000000000114e+01
9.890166666666667084e+01
9.890500000000000114e+01
9.890333333333333599e+01
9.890500000000000114e+01
9.890500000000000114e+01
9.890666666666666629e+01
9.890333333333333599e+01
9.890999999999999659e+01
9.890666666666666629e+01
9.891166666666666174e+01
9.890999999999999659e+01
9.891333333333332689e+01
9.890666666666666629e+01
9.891333333333332689e+01
9.890500000000000114e+01
9.891166666666666174e+01
9.890833333333333144e+01
9.890999999999999659e+01
9.890999999999999659e+01
9.891333333333332689e+01
9.891333333333332689e+01
9.891500000000000625e+01
9.891833333333333655e+01
9.891333333333332689e+01
9.891666666666667140e+01
9.891500000000000625e+01
9.891333333333332689e+01
9.891500000000000625e+01
9.891833333333333655e+01
9.891833333333333655e+01
9.891833333333333655e+01
9.892166666666666686e+01
9.891833333333333655e+01
9.892166666666666686e+01
9.892000000000000171e+01
9.892166666666666686e+01
9.892000000000000171e+01
9.892333333333333201e+01
