2.508500000000000796e+01
3.105166666666666231e+01
3.703333333333333144e+01
4.307499999999999574e+01
4.865166666666667084e+01
5.391333333333333400e+01
5.852166666666666828e+01
6.263166666666666771e+01
6.599166666666667425e+01
6.892499999999999716e+01
7.122166666666666401e+01
7.314333333333333087e+01
7.478499999999999659e+01
7.612333333333333485e+01
7.726333333333333542e+01
7.817833333333334167e+01
7.902000000000001023e+01
7.974666666666666970e+01
8.035999999999999943e+01
8.087666666666666515e+01
8.135999999999999943e+01
8.172833333333332462e+01
8.210666666666666913e+01
8.243999999999999773e+01
8.269666666666665833e+01
8.293666666666666742e+01
8.319499999999999318e+01
8.340999999999999659e+01
8.359000000000000341e+01
8.373833333333332973e+01
8.386666666666667425e+01
8.401000000000000512e+01
8.414666666666666117e+01
8.429500000000000171e+01
8.442333333333333201e+01
8.453166666666666629e+01
8.466166666666666174e+01
8.477833333333333599e+01
8.488166666666666060e+01
8.497833333333333883e+01
8.506499999999999773e+01
8.514000000000000057e+01
8.523666666666666458e+01
8.534166666666666856e+01
8.544666666666667254e+01
8.553999999999999204e+01
8.562500000000000000e+01
8.571000000000000796e+01
8.581000000000000227e+01
8.589833333333332632e+01
8.599500000000000455e+01
8.608500000000000796e+01
8.616333333333332689e+01
8.626000000000000512e+01
8.633500000000000796e+01
8.642000000000000171e+01
8.649833333333333485e+01
8.655666666666667197e+01
8.664499999999999602e+01
8.670166666666666799e+01
8.675833333333333997e+01
8.683833333333333826e+01
8.691500000000000625e+01
8.697333333333332916e+01
8.704666666666666686e+01
8.711833333333333940e+01
8.720000000000000284e+01
8.726666666666666572e+01
8.733499999999999375e+01
8.740833333333333144e+01
8.747166666666666401e+01
8.753833333333332689e+01
8.759166666666666856e+01
8.765833333333333144e+01
8.773166666666666913e+01
8.776833333333333087e+01
8.782500000000000284e+01
8.790333333333333599e+01
8.794333333333332803e+01
8.800000000000000000e+01
8.808499999999999375e+01
8.813500000000000512e+01
8.817833333333332746e+01
8.823999999999999488e+01
8.829666666666666686e+01
8.835833333333333428e+01
8.841166666666666174e+01
8.848833333333332973e+01
8.854000000000000625e+01
8.858666666666667311e+01
8.863666666666667027e+01
8.867000000000000171e+01
8.872499999999999432e+01
8.876999999999999602e+01
8.883833333333333826e+01
8.887999999999999545e+01
8.893666666666666742e+01
8.898166666666666913e+01
8.903666666666666174e+01
8.907999999999999829e+01
8.912333333333333485e+01
8.917166666666666686e+01
8.922833333333333883e+01
8.926666666666666572e+01
8.932333333333333769e+01
8.935500000000000398e+01
8.939666666666666117e+01
8.944666666666665833e+01
8.948333333333333428e+01
8.953499999999999659e+01
8.956833333333332803e+01
8.960999999999999943e+01
8.965999999999999659e+01
8.970666666666666345e+01
8.974500000000000455e+01
8.977500000000000568e+01
8.981166666666666742e+01
8.983333333333332860e+01
8.986499999999999488e+01
8.989499999999999602e+01
8.992833333333334167e+01
8.995833333333332860e+01
8.998833333333332973e+01
9.003666666666666174e+01
9.007333333333333769e+01
9.011499999999999488e+01
9.014000000000000057e+01
9.018333333333333712e+01
9.022499999999999432e+01
9.026000000000000512e+01
9.029999999999999716e+01
9.033166666666666345e+01
9.036666666666666003e+01
9.040833333333333144e+01
9.044666666666667254e+01
9.050166666666666515e+01
9.053499999999999659e+01
9.056499999999999773e+01
9.059499999999999886e+01
9.062500000000000000e+01
9.065666666666666629e+01
9.070499999999999829e+01
9.073833333333332973e+01
9.076999999999999602e+01
9.080666666666667197e+01
9.083500000000000796e+01
9.087166666666666970e+01
9.089499999999999602e+01
9.092499999999999716e+01
9.095333333333333314e+01
9.097333333333332916e+01
9.100666666666666060e+01
9.102666666666667084e+01
9.105166666666666231e+01
9.108500000000000796e+01
9.109833333333332916e+01
9.112333333333333485e+01
9.114166666666666572e+01
9.118166666666667197e+01
9.121166666666667311e+01
9.124666666666666970e+01
9.126833333333333087e+01
9.129999999999999716e+01
9.132500000000000284e+01
9.135833333333333428e+01
9.137166666666666970e+01
9.140500000000000114e+01
9.142833333333334167e+01
9.145999999999999375e+01
9.148999999999999488e+01
9.151666666666666572e+01
9.153333333333333144e+01
9.156000000000000227e+01
9.158499999999999375e+01
9.160833333333333428e+01
9.163666666666667027e+01
9.165166666666667084e+01
9.168666666666666742e+01
9.170333333333333314e+01
9.172833333333333883e+01
9.174833333333333485e+01
9.176666666666666572e+01
9.179333333333333655e+01
9.180500000000000682e+01
9.182833333333333314e+01
9.184833333333332916e+01
9.187500000000000000e+01
9.190500000000000114e+01
9.192833333333332746e+01
9.195166666666666799e+01
9.196999999999999886e+01
9.198999999999999488e+01
9.201000000000000512e+01
9.202666666666667084e+01
9.204833333333333201e+01
9.207999999999999829e+01
9.208833333333333826e+01
9.212000000000000455e+01
9.214666666666666117e+01
9.216500000000000625e+01
9.219166666666666288e+01
9.220666666666666345e+01
9.221999999999999886e+01
9.224500000000000455e+01
9.226333333333333542e+01
9.228666666666666174e+01
9.230500000000000682e+01
9.232833333333333314e+01
9.234499999999999886e+01
9.237500000000000000e+01
9.239833333333334053e+01
9.242499999999999716e+01
9.243999999999999773e+01
9.245666666666666345e+01
9.246999999999999886e+01
9.248999999999999488e+01
9.251166666666667027e+01
9.252833333333333599e+01
9.254833333333333201e+01
9.258333333333332860e+01
9.259499999999999886e+01
9.260999999999999943e+01
9.262833333333333030e+01
9.264333333333333087e+01
9.266833333333333655e+01
9.268166666666667197e+01
9.270499999999999829e+01
9.272666666666665947e+01
9.274666666666666970e+01
9.275666666666666060e+01
9.277166666666666117e+01
9.279166666666667140e+01
9.281333333333333258e+01
9.282666666666666799e+01
9.284666666666666401e+01
9.286166666666666458e+01
9.287999999999999545e+01
9.290166666666667084e+01
9.291833333333333655e+01
9.293000000000000682e+01
9.294499999999999318e+01
9.296500000000000341e+01
9.297833333333333883e+01
9.299166666666667425e+01
9.301333333333333542e+01
9.302500000000000568e+01
9.304666666666666686e+01
9.305333333333332746e+01
9.306833333333332803e+01
9.309499999999999886e+01
9.310999999999999943e+01
9.312666666666666515e+01
9.314333333333333087e+01
9.315166666666667084e+01
9.315833333333333144e+01
9.317000000000000171e+01
9.318833333333333258e+01
9.320833333333332860e+01
9.322666666666665947e+01
9.323333333333333428e+01
9.324666666666666970e+01
9.325499999999999545e+01
9.327500000000000568e+01
9.329333333333333655e+01
9.330833333333333712e+01
9.333166666666666345e+01
9.335166666666665947e+01
9.337333333333333485e+01
9.337500000000000000e+01
9.338500000000000512e+01
9.339166666666666572e+01
9.340500000000000114e+01
9.341666666666667140e+01
9.343000000000000682e+01
9.344499999999999318e+01
9.345166666666666799e+01
9.346666666666666856e+01
9.347833333333333883e+01
9.349166666666666003e+01
9.350333333333333030e+01
9.351666666666666572e+01
9.353166666666666629e+01
9.353833333333332689e+01
9.354833333333333201e+01
9.356000000000000227e+01
9.356499999999999773e+01
9.357666666666666799e+01
9.357999999999999829e+01
9.359666666666666401e+01
9.360666666666666913e+01
9.361833333333333940e+01
9.362166666666666970e+01
9.363666666666667027e+01
9.364499999999999602e+01
9.365833333333333144e+01
9.366833333333333655e+01
9.368500000000000227e+01
9.368833333333333258e+01
9.370166666666666799e+01
9.370833333333332860e+01
9.372333333333332916e+01
9.373499999999999943e+01
9.374500000000000455e+01
9.376000000000000512e+01
9.378166666666666629e+01
9.379666666666666686e+01
9.381000000000000227e+01
9.382333333333333769e+01
9.384000000000000341e+01
9.385333333333333883e+01
9.386666666666667425e+01
9.388333333333332575e+01
9.390166666666667084e+01
9.391166666666666174e+01
9.392000000000000171e+01
9.393500000000000227e+01
9.394333333333332803e+01
9.395000000000000284e+01
9.395833333333332860e+01
9.396666666666666856e+01
9.398000000000000398e+01
9.398833333333332973e+01
9.399666666666666970e+01
9.400666666666666060e+01
9.402166666666666117e+01
9.402833333333333599e+01
9.404000000000000625e+01
9.404999999999999716e+01
9.405500000000000682e+01
9.406499999999999773e+01
9.407666666666666799e+01
9.408499999999999375e+01
9.409833333333332916e+01
9.410500000000000398e+01
9.411333333333332973e+01
9.412166666666666970e+01
9.412999999999999545e+01
9.414000000000000057e+01
9.414499999999999602e+01
9.415333333333333599e+01
9.415999999999999659e+01
9.417666666666666231e+01
9.419166666666666288e+01
9.419333333333332803e+01
9.420333333333333314e+01
9.421166666666667311e+01
9.421666666666666856e+01
9.423000000000000398e+01
9.423833333333332973e+01
9.424666666666666970e+01
9.425000000000000000e+01
9.425499999999999545e+01
9.425833333333333997e+01
9.426833333333333087e+01
9.427500000000000568e+01
9.428666666666666174e+01
9.429166666666667140e+01
9.429999999999999716e+01
9.431000000000000227e+01
9.431666666666666288e+01
9.432500000000000284e+01
9.433333333333332860e+01
9.434999999999999432e+01
9.435166666666665947e+01
9.436333333333332973e+01
9.437833333333333030e+01
9.438166666666666060e+01
9.438500000000000512e+01
9.439000000000000057e+01
9.439166666666666572e+01
9.439499999999999602e+01
9.440166666666667084e+01
9.441166666666666174e+01
9.441666666666667140e+01
9.441833333333333655e+01
9.443000000000000682e+01
9.443833333333333258e+01
9.444499999999999318e+01
9.445999999999999375e+01
9.446333333333333826e+01
9.446666666666666856e+01
9.446666666666666856e+01
9.447333333333332916e+01
9.448000000000000398e+01
9.449500000000000455e+01
9.450333333333333030e+01
9.450333333333333030e+01
9.451500000000000057e+01
9.451833333333333087e+01
9.452333333333334053e+01
9.452833333333333599e+01
9.453333333333333144e+01
9.453666666666666174e+01
9.454500000000000171e+01
9.455333333333332746e+01
9.456000000000000227e+01
9.456666666666666288e+01
9.457166666666667254e+01
9.458333333333332860e+01
9.459000000000000341e+01
9.459999999999999432e+01
9.460500000000000398e+01
9.460999999999999943e+01
9.461333333333332973e+01
9.461333333333332973e+01
9.462500000000000000e+01
9.463333333333332575e+01
9.464499999999999602e+01
9.465333333333333599e+01
9.466166666666666174e+01
9.467166666666666686e+01
9.468166666666667197e+01
9.468666666666666742e+01
9.468833333333333258e+01
9.469499999999999318e+01
9.469833333333333769e+01
9.470000000000000284e+01
9.470999999999999375e+01
9.471999999999999886e+01
9.473166666666666913e+01
9.473999999999999488e+01
9.474833333333333485e+01
9.475499999999999545e+01
9.476000000000000512e+01
9.476833333333333087e+01
9.477500000000000568e+01
9.478166666666666629e+01
9.479999999999999716e+01
9.480333333333332746e+01
9.481000000000000227e+01
9.481499999999999773e+01
9.481666666666666288e+01
9.482833333333333314e+01
9.483166666666666345e+01
9.483499999999999375e+01
9.484000000000000341e+01
9.484666666666666401e+01
9.485333333333333883e+01
9.485666666666666913e+01
9.486666666666666003e+01
9.487333333333333485e+01
9.488500000000000512e+01
9.489333333333333087e+01
9.490500000000000114e+01
9.490833333333333144e+01
9.491500000000000625e+01
9.492166666666666686e+01
9.492833333333332746e+01
9.493500000000000227e+01
9.495000000000000284e+01
9.495499999999999829e+01
9.496166666666667311e+01
9.496500000000000341e+01
9.497333333333332916e+01
9.498499999999999943e+01
9.499500000000000455e+01
9.500000000000000000e+01
9.500833333333333997e+01
9.501166666666667027e+01
9.502333333333334053e+01
9.502833333333333599e+01
9.503499999999999659e+01
9.504166666666667140e+01
9.504500000000000171e+01
9.505333333333332746e+01
9.505666666666667197e+01
9.506166666666666742e+01
9.506166666666666742e+01
9.506666666666666288e+01
9.507333333333333769e+01
9.508166666666666345e+01
9.508499999999999375e+01
9.508833333333333826e+01
9.509166666666666856e+01
9.509999999999999432e+01
9.510166666666665947e+01
9.510500000000000398e+01
9.511333333333332973e+01
9.511666666666667425e+01
9.511833333333333940e+01
9.512666666666666515e+01
9.512666666666666515e+01
9.513666666666667027e+01
9.514166666666666572e+01
9.514666666666666117e+01
9.515666666666666629e+01
9.516333333333332689e+01
9.516833333333333655e+01
9.516833333333333655e+01
9.517000000000000171e+01
9.517666666666666231e+01
9.518166666666667197e+01
9.518666666666666742e+01
9.519666666666667254e+01
9.520333333333333314e+01
9.520833333333332860e+01
9.521166666666667311e+01
9.521333333333333826e+01
9.521500000000000341e+01
9.522499999999999432e+01
9.522666666666665947e+01
9.523000000000000398e+01
9.523166666666666913e+01
9.523999999999999488e+01
9.524500000000000455e+01
9.524500000000000455e+01
9.525333333333333030e+01
9.525833333333332575e+01
9.526500000000000057e+01
9.526833333333333087e+01
9.527666666666667084e+01
9.528000000000000114e+01
9.528666666666666174e+01
9.529500000000000171e+01
9.529666666666666686e+01
9.530333333333332746e+01
9.531000000000000227e+01
9.531000000000000227e+01
9.531333333333333258e+01
9.531999999999999318e+01
9.532333333333333769e+01
9.532666666666666799e+01
9.533666666666667311e+01
9.534000000000000341e+01
9.534499999999999886e+01
9.534666666666666401e+01
9.534833333333332916e+01
9.535166666666665947e+01
9.535833333333333428e+01
9.536166666666666458e+01
9.536833333333333940e+01
9.537000000000000455e+01
9.537166666666666970e+01
9.537666666666666515e+01
9.538166666666666060e+01
9.539000000000000057e+01
9.539499999999999602e+01
9.540166666666667084e+01
9.540333333333333599e+01
9.540500000000000114e+01
9.541333333333332689e+01
9.541666666666667140e+01
9.542333333333333201e+01
9.542666666666666231e+01
9.543500000000000227e+01
9.543666666666666742e+01
9.544166666666666288e+01
9.544499999999999318e+01
9.545000000000000284e+01
9.545333333333333314e+01
9.545666666666666345e+01
9.546833333333333371e+01
9.547166666666666401e+01
9.547666666666665947e+01
9.548333333333333428e+01
9.548499999999999943e+01
9.549166666666666003e+01
9.549500000000000455e+01
9.549833333333333485e+01
9.550499999999999545e+01
9.550833333333332575e+01
9.551166666666667027e+01
9.551666666666666572e+01
9.551999999999999602e+01
9.552166666666666117e+01
9.552833333333333599e+01
9.553000000000000114e+01
9.553666666666666174e+01
9.554166666666667140e+01
9.554833333333333201e+01
9.555166666666666231e+01
9.556166666666666742e+01
9.556666666666666288e+01
9.557166666666667254e+01
9.557500000000000284e+01
9.557999999999999829e+01
9.558333333333332860e+01
9.558666666666667311e+01
9.559000000000000341e+01
9.559499999999999886e+01
9.560833333333333428e+01
9.560999999999999943e+01
9.561166666666666458e+01
9.561333333333332973e+01
9.562000000000000455e+01
9.562500000000000000e+01
9.562666666666666515e+01
9.563166666666666060e+01
9.564000000000000057e+01
9.564166666666666572e+01
9.565000000000000568e+01
9.565166666666667084e+01
9.565999999999999659e+01
9.566166666666666174e+01
9.566833333333333655e+01
9.567166666666666686e+01
9.567499999999999716e+01
9.567499999999999716e+01
9.567499999999999716e+01
9.568000000000000682e+01
9.568166666666667197e+01
9.568666666666666742e+01
9.569166666666666288e+01
9.570166666666666799e+01
9.570333333333333314e+01
9.570333333333333314e+01
9.570999999999999375e+01
9.570833333333332860e+01
9.571833333333333371e+01
9.572833333333333883e+01
9.572833333333333883e+01
9.573499999999999943e+01
9.574166666666666003e+01
9.573999999999999488e+01
9.574333333333333940e+01
9.574833333333333485e+01
9.575166666666666515e+01
9.575666666666666060e+01
9.575833333333333997e+01
9.576166666666667027e+01
9.576666666666666572e+01
9.577166666666666117e+01
9.577166666666666117e+01
9.577666666666667084e+01
9.577833333333333599e+01
9.578833333333332689e+01
9.579000000000000625e+01
9.579000000000000625e+01
9.579166666666667140e+01
9.579333333333333655e+01
9.579666666666666686e+01
9.580333333333332746e+01
9.580500000000000682e+01
9.581499999999999773e+01
9.581333333333333258e+01
9.581666666666666288e+01
9.581833333333332803e+01
9.582166666666667254e+01
9.582333333333333769e+01
9.582666666666666799e+01
9.583166666666666345e+01
9.582999999999999829e+01
9.583499999999999375e+01
9.583666666666667311e+01
9.584000000000000341e+01
9.584333333333333371e+01
9.584333333333333371e+01
9.585333333333333883e+01
9.585666666666666913e+01
9.586166666666666458e+01
9.586166666666666458e+01
9.586833333333333940e+01
9.587333333333333485e+01
9.587666666666666515e+01
9.588166666666666060e+01
9.588333333333333997e+01
9.588333333333333997e+01
9.588666666666667027e+01
9.589000000000000057e+01
9.589000000000000057e+01
9.589000000000000057e+01
9.589000000000000057e+01
9.589000000000000057e+01
9.589333333333333087e+01
9.590166666666667084e+01
9.590666666666666629e+01
9.590999999999999659e+01
9.590999999999999659e+01
9.591166666666666174e+01
9.591666666666667140e+01
9.591833333333333655e+01
9.592000000000000171e+01
9.592166666666666686e+01
9.592333333333333201e+01
9.592833333333332746e+01
9.592833333333332746e+01
9.593166666666667197e+01
9.593833333333333258e+01
9.594333333333332803e+01
9.594833333333333769e+01
9.595333333333333314e+01
9.595499999999999829e+01
9.595666666666666345e+01
9.595833333333332860e+01
9.596500000000000341e+01
9.597166666666666401e+01
9.597333333333332916e+01
9.597833333333333883e+01
9.598833333333332973e+01
9.599333333333333940e+01
9.599500000000000455e+01
9.599833333333333485e+01
9.600000000000000000e+01
9.600166666666666515e+01
9.600833333333332575e+01
9.601166666666667027e+01
9.601666666666666572e+01
9.601999999999999602e+01
9.602166666666666117e+01
9.602166666666666117e+01
9.602833333333333599e+01
9.603000000000000114e+01
9.603666666666666174e+01
9.603833333333332689e+01
9.603833333333332689e+01
9.604166666666667140e+01
9.604333333333333655e+01
9.604833333333333201e+01
9.605166666666666231e+01
9.605500000000000682e+01
9.605500000000000682e+01
9.606000000000000227e+01
9.606499999999999773e+01
9.606666666666666288e+01
9.606999999999999318e+01
9.606999999999999318e+01
9.606999999999999318e+01
9.607833333333333314e+01
9.608166666666666345e+01
9.609000000000000341e+01
9.609166666666666856e+01
9.609833333333332916e+01
9.610166666666665947e+01
9.610333333333333883e+01
9.610666666666666913e+01
9.610666666666666913e+01
9.610666666666666913e+01
9.610999999999999943e+01
9.612000000000000455e+01
9.612166666666666970e+01
9.612666666666666515e+01
9.613166666666666060e+01
9.613666666666667027e+01
9.614000000000000057e+01
9.614333333333333087e+01
9.614333333333333087e+01
9.614499999999999602e+01
9.614333333333333087e+01
9.614666666666666117e+01
9.615000000000000568e+01
9.615000000000000568e+01
9.615333333333333599e+01
9.615333333333333599e+01
9.616333333333332689e+01
9.616333333333332689e+01
9.616833333333333655e+01
9.617000000000000171e+01
9.617333333333333201e+01
9.618166666666667197e+01
9.618166666666667197e+01
9.618500000000000227e+01
9.618666666666666742e+01
9.618833333333333258e+01
9.619166666666666288e+01
9.619333333333332803e+01
9.619499999999999318e+01
9.619666666666667254e+01
9.619666666666667254e+01
9.619833333333333769e+01
9.620000000000000284e+01
9.619833333333333769e+01
9.620499999999999829e+01
9.620666666666666345e+01
9.620833333333332860e+01
9.621333333333333826e+01
9.621999999999999886e+01
9.622166666666666401e+01
9.622499999999999432e+01
9.622833333333333883e+01
9.623166666666666913e+01
9.623499999999999943e+01
9.623666666666666458e+01
9.623999999999999488e+01
9.624166666666666003e+01
9.624500000000000455e+01
9.625000000000000000e+01
9.624666666666666970e+01
9.626000000000000512e+01
9.626333333333333542e+01
9.626833333333333087e+01
9.626999999999999602e+01
9.627333333333334053e+01
9.627500000000000568e+01
9.627666666666667084e+01
9.628166666666666629e+01
9.628666666666666174e+01
9.629000000000000625e+01
9.629500000000000171e+01
9.629666666666666686e+01
9.630166666666666231e+01
9.630666666666667197e+01
9.631000000000000227e+01
9.631000000000000227e+01
9.631000000000000227e+01
9.631000000000000227e+01
9.631000000000000227e+01
9.631166666666666742e+01
9.631333333333333258e+01
9.631833333333332803e+01
9.631999999999999318e+01
9.632333333333333769e+01
9.632999999999999829e+01
9.633333333333332860e+01
9.633333333333332860e+01
9.633333333333332860e+01
9.633666666666667311e+01
9.633666666666667311e+01
9.634166666666666856e+01
9.634000000000000341e+01
9.634499999999999886e+01
9.634833333333332916e+01
9.635166666666665947e+01
9.635333333333333883e+01
9.635500000000000398e+01
9.635500000000000398e+01
9.635666666666666913e+01
9.635833333333333428e+01
9.635999999999999943e+01
9.637000000000000455e+01
9.637333333333333485e+01
9.637500000000000000e+01
9.637500000000000000e+01
9.637999999999999545e+01
9.637999999999999545e+01
9.638166666666666060e+01
9.638333333333333997e+01
9.638500000000000512e+01
9.638666666666667027e+01
9.639166666666666572e+01
9.639333333333333087e+01
9.639833333333332632e+01
9.639666666666666117e+01
9.639833333333332632e+01
9.640166666666667084e+01
9.640999999999999659e+01
9.641333333333332689e+01
9.641500000000000625e+01
9.641500000000000625e+01
9.642166666666666686e+01
9.643000000000000682e+01
9.643000000000000682e+01
9.643000000000000682e+01
9.643166666666667197e+01
9.643666666666666742e+01
9.643999999999999773e+01
9.644333333333332803e+01
9.644333333333332803e+01
9.644833333333333769e+01
9.645499999999999829e+01
9.645666666666666345e+01
9.645833333333332860e+01
9.645999999999999375e+01
9.645999999999999375e+01
9.646500000000000341e+01
9.646999999999999886e+01
9.647166666666666401e+01
9.647333333333332916e+01
9.647833333333333883e+01
9.648166666666666913e+01
9.648166666666666913e+01
9.648833333333332973e+01
9.648833333333332973e+01
9.648999999999999488e+01
9.648999999999999488e+01
9.648666666666666458e+01
9.648833333333332973e+01
9.648999999999999488e+01
9.649500000000000455e+01
9.649500000000000455e+01
9.649833333333333485e+01
9.650166666666666515e+01
9.650333333333333030e+01
9.650499999999999545e+01
9.651000000000000512e+01
9.651000000000000512e+01
9.651166666666667027e+01
9.651833333333333087e+01
9.652166666666666117e+01
9.652833333333333599e+01
9.653166666666666629e+01
9.653666666666666174e+01
9.653833333333332689e+01
9.654166666666667140e+01
9.654333333333333655e+01
9.654666666666666686e+01
9.654666666666666686e+01
9.654833333333333201e+01
9.654999999999999716e+01
9.654999999999999716e+01
9.655166666666666231e+01
9.655166666666666231e+01
9.655333333333332746e+01
9.655333333333332746e+01
9.655333333333332746e+01
9.655666666666667197e+01
9.655666666666667197e+01
9.655666666666667197e+01
9.655666666666667197e+01
9.655833333333333712e+01
9.656000000000000227e+01
9.656000000000000227e+01
9.656166666666666742e+01
9.656499999999999773e+01
9.656999999999999318e+01
9.657666666666666799e+01
9.657999999999999829e+01
9.658333333333332860e+01
9.658333333333332860e+01
9.658333333333332860e+01
9.658666666666667311e+01
9.658666666666667311e+01
9.659000000000000341e+01
9.659000000000000341e+01
9.659000000000000341e+01
9.659333333333333371e+01
9.659333333333333371e+01
9.659499999999999886e+01
9.659666666666666401e+01
9.659833333333332916e+01
9.659833333333332916e+01
9.660166666666667368e+01
9.660166666666667368e+01
9.660500000000000398e+01
9.660500000000000398e+01
9.660500000000000398e+01
9.660999999999999943e+01
9.661333333333332973e+01
9.661333333333332973e+01
9.661833333333333940e+01
9.662166666666666970e+01
9.662333333333333485e+01
9.662666666666666515e+01
9.663666666666667027e+01
9.663833333333333542e+01
9.664000000000000057e+01
9.664333333333333087e+01
9.664333333333333087e+01
9.664666666666666117e+01
9.664833333333334053e+01
9.665500000000000114e+01
9.665500000000000114e+01
9.665666666666666629e+01
9.665999999999999659e+01
9.666166666666666174e+01
9.665999999999999659e+01
9.666500000000000625e+01
9.666500000000000625e+01
9.666500000000000625e+01
9.666666666666667140e+01
9.666833333333333655e+01
9.667166666666666686e+01
9.667666666666666231e+01
9.667666666666666231e+01
9.667666666666666231e+01
9.668166666666667197e+01
9.668500000000000227e+01
9.668666666666666742e+01
9.669499999999999318e+01
9.669666666666667254e+01
9.670000000000000284e+01
9.669833333333333769e+01
9.670166666666666799e+01
9.670333333333333314e+01
9.670499999999999829e+01
9.670666666666666345e+01
9.671333333333333826e+01
9.671333333333333826e+01
9.671833333333333371e+01
9.671999999999999886e+01
9.671666666666666856e+01
9.671833333333333371e+01
9.672333333333332916e+01
9.672499999999999432e+01
9.672499999999999432e+01
9.672499999999999432e+01
9.672666666666665947e+01
9.672666666666665947e+01
9.672833333333333883e+01
9.673000000000000398e+01
9.673166666666666913e+01
9.673499999999999943e+01
9.673499999999999943e+01
9.673833333333332973e+01
9.673833333333332973e+01
9.674166666666666003e+01
9.674500000000000455e+01
9.674833333333333485e+01
9.675000000000000000e+01
9.675166666666666515e+01
9.675333333333333030e+01
9.675666666666666060e+01
9.675666666666666060e+01
9.675833333333332575e+01
9.676000000000000512e+01
9.676000000000000512e+01
9.676666666666666572e+01
9.676500000000000057e+01
9.676833333333333087e+01
9.676833333333333087e+01
9.677166666666666117e+01
