5.999000000000000199e+01
6.937666666666666515e+01
7.546999999999999886e+01
7.922166666666666401e+01
8.133833333333333826e+01
8.239333333333333087e+01
8.311833333333333940e+01
8.365666666666666629e+01
8.431999999999999318e+01
8.514000000000000057e+01
8.593166666666667197e+01
8.685999999999999943e+01
8.759666666666666401e+01
8.837500000000000000e+01
8.910500000000000398e+01
8.987000000000000455e+01
9.049500000000000455e+01
9.122166666666666401e+01
9.184499999999999886e+01
9.240999999999999659e+01
9.295333333333333314e+01
9.342333333333333201e+01
9.387166666666666970e+01
9.422499999999999432e+01
9.456333333333333258e+01
9.493000000000000682e+01
9.520333333333333314e+01
9.543500000000000227e+01
9.566666666666667140e+01
9.590833333333333144e+01
9.609499999999999886e+01
9.626833333333333087e+01
9.650333333333333030e+01
9.656166666666666742e+01
9.679166666666667140e+01
9.684499999999999886e+01
9.703000000000000114e+01
9.712833333333333030e+01
9.725833333333333997e+01
9.730166666666666231e+01
9.744333333333332803e+01
9.745166666666666799e+01
9.762166666666666970e+01
9.764333333333333087e+01
9.779166666666667140e+01
9.779166666666667140e+01
9.791166666666666174e+01
9.790166666666667084e+01
9.800833333333333997e+01
9.800166666666666515e+01
9.812333333333333485e+01
9.809833333333332916e+01
9.821666666666666856e+01
9.817666666666666231e+01
9.827666666666667084e+01
9.823166666666666913e+01
9.833833333333333826e+01
9.829999999999999716e+01
9.840166666666667084e+01
9.835166666666667368e+01
9.847166666666666401e+01
9.844166666666666288e+01
9.852666666666667084e+01
9.845333333333333314e+01
9.856333333333333258e+01
9.852166666666666117e+01
9.861499999999999488e+01
9.854833333333333201e+01
9.863833333333333542e+01
9.862666666666666515e+01
9.867166666666666686e+01
9.861499999999999488e+01
9.869166666666666288e+01
9.866666666666667140e+01
9.871999999999999886e+01
9.866500000000000625e+01
9.875666666666666060e+01
9.872833333333333883e+01
9.878166666666666629e+01
9.871666666666666856e+01
9.881000000000000227e+01
9.877166666666666117e+01
9.883166666666666345e+01
9.874666666666666970e+01
9.884499999999999886e+01
9.879333333333333655e+01
9.886499999999999488e+01
9.879000000000000625e+01
9.888333333333333997e+01
9.883666666666667311e+01
9.888333333333333997e+01
9.882833333333333314e+01
9.890333333333333599e+01
9.883666666666667311e+01
9.890999999999999659e+01
9.884333333333333371e+01
9.892333333333333201e+01
9.886833333333333940e+01
9.893999999999999773e+01
9.886166666666666458e+01
9.894833333333333769e+01
9.887833333333333030e+01
9.895833333333332860e+01
9.885999999999999943e+01
9.897666666666665947e+01
9.891833333333333655e+01
9.897499999999999432e+01
9.890333333333333599e+01
9.899166666666666003e+01
9.890000000000000568e+01
9.899833333333333485e+01
9.890833333333333144e+01
9.900666666666666060e+01
9.890666666666666629e+01
9.901000000000000512e+01
9.894499999999999318e+01
9.901666666666666572e+01
9.893666666666666742e+01
9.902666666666667084e+01
9.894166666666666288e+01
9.902666666666667084e+01
9.894333333333332803e+01
9.903499999999999659e+01
9.897666666666665947e+01
9.904666666666666686e+01
9.896500000000000341e+01
9.905833333333333712e+01
9.898666666666666458e+01
9.905833333333333712e+01
9.897333333333332916e+01
9.906166666666666742e+01
9.902166666666666117e+01
9.907166666666667254e+01
9.900000000000000000e+01
9.907333333333333769e+01
9.901166666666667027e+01
9.907166666666667254e+01
9.900499999999999545e+01
9.907666666666666799e+01
9.903333333333333144e+01
9.907999999999999829e+01
9.901333333333333542e+01
9.907833333333333314e+01
9.905666666666667197e+01
9.908499999999999375e+01
9.903499999999999659e+01
9.909166666666666856e+01
9.903666666666666174e+01
9.908333333333332860e+01
9.905166666666666231e+01
9.909000000000000341e+01
9.904000000000000625e+01
9.908666666666667311e+01
9.906000000000000227e+01
9.908499999999999375e+01
9.904333333333333655e+01
9.909166666666666856e+01
9.907166666666667254e+01
9.908166666666666345e+01
9.905833333333333712e+01
9.909333333333333371e+01
9.906333333333333258e+01
9.909166666666666856e+01
9.906666666666666288e+01
9.909333333333333371e+01
9.906666666666666288e+01
9.909166666666666856e+01
9.906166666666666742e+01
9.910166666666667368e+01
9.907166666666667254e+01
9.909499999999999886e+01
9.907500000000000284e+01
9.910500000000000398e+01
9.907166666666667254e+01
9.911833333333333940e+01
9.908499999999999375e+01
9.910666666666666913e+01
9.907500000000000284e+01
9.911333333333332973e+01
9.907500000000000284e+01
9.911833333333333940e+01
9.909000000000000341e+01
9.911499999999999488e+01
9.907666666666666799e+01
9.912000000000000455e+01
9.909000000000000341e+01
9.911499999999999488e+01
9.907500000000000284e+01
9.912000000000000455e+01
9.910333333333333883e+01
9.911333333333332973e+01
9.909666666666666401e+01
9.911666666666666003e+01
9.907999999999999829e+01
9.912000000000000455e+01
9.909499999999999886e+01
9.911666666666666003e+01
9.909000000000000341e+01
9.912000000000000455e+01
9.910166666666667368e+01
9.912000000000000455e+01
9.909499999999999886e+01
9.911666666666666003e+01
9.910999999999999943e+01
9.912666666666666515e+01
9.910999999999999943e+01
9.912666666666666515e+01
9.909666666666666401e+01
9.912666666666666515e+01
9.912000000000000455e+01
9.912833333333333030e+01
9.910666666666666913e+01
9.912666666666666515e+01
9.909499999999999886e+01
9.913333333333333997e+01
9.912999999999999545e+01
9.913166666666666060e+01
9.910333333333333883e+01
9.913166666666666060e+01
9.910666666666666913e+01
9.913500000000000512e+01
9.912833333333333030e+01
9.913500000000000512e+01
9.911166666666666458e+01
9.913666666666667027e+01
9.910666666666666913e+01
9.914333333333333087e+01
9.912833333333333030e+01
9.914166666666666572e+01
9.911833333333333940e+01
9.914666666666666117e+01
9.911166666666666458e+01
9.914666666666666117e+01
9.912666666666666515e+01
9.914499999999999602e+01
9.911333333333332973e+01
9.915166666666667084e+01
9.914166666666666572e+01
9.914499999999999602e+01
9.913500000000000512e+01
9.915333333333333599e+01
9.912166666666666970e+01
9.915000000000000568e+01
9.913333333333333997e+01
9.914833333333332632e+01
9.912333333333333485e+01
9.914666666666666117e+01
9.915166666666667084e+01
9.914499999999999602e+01
9.914166666666666572e+01
9.915500000000000114e+01
9.912999999999999545e+01
9.915166666666667084e+01
9.912999999999999545e+01
9.915500000000000114e+01
9.912500000000000000e+01
9.915333333333333599e+01
9.915000000000000568e+01
9.915000000000000568e+01
9.914166666666666572e+01
9.915666666666666629e+01
9.913333333333333997e+01
9.916166666666666174e+01
9.914499999999999602e+01
9.915500000000000114e+01
9.913833333333333542e+01
9.916166666666666174e+01
9.913666666666667027e+01
9.916166666666666174e+01
9.914833333333332632e+01
9.915500000000000114e+01
9.914000000000000057e+01
9.916166666666666174e+01
9.912666666666666515e+01
9.916500000000000625e+01
9.914666666666666117e+01
9.916500000000000625e+01
9.912999999999999545e+01
9.916333333333332689e+01
9.913500000000000512e+01
9.916500000000000625e+01
9.914166666666666572e+01
9.916333333333332689e+01
9.912833333333333030e+01
9.916666666666667140e+01
9.915666666666666629e+01
9.916333333333332689e+01
9.913833333333333542e+01
9.916833333333333655e+01
9.912833333333333030e+01
9.916666666666667140e+01
9.915500000000000114e+01
9.916500000000000625e+01
9.913500000000000512e+01
9.917166666666666686e+01
9.913166666666666060e+01
9.917333333333333201e+01
9.915166666666667084e+01
9.917000000000000171e+01
9.913500000000000512e+01
9.917333333333333201e+01
9.912666666666666515e+01
9.917333333333333201e+01
9.917666666666666231e+01
9.916666666666667140e+01
9.913500000000000512e+01
9.917166666666666686e+01
9.913333333333333997e+01
9.916666666666667140e+01
9.913833333333333542e+01
9.916833333333333655e+01
9.913500000000000512e+01
9.917166666666666686e+01
9.914333333333333087e+01
9.917166666666666686e+01
9.913666666666667027e+01
9.917333333333333201e+01
9.917166666666666686e+01
9.916666666666667140e+01
9.914499999999999602e+01
9.917000000000000171e+01
9.914000000000000057e+01
9.917333333333333201e+01
9.915500000000000114e+01
9.916833333333333655e+01
9.914000000000000057e+01
9.917166666666666686e+01
9.913166666666666060e+01
9.917499999999999716e+01
9.916666666666667140e+01
9.917000000000000171e+01
9.914833333333332632e+01
9.917499999999999716e+01
9.914333333333333087e+01
9.918000000000000682e+01
9.915999999999999659e+01
9.917000000000000171e+01
9.913833333333333542e+01
9.917666666666666231e+01
9.913666666666667027e+01
9.918000000000000682e+01
9.918333333333333712e+01
9.917333333333333201e+01
9.915666666666666629e+01
9.917666666666666231e+01
9.914333333333333087e+01
9.917333333333333201e+01
9.914000000000000057e+01
9.917499999999999716e+01
9.915666666666666629e+01
9.917833333333332746e+01
9.914166666666666572e+01
9.918000000000000682e+01
9.914166666666666572e+01
9.917666666666666231e+01
9.912999999999999545e+01
9.917833333333332746e+01
9.917666666666666231e+01
9.916833333333333655e+01
9.915500000000000114e+01
9.917166666666666686e+01
9.914333333333333087e+01
9.917833333333332746e+01
9.914000000000000057e+01
9.917333333333333201e+01
9.915333333333333599e+01
9.917333333333333201e+01
9.913666666666667027e+01
9.918166666666667197e+01
9.917833333333332746e+01
9.916833333333333655e+01
9.914499999999999602e+01
9.917499999999999716e+01
9.914333333333333087e+01
9.917833333333332746e+01
9.914499999999999602e+01
9.917499999999999716e+01
9.913666666666667027e+01
9.918000000000000682e+01
9.918833333333333258e+01
9.917166666666666686e+01
9.915500000000000114e+01
9.917333333333333201e+01
9.914333333333333087e+01
9.917333333333333201e+01
9.914166666666666572e+01
9.917499999999999716e+01
9.917166666666666686e+01
9.917000000000000171e+01
9.915500000000000114e+01
9.917499999999999716e+01
9.914000000000000057e+01
9.917833333333332746e+01
9.918500000000000227e+01
9.917166666666666686e+01
9.915500000000000114e+01
9.917333333333333201e+01
9.914166666666666572e+01
9.917666666666666231e+01
9.915000000000000568e+01
9.917833333333332746e+01
9.915000000000000568e+01
9.918166666666667197e+01
9.915666666666666629e+01
9.917499999999999716e+01
9.914666666666666117e+01
9.918000000000000682e+01
9.914499999999999602e+01
9.918000000000000682e+01
9.915000000000000568e+01
9.917833333333332746e+01
9.914333333333333087e+01
9.917833333333332746e+01
9.914333333333333087e+01
9.918333333333333712e+01
9.915333333333333599e+01
9.917666666666666231e+01
9.914000000000000057e+01
9.918833333333333258e+01
9.915999999999999659e+01
9.918666666666666742e+01
9.914333333333333087e+01
9.918333333333333712e+01
9.918999999999999773e+01
9.917499999999999716e+01
9.915500000000000114e+01
9.918000000000000682e+01
9.914166666666666572e+01
9.918333333333333712e+01
9.915333333333333599e+01
9.918833333333333258e+01
9.914333333333333087e+01
9.918166666666667197e+01
9.919333333333332803e+01
9.917833333333332746e+01
9.916333333333332689e+01
9.918166666666667197e+01
9.914833333333332632e+01
9.918333333333333712e+01
9.914666666666666117e+01
9.918000000000000682e+01
9.916666666666667140e+01
9.918333333333333712e+01
9.915666666666666629e+01
9.918500000000000227e+01
9.914499999999999602e+01
9.918000000000000682e+01
9.915999999999999659e+01
9.918833333333333258e+01
9.914833333333332632e+01
9.918833333333333258e+01
9.920000000000000284e+01
9.918000000000000682e+01
9.916500000000000625e+01
9.918166666666667197e+01
9.914833333333332632e+01
9.917833333333332746e+01
9.915166666666667084e+01
9.918500000000000227e+01
9.917000000000000171e+01
9.918500000000000227e+01
9.915333333333333599e+01
9.918500000000000227e+01
9.915166666666667084e+01
9.918000000000000682e+01
9.915833333333333144e+01
9.918333333333333712e+01
9.915333333333333599e+01
9.918333333333333712e+01
9.917166666666666686e+01
9.918666666666666742e+01
9.915500000000000114e+01
9.918833333333333258e+01
9.915666666666666629e+01
9.918666666666666742e+01
9.914333333333333087e+01
9.918333333333333712e+01
9.918333333333333712e+01
9.918666666666666742e+01
9.916666666666667140e+01
9.918833333333333258e+01
9.915833333333333144e+01
9.918833333333333258e+01
9.915666666666666629e+01
9.919333333333332803e+01
9.915666666666666629e+01
9.918833333333333258e+01
9.915333333333333599e+01
9.918833333333333258e+01
9.918999999999999773e+01
9.918666666666666742e+01
9.915999999999999659e+01
9.918333333333333712e+01
9.915333333333333599e+01
9.918833333333333258e+01
9.915500000000000114e+01
9.919499999999999318e+01
9.915833333333333144e+01
9.918999999999999773e+01
9.915166666666667084e+01
9.919166666666666288e+01
9.918666666666666742e+01
9.918166666666667197e+01
9.916166666666666174e+01
9.918833333333333258e+01
9.916500000000000625e+01
9.919166666666666288e+01
9.915999999999999659e+01
9.918333333333333712e+01
9.915833333333333144e+01
9.919666666666667254e+01
9.919333333333332803e+01
9.918333333333333712e+01
9.916500000000000625e+01
9.918833333333333258e+01
9.915999999999999659e+01
9.918999999999999773e+01
9.916333333333332689e+01
9.918833333333333258e+01
9.915666666666666629e+01
9.919166666666666288e+01
9.919833333333333769e+01
9.918999999999999773e+01
9.916666666666667140e+01
9.918666666666666742e+01
9.916500000000000625e+01
9.918999999999999773e+01
9.916833333333333655e+01
9.918666666666666742e+01
9.915999999999999659e+01
9.918999999999999773e+01
9.920333333333333314e+01
9.918833333333333258e+01
9.917166666666666686e+01
9.918333333333333712e+01
9.917333333333333201e+01
9.918666666666666742e+01
9.916166666666666174e+01
9.918666666666666742e+01
9.920000000000000284e+01
9.918999999999999773e+01
9.917499999999999716e+01
9.918833333333333258e+01
9.916666666666667140e+01
9.918166666666667197e+01
9.917666666666666231e+01
9.918500000000000227e+01
9.915500000000000114e+01
9.918999999999999773e+01
9.920666666666666345e+01
9.918666666666666742e+01
9.917833333333332746e+01
9.918999999999999773e+01
9.917166666666666686e+01
9.918500000000000227e+01
9.915999999999999659e+01
9.919166666666666288e+01
9.918833333333333258e+01
9.918833333333333258e+01
9.917333333333333201e+01
9.918666666666666742e+01
9.915999999999999659e+01
9.919166666666666288e+01
9.920166666666666799e+01
9.918999999999999773e+01
9.917666666666666231e+01
9.918500000000000227e+01
9.916833333333333655e+01
9.919166666666666288e+01
9.915833333333333144e+01
9.919166666666666288e+01
9.920333333333333314e+01
9.918500000000000227e+01
9.918166666666667197e+01
9.918833333333333258e+01
9.916666666666667140e+01
9.918999999999999773e+01
9.917833333333332746e+01
9.918500000000000227e+01
9.916333333333332689e+01
9.918999999999999773e+01
9.920333333333333314e+01
9.919666666666667254e+01
9.918166666666667197e+01
9.918500000000000227e+01
9.917166666666666686e+01
9.918500000000000227e+01
9.916666666666667140e+01
9.919166666666666288e+01
9.919166666666666288e+01
9.918833333333333258e+01
9.917833333333332746e+01
9.918833333333333258e+01
9.916500000000000625e+01
9.919166666666666288e+01
9.919666666666667254e+01
9.918500000000000227e+01
9.918000000000000682e+01
9.918833333333333258e+01
9.916166666666666174e+01
9.918999999999999773e+01
9.919166666666666288e+01
9.918166666666667197e+01
9.917499999999999716e+01
9.918833333333333258e+01
9.916500000000000625e+01
9.918999999999999773e+01
9.919666666666667254e+01
9.918833333333333258e+01
9.917000000000000171e+01
9.918999999999999773e+01
9.916500000000000625e+01
9.919833333333333769e+01
9.918166666666667197e+01
9.918666666666666742e+01
9.916666666666667140e+01
9.919166666666666288e+01
9.916833333333333655e+01
9.919499999999999318e+01
9.916666666666667140e+01
9.918999999999999773e+01
9.918166666666667197e+01
9.918666666666666742e+01
9.916666666666667140e+01
9.919166666666666288e+01
9.915999999999999659e+01
9.918666666666666742e+01
9.918000000000000682e+01
9.918833333333333258e+01
9.916500000000000625e+01
9.920166666666666799e+01
9.918500000000000227e+01
9.918000000000000682e+01
9.915999999999999659e+01
9.919166666666666288e+01
9.916500000000000625e+01
9.920000000000000284e+01
9.918666666666666742e+01
9.918166666666667197e+01
9.916833333333333655e+01
9.918833333333333258e+01
9.916333333333332689e+01
9.920000000000000284e+01
9.919833333333333769e+01
9.918666666666666742e+01
9.917000000000000171e+01
9.918500000000000227e+01
9.916166666666666174e+01
9.919166666666666288e+01
9.916166666666666174e+01
9.919166666666666288e+01
9.920000000000000284e+01
9.918999999999999773e+01
9.916833333333333655e+01
9.918333333333333712e+01
9.916166666666666174e+01
9.918666666666666742e+01
9.916333333333332689e+01
9.919333333333332803e+01
9.918833333333333258e+01
9.918500000000000227e+01
9.916666666666667140e+01
9.918500000000000227e+01
9.916333333333332689e+01
9.918999999999999773e+01
9.919499999999999318e+01
9.918666666666666742e+01
9.917333333333333201e+01
9.918833333333333258e+01
9.915666666666666629e+01
9.918833333333333258e+01
9.915833333333333144e+01
9.919166666666666288e+01
9.919333333333332803e+01
9.918500000000000227e+01
9.917000000000000171e+01
9.918500000000000227e+01
9.915833333333333144e+01
9.918500000000000227e+01
9.917333333333333201e+01
9.918833333333333258e+01
9.915833333333333144e+01
9.918833333333333258e+01
9.919666666666667254e+01
9.919333333333332803e+01
9.916833333333333655e+01
9.918666666666666742e+01
9.916666666666667140e+01
9.918833333333333258e+01
9.916500000000000625e+01
9.918666666666666742e+01
9.916833333333333655e+01
9.918833333333333258e+01
9.915666666666666629e+01
9.919333333333332803e+01
9.920000000000000284e+01
9.919166666666666288e+01
9.916666666666667140e+01
9.918999999999999773e+01
9.915833333333333144e+01
9.918666666666666742e+01
9.916833333333333655e+01
9.919166666666666288e+01
9.916666666666667140e+01
9.919333333333332803e+01
9.918500000000000227e+01
9.918666666666666742e+01
9.916666666666667140e+01
9.919166666666666288e+01
9.916666666666667140e+01
9.919166666666666288e+01
9.919833333333333769e+01
9.919166666666666288e+01
9.917333333333333201e+01
9.918999999999999773e+01
9.916500000000000625e+01
9.919666666666667254e+01
9.917000000000000171e+01
9.918999999999999773e+01
9.918833333333333258e+01
9.919333333333332803e+01
9.916500000000000625e+01
9.919833333333333769e+01
9.916833333333333655e+01
9.918500000000000227e+01
9.916333333333332689e+01
9.919166666666666288e+01
9.919666666666667254e+01
9.918833333333333258e+01
9.917000000000000171e+01
9.919333333333332803e+01
9.916166666666666174e+01
9.919499999999999318e+01
9.918333333333333712e+01
9.918833333333333258e+01
9.916833333333333655e+01
9.919166666666666288e+01
9.916166666666666174e+01
9.918500000000000227e+01
9.916166666666666174e+01
9.919166666666666288e+01
9.920333333333333314e+01
9.918999999999999773e+01
9.917333333333333201e+01
9.919499999999999318e+01
9.916333333333332689e+01
9.919166666666666288e+01
9.916500000000000625e+01
9.919499999999999318e+01
9.918999999999999773e+01
9.918833333333333258e+01
9.916500000000000625e+01
9.918500000000000227e+01
9.916333333333332689e+01
9.919499999999999318e+01
9.919333333333332803e+01
9.918500000000000227e+01
9.917166666666666686e+01
9.919166666666666288e+01
9.916166666666666174e+01
9.918666666666666742e+01
9.915999999999999659e+01
9.919166666666666288e+01
9.916666666666667140e+01
9.919833333333333769e+01
9.919499999999999318e+01
9.918500000000000227e+01
9.916833333333333655e+01
9.918666666666666742e+01
9.916500000000000625e+01
9.918833333333333258e+01
9.916666666666667140e+01
9.918333333333333712e+01
9.916333333333332689e+01
9.918666666666666742e+01
9.920333333333333314e+01
9.918999999999999773e+01
9.917666666666666231e+01
9.918999999999999773e+01
9.916666666666667140e+01
9.918833333333333258e+01
9.916333333333332689e+01
9.918833333333333258e+01
9.916666666666667140e+01
9.919166666666666288e+01
9.916500000000000625e+01
9.919333333333332803e+01
9.917000000000000171e+01
9.919666666666667254e+01
9.916500000000000625e+01
9.919166666666666288e+01
9.918833333333333258e+01
9.918500000000000227e+01
9.916833333333333655e+01
9.918833333333333258e+01
9.916333333333332689e+01
9.919666666666667254e+01
9.920000000000000284e+01
9.919166666666666288e+01
9.916666666666667140e+01
9.918833333333333258e+01
9.915999999999999659e+01
9.919333333333332803e+01
9.916166666666666174e+01
9.919166666666666288e+01
9.919333333333332803e+01
9.918500000000000227e+01
9.916666666666667140e+01
9.918833333333333258e+01
9.916333333333332689e+01
9.918500000000000227e+01
9.918999999999999773e+01
9.918500000000000227e+01
9.916500000000000625e+01
9.919166666666666288e+01
9.916166666666666174e+01
9.918999999999999773e+01
9.918166666666667197e+01
9.918333333333333712e+01
9.916166666666666174e+01
9.920000000000000284e+01
9.916166666666666174e+01
9.919166666666666288e+01
9.916500000000000625e+01
9.919833333333333769e+01
9.919333333333332803e+01
9.918500000000000227e+01
9.916500000000000625e+01
9.919666666666667254e+01
9.916833333333333655e+01
9.919499999999999318e+01
9.920000000000000284e+01
9.918666666666666742e+01
9.917166666666666686e+01
9.919166666666666288e+01
9.916166666666666174e+01
9.918999999999999773e+01
9.916166666666666174e+01
9.919333333333332803e+01
9.917666666666666231e+01
9.919666666666667254e+01
9.916500000000000625e+01
9.919166666666666288e+01
9.919833333333333769e+01
9.919833333333333769e+01
9.917000000000000171e+01
9.919666666666667254e+01
9.915999999999999659e+01
9.918833333333333258e+01
9.915999999999999659e+01
9.919499999999999318e+01
9.918000000000000682e+01
9.918833333333333258e+01
9.916166666666666174e+01
9.919499999999999318e+01
9.918666666666666742e+01
9.918999999999999773e+01
9.916833333333333655e+01
9.919333333333332803e+01
9.916333333333332689e+01
9.919666666666667254e+01
9.917499999999999716e+01
9.919166666666666288e+01
9.916500000000000625e+01
9.919499999999999318e+01
9.919666666666667254e+01
9.918833333333333258e+01
9.916500000000000625e+01
9.918666666666666742e+01
9.916500000000000625e+01
9.918833333333333258e+01
9.917000000000000171e+01
9.919166666666666288e+01
9.916833333333333655e+01
9.919333333333332803e+01
9.919833333333333769e+01
9.919333333333332803e+01
9.916666666666667140e+01
9.918666666666666742e+01
9.916833333333333655e+01
9.918833333333333258e+01
9.916333333333332689e+01
9.918999999999999773e+01
9.920000000000000284e+01
9.919333333333332803e+01
9.918333333333333712e+01
9.919166666666666288e+01
9.916833333333333655e+01
9.919166666666666288e+01
9.916500000000000625e+01
9.918833333333333258e+01
9.916833333333333655e+01
9.919166666666666288e+01
9.916666666666667140e+01
9.918833333333333258e+01
9.920000000000000284e+01
9.919499999999999318e+01
9.918000000000000682e+01
9.919166666666666288e+01
9.916666666666667140e+01
9.919333333333332803e+01
9.916666666666667140e+01
9.918500000000000227e+01
9.916500000000000625e+01
9.918833333333333258e+01
9.916166666666666174e+01
9.918666666666666742e+01
9.920000000000000284e+01
9.919166666666666288e+01
9.916666666666667140e+01
9.919333333333332803e+01
9.915999999999999659e+01
9.918666666666666742e+01
9.915833333333333144e+01
9.918833333333333258e+01
9.916333333333332689e+01
9.919166666666666288e+01
9.920333333333333314e+01
9.919666666666667254e+01
9.917666666666666231e+01
9.919499999999999318e+01
9.916500000000000625e+01
9.918666666666666742e+01
9.915999999999999659e+01
9.919166666666666288e+01
9.918166666666667197e+01
9.919333333333332803e+01
9.916500000000000625e+01
9.919666666666667254e+01
9.919499999999999318e+01
9.918999999999999773e+01
9.917166666666666686e+01
9.918999999999999773e+01
9.915999999999999659e+01
9.919166666666666288e+01
9.918666666666666742e+01
9.919166666666666288e+01
9.916500000000000625e+01
9.919666666666667254e+01
9.919166666666666288e+01
9.918833333333333258e+01
9.917000000000000171e+01
9.919166666666666288e+01
9.916333333333332689e+01
9.919666666666667254e+01
9.916500000000000625e+01
9.919833333333333769e+01
9.917000000000000171e+01
9.919166666666666288e+01
9.916166666666666174e+01
9.919666666666667254e+01
9.919499999999999318e+01
9.918166666666667197e+01
9.916333333333332689e+01
9.918833333333333258e+01
9.916333333333332689e+01
9.919499999999999318e+01
9.915833333333333144e+01
9.918833333333333258e+01
9.918833333333333258e+01
9.918833333333333258e+01
9.916500000000000625e+01
9.920166666666666799e+01
9.916333333333332689e+01
9.918833333333333258e+01
9.916500000000000625e+01
9.918999999999999773e+01
9.916166666666666174e+01
9.918833333333333258e+01
9.915999999999999659e+01
9.919499999999999318e+01
9.916666666666667140e+01
9.918833333333333258e+01
9.918833333333333258e+01
9.918833333333333258e+01
9.915999999999999659e+01
9.919833333333333769e+01
9.916666666666667140e+01
9.918666666666666742e+01
9.916833333333333655e+01
9.918833333333333258e+01
9.918833333333333258e+01
9.918333333333333712e+01
9.915999999999999659e+01
9.919166666666666288e+01
9.916333333333332689e+01
9.919333333333332803e+01
9.918833333333333258e+01
9.918500000000000227e+01
9.915999999999999659e+01
9.918833333333333258e+01
9.916166666666666174e+01
9.919499999999999318e+01
9.915999999999999659e+01
9.918833333333333258e+01
9.918666666666666742e+01
9.918999999999999773e+01
9.915999999999999659e+01
9.919499999999999318e+01
9.916333333333332689e+01
