4.868666666666666742e+01
6.260333333333333172e+01
7.223666666666666458e+01
7.787833333333333030e+01
8.047499999999999432e+01
8.231833333333332803e+01
8.432833333333333314e+01
8.647833333333332462e+01
8.858666666666667311e+01
9.045499999999999829e+01
9.193666666666666742e+01
9.309166666666666856e+01
9.406833333333332803e+01
9.489333333333333087e+01
9.541666666666667140e+01
9.564833333333334053e+01
9.581166666666666742e+01
9.626666666666666572e+01
9.629333333333333655e+01
9.668999999999999773e+01
9.650833333333333997e+01
9.698333333333333428e+01
9.687333333333333485e+01
9.721166666666667311e+01
9.698166666666666913e+01
9.739833333333334053e+01
9.718000000000000682e+01
9.753333333333333144e+01
9.728499999999999659e+01
9.767000000000000171e+01
9.740000000000000568e+01
9.778000000000000114e+01
9.746666666666666856e+01
9.784833333333332916e+01
9.750833333333333997e+01
9.793000000000000682e+01
9.756499999999999773e+01
9.801833333333333087e+01
9.764000000000000057e+01
9.806666666666666288e+01
9.768333333333333712e+01
9.812666666666666515e+01
9.773999999999999488e+01
9.816500000000000625e+01
9.775333333333333030e+01
9.821166666666667311e+01
9.778000000000000114e+01
9.824500000000000455e+01
9.778499999999999659e+01
9.826000000000000512e+01
9.780333333333332746e+01
9.827333333333334053e+01
9.780333333333332746e+01
9.828499999999999659e+01
9.783166666666666345e+01
9.830833333333333712e+01
9.783166666666666345e+01
9.831833333333332803e+01
9.784333333333333371e+01
9.833833333333333826e+01
9.783499999999999375e+01
9.836166666666666458e+01
9.790000000000000568e+01
9.836166666666666458e+01
9.787666666666666515e+01
9.836166666666666458e+01
9.786666666666666003e+01
9.837000000000000455e+01
9.784666666666666401e+01
9.838500000000000512e+01
9.787000000000000455e+01
9.838666666666667027e+01
9.784499999999999886e+01
9.840000000000000568e+01
9.783166666666666345e+01
9.841500000000000625e+01
9.784499999999999886e+01
9.842166666666666686e+01
9.783166666666666345e+01
9.842666666666666231e+01
9.781166666666666742e+01
9.843500000000000227e+01
9.788500000000000512e+01
9.843666666666666742e+01
9.787000000000000455e+01
9.843833333333333258e+01
9.784833333333332916e+01
9.844166666666666288e+01
9.781999999999999318e+01
9.843833333333333258e+01
9.779666666666666686e+01
9.845166666666666799e+01
9.788500000000000512e+01
9.844166666666666288e+01
9.787166666666666970e+01
9.843999999999999773e+01
9.785333333333333883e+01
9.844666666666667254e+01
9.783333333333332860e+01
9.844833333333333769e+01
9.781999999999999318e+01
9.845999999999999375e+01
9.778833333333332689e+01
9.846500000000000341e+01
9.781666666666666288e+01
9.845333333333333314e+01
9.779500000000000171e+01
9.846333333333333826e+01
9.778000000000000114e+01
9.848000000000000398e+01
9.780166666666666231e+01
9.848166666666666913e+01
9.778000000000000114e+01
9.848166666666666913e+01
9.775499999999999545e+01
9.848000000000000398e+01
9.778666666666666174e+01
9.848499999999999943e+01
9.776333333333333542e+01
9.848000000000000398e+01
9.774333333333333940e+01
9.848166666666666913e+01
9.779333333333333655e+01
9.846999999999999886e+01
9.776999999999999602e+01
9.847666666666667368e+01
9.774833333333333485e+01
9.848833333333332973e+01
9.773666666666666458e+01
9.849500000000000455e+01
9.771833333333333371e+01
9.850333333333333030e+01
9.774666666666666970e+01
9.850666666666666060e+01
9.772499999999999432e+01
9.850499999999999545e+01
9.770999999999999375e+01
9.851833333333333087e+01
9.769166666666666288e+01
9.851500000000000057e+01
9.768000000000000682e+01
9.851833333333333087e+01
9.779000000000000625e+01
9.850666666666666060e+01
9.776000000000000512e+01
9.851333333333333542e+01
9.774166666666666003e+01
9.851833333333333087e+01
9.772666666666665947e+01
9.851500000000000057e+01
9.771833333333333371e+01
9.851833333333333087e+01
9.770000000000000284e+01
9.852333333333332632e+01
9.767833333333332746e+01
9.853000000000000114e+01
9.776999999999999602e+01
9.851833333333333087e+01
9.774666666666666970e+01
9.852666666666667084e+01
9.772499999999999432e+01
9.852166666666666117e+01
9.770666666666666345e+01
9.853166666666666629e+01
9.768666666666666742e+01
9.852666666666667084e+01
9.767166666666666686e+01
9.852833333333333599e+01
9.765000000000000568e+01
9.851833333333333087e+01
9.764333333333333087e+01
9.851333333333333542e+01
9.768500000000000227e+01
9.851166666666667027e+01
9.765666666666666629e+01
9.850833333333333997e+01
9.763833333333333542e+01
9.850666666666666060e+01
9.761833333333333940e+01
9.851000000000000512e+01
9.759833333333332916e+01
9.851999999999999602e+01
9.773666666666666458e+01
9.851999999999999602e+01
9.770499999999999829e+01
9.851833333333333087e+01
9.768166666666667197e+01
9.851833333333333087e+01
9.766500000000000625e+01
9.851999999999999602e+01
9.762500000000000000e+01
9.852333333333332632e+01
9.760833333333333428e+01
9.851999999999999602e+01
9.758666666666667311e+01
9.854000000000000625e+01
9.774666666666666970e+01
9.850333333333333030e+01
9.772333333333332916e+01
9.851833333333333087e+01
9.770166666666666799e+01
9.851333333333333542e+01
9.767666666666666231e+01
9.851166666666667027e+01
9.765500000000000114e+01
9.851999999999999602e+01
9.762999999999999545e+01
9.850333333333333030e+01
9.761333333333332973e+01
9.850666666666666060e+01
9.762333333333333485e+01
9.851833333333333087e+01
9.759333333333333371e+01
9.850000000000000000e+01
9.758666666666667311e+01
9.850333333333333030e+01
9.762999999999999545e+01
9.848999999999999488e+01
9.760333333333333883e+01
9.851833333333333087e+01
9.775499999999999545e+01
9.850499999999999545e+01
9.773666666666666458e+01
9.849833333333333485e+01
9.772499999999999432e+01
9.849833333333333485e+01
9.769666666666667254e+01
9.849500000000000455e+01
9.768500000000000227e+01
9.850166666666666515e+01
9.764666666666666117e+01
9.849666666666666970e+01
9.762999999999999545e+01
9.849500000000000455e+01
9.762333333333333485e+01
9.848666666666666458e+01
9.761499999999999488e+01
9.850000000000000000e+01
9.766666666666667140e+01
9.848999999999999488e+01
9.763833333333333542e+01
9.848833333333332973e+01
9.762166666666666970e+01
9.848000000000000398e+01
9.760666666666666913e+01
9.847499999999999432e+01
9.759499999999999886e+01
9.848833333333332973e+01
9.770499999999999829e+01
9.846333333333333826e+01
9.767333333333333201e+01
9.847666666666667368e+01
9.764666666666666117e+01
9.846833333333333371e+01
9.762833333333333030e+01
9.848666666666666458e+01
9.760666666666666913e+01
9.847166666666666401e+01
9.759999999999999432e+01
9.845833333333332860e+01
9.759333333333333371e+01
9.845499999999999829e+01
9.759333333333333371e+01
9.846666666666666856e+01
9.764666666666666117e+01
9.844499999999999318e+01
9.762666666666666515e+01
9.844666666666667254e+01
9.761833333333333940e+01
9.844333333333332803e+01
9.760999999999999943e+01
9.843833333333333258e+01
9.760666666666666913e+01
9.843333333333333712e+01
9.759833333333332916e+01
9.844333333333332803e+01
9.775666666666666060e+01
9.846666666666666856e+01
9.771166666666667311e+01
9.846166666666667311e+01
9.769333333333332803e+01
9.845666666666666345e+01
9.766833333333333655e+01
9.845000000000000284e+01
9.765333333333333599e+01
9.845166666666666799e+01
9.763833333333333542e+01
9.844166666666666288e+01
9.761833333333333940e+01
9.843666666666666742e+01
9.759833333333332916e+01
9.843333333333333712e+01
9.759666666666666401e+01
9.843333333333333712e+01
9.756499999999999773e+01
9.842333333333333201e+01
9.754833333333333201e+01
9.841833333333333655e+01
9.754166666666667140e+01
9.842499999999999716e+01
9.771500000000000341e+01
9.843833333333333258e+01
9.769333333333332803e+01
9.842166666666666686e+01
9.767166666666666686e+01
9.841666666666667140e+01
9.765166666666667084e+01
9.843166666666667197e+01
9.762999999999999545e+01
9.841833333333333655e+01
9.761499999999999488e+01
9.841333333333332689e+01
9.758333333333332860e+01
9.840333333333333599e+01
9.757999999999999829e+01
9.842499999999999716e+01
9.768999999999999773e+01
9.841833333333333655e+01
9.765500000000000114e+01
9.841166666666666174e+01
9.763833333333333542e+01
9.845000000000000284e+01
9.760999999999999943e+01
9.843333333333333712e+01
9.758666666666667311e+01
9.841833333333333655e+01
9.757666666666666799e+01
9.840833333333333144e+01
9.755833333333333712e+01
9.839666666666666117e+01
9.762999999999999545e+01
9.841833333333333655e+01
9.760333333333333883e+01
9.840666666666666629e+01
9.757833333333333314e+01
9.840166666666667084e+01
9.756166666666666742e+01
9.839499999999999602e+01
9.754999999999999716e+01
9.838333333333333997e+01
9.754666666666666686e+01
9.839833333333334053e+01
9.773833333333332973e+01
9.840666666666666629e+01
9.770000000000000284e+01
9.839833333333334053e+01
9.767666666666666231e+01
9.839333333333333087e+01
9.765833333333333144e+01
9.840000000000000568e+01
9.762333333333333485e+01
9.839499999999999602e+01
9.760833333333333428e+01
9.838333333333333997e+01
9.758833333333333826e+01
9.837833333333333030e+01
9.757166666666667254e+01
9.837999999999999545e+01
9.756166666666666742e+01
9.837166666666666970e+01
9.754833333333333201e+01
9.835999999999999943e+01
9.754833333333333201e+01
9.837500000000000000e+01
9.765333333333333599e+01
9.836666666666666003e+01
9.761499999999999488e+01
9.837166666666666970e+01
9.759333333333333371e+01
9.836833333333333940e+01
9.757833333333333314e+01
9.835500000000000398e+01
9.756333333333333258e+01
9.836499999999999488e+01
9.758333333333332860e+01
9.836666666666666003e+01
9.756000000000000227e+01
9.836499999999999488e+01
9.754833333333333201e+01
9.834999999999999432e+01
9.752666666666667084e+01
9.832999999999999829e+01
9.750333333333333030e+01
9.832333333333333769e+01
9.753499999999999659e+01
9.834333333333333371e+01
9.754833333333333201e+01
9.832833333333333314e+01
9.754166666666667140e+01
9.832666666666666799e+01
9.751999999999999602e+01
9.830833333333333712e+01
9.751166666666667027e+01
9.833166666666666345e+01
9.773166666666666913e+01
9.833499999999999375e+01
9.768833333333333258e+01
9.834000000000000341e+01
9.766166666666666174e+01
9.833499999999999375e+01
9.762833333333333030e+01
9.833166666666666345e+01
9.761333333333332973e+01
9.834833333333332916e+01
9.759833333333332916e+01
9.833499999999999375e+01
9.758166666666666345e+01
9.831999999999999318e+01
9.756666666666666288e+01
9.831666666666666288e+01
9.754833333333333201e+01
9.833833333333333826e+01
9.761166666666666458e+01
9.833333333333332860e+01
9.758499999999999375e+01
9.831833333333332803e+01
9.757166666666667254e+01
9.834333333333333371e+01
9.754333333333333655e+01
9.832333333333333769e+01
9.753333333333333144e+01
9.831000000000000227e+01
9.751166666666667027e+01
9.830333333333332746e+01
9.772166666666666401e+01
9.831999999999999318e+01
9.768000000000000682e+01
9.830333333333332746e+01
9.765500000000000114e+01
9.829999999999999716e+01
9.762666666666666515e+01
9.829166666666667140e+01
9.760833333333333428e+01
9.830833333333333712e+01
9.758666666666667311e+01
9.830166666666666231e+01
9.757333333333333769e+01
9.829166666666667140e+01
9.756666666666666288e+01
9.831499999999999773e+01
9.762999999999999545e+01
9.829999999999999716e+01
9.760333333333333883e+01
9.829333333333333655e+01
9.759000000000000341e+01
9.829999999999999716e+01
9.758333333333332860e+01
9.828833333333332689e+01
9.755333333333332746e+01
9.829000000000000625e+01
9.753833333333332689e+01
9.829999999999999716e+01
9.768500000000000227e+01
9.830500000000000682e+01
9.765000000000000568e+01
9.829166666666667140e+01
9.763500000000000512e+01
9.829333333333333655e+01
9.760666666666666913e+01
9.828499999999999659e+01
9.759499999999999886e+01
9.828000000000000114e+01
9.759000000000000341e+01
9.828000000000000114e+01
9.756333333333333258e+01
9.827500000000000568e+01
9.754333333333333655e+01
9.828166666666666629e+01
9.765166666666667084e+01
9.827333333333334053e+01
9.761333333333332973e+01
9.828499999999999659e+01
9.759000000000000341e+01
9.829166666666667140e+01
9.757333333333333769e+01
9.828166666666666629e+01
9.754999999999999716e+01
9.827500000000000568e+01
9.753333333333333144e+01
9.825833333333333997e+01
9.751500000000000057e+01
9.827166666666666117e+01
9.779666666666666686e+01
9.829500000000000171e+01
9.774166666666666003e+01
9.827333333333334053e+01
9.771666666666666856e+01
9.827666666666667084e+01
9.768333333333333712e+01
9.827333333333334053e+01
9.765500000000000114e+01
9.827666666666667084e+01
9.763833333333333542e+01
9.827833333333333599e+01
9.762833333333333030e+01
9.827666666666667084e+01
9.760999999999999943e+01
9.827500000000000568e+01
9.759499999999999886e+01
9.827166666666666117e+01
9.759833333333332916e+01
9.828166666666666629e+01
9.757333333333333769e+01
9.827333333333334053e+01
9.754999999999999716e+01
9.828166666666666629e+01
9.764333333333333087e+01
9.826999999999999602e+01
9.760500000000000398e+01
9.826333333333333542e+01
9.758666666666667311e+01
9.826666666666666572e+01
9.756833333333332803e+01
9.825666666666666060e+01
9.754999999999999716e+01
9.824333333333333940e+01
9.753499999999999659e+01
9.825666666666666060e+01
9.769499999999999318e+01
9.826833333333333087e+01
9.764000000000000057e+01
9.826333333333333542e+01
9.762333333333333485e+01
9.825499999999999545e+01
9.759833333333332916e+01
9.826500000000000057e+01
9.757166666666667254e+01
9.825666666666666060e+01
9.755666666666667197e+01
9.824500000000000455e+01
9.755166666666666231e+01
9.824166666666666003e+01
9.756833333333332803e+01
9.825499999999999545e+01
9.754333333333333655e+01
9.824166666666666003e+01
9.752833333333333599e+01
9.824833333333333485e+01
9.765999999999999659e+01
9.824500000000000455e+01
9.762833333333333030e+01
9.823666666666666458e+01
9.760666666666666913e+01
9.824833333333333485e+01
9.760166666666665947e+01
9.824500000000000455e+01
9.757833333333333314e+01
9.823999999999999488e+01
9.755833333333333712e+01
9.826166666666667027e+01
9.764333333333333087e+01
9.823166666666666913e+01
9.761166666666666458e+01
9.823166666666666913e+01
9.758333333333332860e+01
9.823499999999999943e+01
9.758666666666667311e+01
9.825666666666666060e+01
9.770333333333333314e+01
9.824166666666666003e+01
9.768500000000000227e+01
9.824500000000000455e+01
9.765999999999999659e+01
9.823166666666666913e+01
9.764666666666666117e+01
9.823999999999999488e+01
9.765500000000000114e+01
9.823000000000000398e+01
9.763333333333333997e+01
9.822833333333333883e+01
9.760999999999999943e+01
9.824166666666666003e+01
9.757833333333333314e+01
9.823666666666666458e+01
9.756499999999999773e+01
9.822666666666665947e+01
9.755166666666666231e+01
9.821500000000000341e+01
9.772499999999999432e+01
9.825833333333333997e+01
9.767499999999999716e+01
9.824500000000000455e+01
9.766166666666666174e+01
9.823499999999999943e+01
9.764666666666666117e+01
9.822499999999999432e+01
9.762666666666666515e+01
9.823666666666666458e+01
9.760500000000000398e+01
9.823166666666666913e+01
9.759166666666666856e+01
9.821999999999999886e+01
9.758666666666667311e+01
9.823999999999999488e+01
9.785333333333333883e+01
9.825166666666666515e+01
9.781166666666666742e+01
9.824333333333333940e+01
9.779333333333333655e+01
9.824833333333333485e+01
9.776166666666667027e+01
9.825499999999999545e+01
9.773666666666666458e+01
9.824333333333333940e+01
9.772499999999999432e+01
9.824833333333333485e+01
9.770499999999999829e+01
9.823666666666666458e+01
9.769166666666666288e+01
9.824166666666666003e+01
9.769333333333332803e+01
9.822499999999999432e+01
9.767666666666666231e+01
9.821666666666666856e+01
9.765166666666667084e+01
9.824666666666666970e+01
9.762333333333333485e+01
9.823499999999999943e+01
9.761666666666666003e+01
9.820999999999999375e+01
9.759999999999999432e+01
9.820666666666666345e+01
9.762833333333333030e+01
9.823666666666666458e+01
9.758833333333333826e+01
9.821999999999999886e+01
9.756999999999999318e+01
9.822666666666665947e+01
9.768999999999999773e+01
9.820999999999999375e+01
9.766666666666667140e+01
9.820499999999999829e+01
9.764166666666666572e+01
9.821833333333333371e+01
9.762999999999999545e+01
9.820499999999999829e+01
9.761666666666666003e+01
9.819333333333332803e+01
9.759166666666666856e+01
9.824500000000000455e+01
9.797166666666666401e+01
9.823166666666666913e+01
9.791166666666666174e+01
9.823000000000000398e+01
9.789833333333334053e+01
9.822499999999999432e+01
9.787999999999999545e+01
9.822833333333333883e+01
9.785999999999999943e+01
9.822666666666665947e+01
9.784000000000000341e+01
9.822166666666666401e+01
9.781833333333332803e+01
9.823000000000000398e+01
9.779333333333333655e+01
9.822833333333333883e+01
9.777333333333334053e+01
9.822333333333332916e+01
9.776333333333333542e+01
9.821833333333333371e+01
9.774833333333333485e+01
9.822499999999999432e+01
9.775333333333333030e+01
9.821666666666666856e+01
9.773000000000000398e+01
9.821500000000000341e+01
9.771333333333333826e+01
9.822333333333332916e+01
9.770833333333332860e+01
9.820333333333333314e+01
9.768999999999999773e+01
9.819666666666667254e+01
9.766333333333332689e+01
9.820666666666666345e+01
9.769166666666666288e+01
9.821500000000000341e+01
9.765833333333333144e+01
9.820333333333333314e+01
9.764333333333333087e+01
9.822499999999999432e+01
9.764666666666666117e+01
9.820666666666666345e+01
9.763166666666666060e+01
9.819166666666666288e+01
9.760666666666666913e+01
9.821166666666667311e+01
9.776833333333333087e+01
9.822166666666666401e+01
9.772333333333332916e+01
9.822499999999999432e+01
9.769833333333333769e+01
9.821833333333333371e+01
9.767666666666666231e+01
9.823499999999999943e+01
9.765666666666666629e+01
9.821999999999999886e+01
9.763833333333333542e+01
9.821166666666667311e+01
9.762500000000000000e+01
9.821500000000000341e+01
9.765333333333333599e+01
9.820999999999999375e+01
9.762166666666666970e+01
9.820166666666666799e+01
9.761166666666666458e+01
9.821333333333333826e+01
9.759333333333333371e+01
9.819833333333333769e+01
9.757833333333333314e+01
9.818666666666666742e+01
9.765999999999999659e+01
9.823666666666666458e+01
9.765999999999999659e+01
9.821333333333333826e+01
9.764333333333333087e+01
9.820833333333332860e+01
9.762999999999999545e+01
9.819166666666666288e+01
9.761333333333332973e+01
9.820666666666666345e+01
9.759833333333332916e+01
9.819333333333332803e+01
9.758666666666667311e+01
9.818333333333333712e+01
9.758833333333333826e+01
9.820499999999999829e+01
9.789166666666666572e+01
9.821333333333333826e+01
9.782833333333333314e+01
9.821166666666667311e+01
9.781333333333333258e+01
9.820833333333332860e+01
9.779166666666667140e+01
9.821833333333333371e+01
9.777833333333333599e+01
9.820666666666666345e+01
9.776166666666667027e+01
9.822833333333333883e+01
9.773333333333333428e+01
9.821833333333333371e+01
9.771500000000000341e+01
9.821500000000000341e+01
9.770333333333333314e+01
9.821500000000000341e+01
9.769499999999999318e+01
9.820000000000000284e+01
9.767833333333332746e+01
9.818999999999999773e+01
9.765833333333333144e+01
9.818166666666667197e+01
9.764666666666666117e+01
9.819666666666667254e+01
9.765999999999999659e+01
9.819166666666666288e+01
9.764333333333333087e+01
9.817666666666666231e+01
9.762000000000000455e+01
9.820000000000000284e+01
9.761499999999999488e+01
9.818166666666667197e+01
9.759999999999999432e+01
9.818166666666667197e+01
9.770000000000000284e+01
9.821833333333333371e+01
9.765833333333333144e+01
9.819833333333333769e+01
9.763833333333333542e+01
9.819333333333332803e+01
9.763333333333333997e+01
9.817833333333332746e+01
9.762000000000000455e+01
9.819166666666666288e+01
9.764499999999999602e+01
9.819499999999999318e+01
9.762333333333333485e+01
9.818000000000000682e+01
9.760166666666665947e+01
9.819499999999999318e+01
9.769499999999999318e+01
9.817833333333332746e+01
9.766666666666667140e+01
9.818000000000000682e+01
9.765166666666667084e+01
9.819666666666667254e+01
9.767333333333333201e+01
9.818833333333333258e+01
9.764333333333333087e+01
9.817666666666666231e+01
9.763166666666666060e+01
9.818999999999999773e+01
9.760500000000000398e+01
9.817666666666666231e+01
9.758833333333333826e+01
9.817000000000000171e+01
9.757833333333333314e+01
9.815999999999999659e+01
9.765500000000000114e+01
9.821166666666667311e+01
9.766666666666667140e+01
9.819499999999999318e+01
9.764666666666666117e+01
9.818166666666667197e+01
9.763833333333333542e+01
9.817166666666666686e+01
9.762500000000000000e+01
9.817166666666666686e+01
9.759666666666666401e+01
9.816333333333332689e+01
9.757666666666666799e+01
9.817166666666666686e+01
9.783166666666666345e+01
9.821166666666667311e+01
9.776999999999999602e+01
9.820333333333333314e+01
9.775166666666666515e+01
9.820166666666666799e+01
9.774833333333333485e+01
9.820166666666666799e+01
9.772833333333333883e+01
9.820166666666666799e+01
9.770166666666666799e+01
9.821500000000000341e+01
9.768000000000000682e+01
9.820833333333332860e+01
9.767666666666666231e+01
9.819166666666666288e+01
9.766833333333333655e+01
9.818000000000000682e+01
9.764833333333332632e+01
9.816833333333333655e+01
9.765333333333333599e+01
9.818166666666667197e+01
9.774833333333333485e+01
9.819333333333332803e+01
9.771833333333333371e+01
9.817499999999999716e+01
9.770000000000000284e+01
9.819666666666667254e+01
9.767333333333333201e+01
9.818000000000000682e+01
9.765666666666666629e+01
9.817000000000000171e+01
9.765333333333333599e+01
9.818666666666666742e+01
9.775000000000000000e+01
9.819166666666666288e+01
9.771999999999999886e+01
9.818666666666666742e+01
9.770166666666666799e+01
9.820166666666666799e+01
9.767833333333332746e+01
9.818000000000000682e+01
9.766166666666666174e+01
9.817000000000000171e+01
9.765166666666667084e+01
9.815666666666666629e+01
9.763500000000000512e+01
9.817666666666666231e+01
9.764166666666666572e+01
9.817499999999999716e+01
9.762000000000000455e+01
9.816833333333333655e+01
9.759999999999999432e+01
9.817499999999999716e+01
9.771166666666667311e+01
9.817499999999999716e+01
9.767499999999999716e+01
9.819333333333332803e+01
9.765999999999999659e+01
9.818000000000000682e+01
9.764499999999999602e+01
9.816833333333333655e+01
9.764000000000000057e+01
9.818000000000000682e+01
9.770333333333333314e+01
9.817333333333333201e+01
9.767833333333332746e+01
9.816666666666667140e+01
9.766666666666667140e+01
9.819833333333333769e+01
9.773666666666666458e+01
9.817833333333332746e+01
9.772666666666665947e+01
9.816166666666666174e+01
9.770666666666666345e+01
9.819499999999999318e+01
9.768000000000000682e+01
9.818333333333333712e+01
9.766833333333333655e+01
9.817000000000000171e+01
9.765000000000000568e+01
9.817666666666666231e+01
9.771999999999999886e+01
9.820833333333332860e+01
9.767499999999999716e+01
9.819666666666667254e+01
9.766333333333332689e+01
9.818333333333333712e+01
9.764833333333332632e+01
9.819666666666667254e+01
9.763500000000000512e+01
9.819333333333332803e+01
9.760999999999999943e+01
9.817499999999999716e+01
9.759999999999999432e+01
9.818000000000000682e+01
9.773333333333333428e+01
9.820000000000000284e+01
9.769833333333333769e+01
9.818833333333333258e+01
9.767833333333332746e+01
9.817333333333333201e+01
9.766833333333333655e+01
9.818666666666666742e+01
9.765833333333333144e+01
9.817666666666666231e+01
9.764333333333333087e+01
9.816166666666666174e+01
9.762166666666666970e+01
9.817333333333333201e+01
9.784833333333332916e+01
9.819333333333332803e+01
9.777833333333333599e+01
9.819333333333332803e+01
9.776666666666666572e+01
9.818999999999999773e+01
9.774666666666666970e+01
9.818833333333333258e+01
9.772499999999999432e+01
9.818500000000000227e+01
9.770666666666666345e+01
9.818000000000000682e+01
9.769833333333333769e+01
9.819333333333332803e+01
9.768999999999999773e+01
9.817499999999999716e+01
9.767333333333333201e+01
9.816666666666667140e+01
9.765500000000000114e+01
9.819666666666667254e+01
9.775000000000000000e+01
9.818666666666666742e+01
9.772333333333332916e+01
9.817333333333333201e+01
9.771500000000000341e+01
9.818999999999999773e+01
9.769499999999999318e+01
9.818500000000000227e+01
9.767166666666666686e+01
9.816833333333333655e+01
9.765666666666666629e+01
9.818333333333333712e+01
9.767666666666666231e+01
9.818666666666666742e+01
9.765333333333333599e+01
9.816666666666667140e+01
9.764666666666666117e+01
9.818666666666666742e+01
9.774666666666666970e+01
9.819166666666666288e+01
9.771333333333333826e+01
9.818500000000000227e+01
9.769333333333332803e+01
9.819833333333333769e+01
9.767666666666666231e+01
9.817666666666666231e+01
9.766666666666667140e+01
9.817166666666666686e+01
9.765999999999999659e+01
9.816833333333333655e+01
9.765999999999999659e+01
9.816833333333333655e+01
9.763166666666666060e+01
9.816333333333332689e+01
9.762333333333333485e+01
9.816500000000000625e+01
9.783166666666666345e+01
9.820666666666666345e+01
9.776999999999999602e+01
9.820166666666666799e+01
9.775666666666666060e+01
9.819333333333332803e+01
9.774833333333333485e+01
9.818333333333333712e+01
9.772833333333333883e+01
9.818166666666667197e+01
9.770999999999999375e+01
9.817166666666666686e+01
9.770666666666666345e+01
9.819166666666666288e+01
9.770833333333332860e+01
9.818333333333333712e+01
9.769333333333332803e+01
9.816666666666667140e+01
9.766833333333333655e+01
9.817833333333332746e+01
9.765999999999999659e+01
9.817499999999999716e+01
9.765166666666667084e+01
9.815833333333333144e+01
