7.367499999999999716e+01
8.245000000000000284e+01
8.462833333333333030e+01
8.629833333333333201e+01
8.850166666666666515e+01
8.993999999999999773e+01
9.164833333333334053e+01
9.253000000000000114e+01
9.351000000000000512e+01
9.379666666666666686e+01
9.442000000000000171e+01
9.468666666666666742e+01
9.509833333333332916e+01
9.537500000000000000e+01
9.557666666666666799e+01
9.598499999999999943e+01
9.599333333333333940e+01
9.642000000000000171e+01
9.627333333333334053e+01
9.676166666666667027e+01
9.661166666666666458e+01
9.707166666666667254e+01
9.676166666666667027e+01
9.733833333333333826e+01
9.709499999999999886e+01
9.756166666666666742e+01
9.712666666666666515e+01
9.773333333333333428e+01
9.731000000000000227e+01
9.784499999999999886e+01
9.739833333333334053e+01
9.800000000000000000e+01
9.756666666666666288e+01
9.811333333333332973e+01
9.755833333333333712e+01
9.817833333333332746e+01
9.779666666666666686e+01
9.826500000000000057e+01
9.774166666666666003e+01
9.830833333333333712e+01
9.782166666666667254e+01
9.836499999999999488e+01
9.784166666666666856e+01
9.841500000000000625e+01
9.795833333333332860e+01
9.845666666666666345e+01
9.790666666666666629e+01
9.849500000000000455e+01
9.807833333333333314e+01
9.853166666666666629e+01
9.804333333333333655e+01
9.854999999999999716e+01
9.804166666666667140e+01
9.856499999999999773e+01
9.808666666666667311e+01
9.858333333333332860e+01
9.808666666666667311e+01
9.859833333333332916e+01
9.817666666666666231e+01
9.863666666666667027e+01
9.813666666666667027e+01
9.865833333333333144e+01
9.815500000000000114e+01
9.867166666666666686e+01
9.815333333333333599e+01
9.868000000000000682e+01
9.821500000000000341e+01
9.868999999999999773e+01
9.817333333333333201e+01
9.870999999999999375e+01
9.826000000000000512e+01
9.869833333333333769e+01
9.823499999999999943e+01
9.872166666666666401e+01
9.822833333333333883e+01
9.872166666666666401e+01
9.825000000000000000e+01
9.873000000000000398e+01
9.826333333333333542e+01
9.875000000000000000e+01
9.823833333333332973e+01
9.875000000000000000e+01
9.839499999999999602e+01
9.875166666666666515e+01
9.834499999999999886e+01
9.877833333333333599e+01
9.829833333333333201e+01
9.878333333333333144e+01
9.831000000000000227e+01
9.878499999999999659e+01
9.831833333333332803e+01
9.879000000000000625e+01
9.830500000000000682e+01
9.879666666666666686e+01
9.836499999999999488e+01
9.879999999999999716e+01
9.832166666666667254e+01
9.879500000000000171e+01
9.832999999999999829e+01
9.879999999999999716e+01
9.829999999999999716e+01
9.880666666666667197e+01
9.853333333333333144e+01
9.878666666666666174e+01
9.848000000000000398e+01
9.880833333333333712e+01
9.842333333333333201e+01
9.881499999999999773e+01
9.838166666666666060e+01
9.882500000000000284e+01
9.845333333333333314e+01
9.881499999999999773e+01
9.837999999999999545e+01
9.882500000000000284e+01
9.837000000000000455e+01
9.881833333333332803e+01
9.848833333333332973e+01
9.882999999999999829e+01
9.840500000000000114e+01
9.883666666666667311e+01
9.838166666666666060e+01
9.884166666666666856e+01
9.848499999999999943e+01
9.882166666666667254e+01
9.841500000000000625e+01
9.883333333333332860e+01
9.839833333333334053e+01
9.882833333333333314e+01
9.861666666666666003e+01
9.882833333333333314e+01
9.856833333333332803e+01
9.883833333333333826e+01
9.852833333333333599e+01
9.885166666666665947e+01
9.848333333333333428e+01
9.884999999999999432e+01
9.846999999999999886e+01
9.885333333333333883e+01
9.851666666666666572e+01
9.884999999999999432e+01
9.845666666666666345e+01
9.884999999999999432e+01
9.842499999999999716e+01
9.884333333333333371e+01
9.862999999999999545e+01
9.884000000000000341e+01
9.857666666666666799e+01
9.884666666666666401e+01
9.854000000000000625e+01
9.884999999999999432e+01
9.848999999999999488e+01
9.884333333333333371e+01
9.852333333333332632e+01
9.883499999999999375e+01
9.846166666666667311e+01
9.883333333333332860e+01
9.844499999999999318e+01
9.883333333333332860e+01
9.862500000000000000e+01
9.884000000000000341e+01
9.856999999999999318e+01
9.884666666666666401e+01
9.851333333333333542e+01
9.884499999999999886e+01
9.847666666666667368e+01
9.885666666666666913e+01
9.855166666666666231e+01
9.884000000000000341e+01
9.849833333333333485e+01
9.884166666666666856e+01
9.845833333333332860e+01
9.884999999999999432e+01
9.859333333333333371e+01
9.883833333333333826e+01
9.852500000000000568e+01
9.883499999999999375e+01
9.848499999999999943e+01
9.884333333333333371e+01
9.847333333333332916e+01
9.883166666666666345e+01
9.859499999999999886e+01
9.882500000000000284e+01
9.852833333333333599e+01
9.882833333333333314e+01
9.848999999999999488e+01
9.883666666666667311e+01
9.859499999999999886e+01
9.881666666666666288e+01
9.853666666666666174e+01
9.882500000000000284e+01
9.849166666666666003e+01
9.883166666666666345e+01
9.846999999999999886e+01
9.881999999999999318e+01
9.865166666666667084e+01
9.882833333333333314e+01
9.859000000000000341e+01
9.884166666666666856e+01
9.853166666666666629e+01
9.884833333333332916e+01
9.850499999999999545e+01
9.884666666666666401e+01
9.851500000000000057e+01
9.883166666666666345e+01
9.854833333333333201e+01
9.884000000000000341e+01
9.850666666666666060e+01
9.883499999999999375e+01
9.848000000000000398e+01
9.882666666666666799e+01
9.869499999999999318e+01
9.882166666666667254e+01
9.862833333333333030e+01
9.883499999999999375e+01
9.858833333333333826e+01
9.883333333333332860e+01
9.855333333333332746e+01
9.884000000000000341e+01
9.853666666666666174e+01
9.883499999999999375e+01
9.850833333333333997e+01
9.883333333333332860e+01
9.857166666666667254e+01
9.882500000000000284e+01
9.852333333333332632e+01
9.883333333333332860e+01
9.850333333333333030e+01
9.882833333333333314e+01
9.864166666666666572e+01
9.883166666666666345e+01
9.856333333333333258e+01
9.883666666666667311e+01
9.852166666666666117e+01
9.884000000000000341e+01
9.851666666666666572e+01
9.882833333333333314e+01
9.864333333333333087e+01
9.882833333333333314e+01
9.857500000000000284e+01
9.883666666666667311e+01
9.853166666666666629e+01
9.883666666666667311e+01
9.851500000000000057e+01
9.882833333333333314e+01
9.862833333333333030e+01
9.882999999999999829e+01
9.856499999999999773e+01
9.882833333333333314e+01
9.852166666666666117e+01
9.883166666666666345e+01
9.851166666666667027e+01
9.882666666666666799e+01
9.866666666666667140e+01
9.883166666666666345e+01
9.861333333333332973e+01
9.884000000000000341e+01
9.858333333333332860e+01
9.884000000000000341e+01
9.854999999999999716e+01
9.884000000000000341e+01
9.858499999999999375e+01
9.882666666666666799e+01
9.852833333333333599e+01
9.881499999999999773e+01
9.851500000000000057e+01
9.882500000000000284e+01
9.866666666666667140e+01
9.881999999999999318e+01
9.860833333333333428e+01
9.884166666666666856e+01
9.856999999999999318e+01
9.883833333333333826e+01
9.854833333333333201e+01
9.884333333333333371e+01
9.854000000000000625e+01
9.882500000000000284e+01
9.856833333333332803e+01
9.882666666666666799e+01
9.854666666666666686e+01
9.882666666666666799e+01
9.851333333333333542e+01
9.882166666666667254e+01
9.867333333333333201e+01
9.882666666666666799e+01
9.860166666666665947e+01
9.883333333333332860e+01
9.856999999999999318e+01
9.883666666666667311e+01
9.854833333333333201e+01
9.882999999999999829e+01
9.858666666666667311e+01
9.883166666666666345e+01
9.854833333333333201e+01
9.882999999999999829e+01
9.852500000000000568e+01
9.882500000000000284e+01
9.871500000000000341e+01
9.882666666666666799e+01
9.864000000000000057e+01
9.884666666666666401e+01
9.860666666666666913e+01
9.884666666666666401e+01
9.857666666666666799e+01
9.884666666666666401e+01
9.855666666666667197e+01
9.884166666666666856e+01
9.861499999999999488e+01
9.884166666666666856e+01
9.856833333333332803e+01
9.883833333333333826e+01
9.853833333333332689e+01
9.883166666666666345e+01
9.865833333333333144e+01
9.881666666666666288e+01
9.859833333333332916e+01
9.883666666666667311e+01
9.856666666666666288e+01
9.883833333333333826e+01
9.854666666666666686e+01
9.883333333333332860e+01
9.863666666666667027e+01
9.882166666666667254e+01
9.857999999999999829e+01
9.883666666666667311e+01
9.854999999999999716e+01
9.884000000000000341e+01
9.853333333333333144e+01
9.882999999999999829e+01
9.862999999999999545e+01
9.882166666666667254e+01
9.857999999999999829e+01
9.882500000000000284e+01
9.854666666666666686e+01
9.882500000000000284e+01
9.855166666666666231e+01
9.881000000000000227e+01
9.865666666666666629e+01
9.882166666666667254e+01
9.860999999999999943e+01
9.882833333333333314e+01
9.857333333333333769e+01
9.882999999999999829e+01
9.857999999999999829e+01
9.881499999999999773e+01
9.854166666666667140e+01
9.881999999999999318e+01
9.853333333333333144e+01
9.880500000000000682e+01
9.871500000000000341e+01
9.882333333333333769e+01
9.864166666666666572e+01
9.883499999999999375e+01
9.860166666666665947e+01
9.883166666666666345e+01
9.857500000000000284e+01
9.883499999999999375e+01
9.856333333333333258e+01
9.882999999999999829e+01
9.860666666666666913e+01
9.881666666666666288e+01
9.855833333333333712e+01
9.881999999999999318e+01
9.853166666666666629e+01
9.882666666666666799e+01
9.866166666666666174e+01
9.880500000000000682e+01
9.859666666666666401e+01
9.881499999999999773e+01
9.856666666666666288e+01
9.881666666666666288e+01
9.855666666666667197e+01
9.881666666666666288e+01
9.857999999999999829e+01
9.880500000000000682e+01
9.853333333333333144e+01
9.879833333333333201e+01
9.851500000000000057e+01
9.880500000000000682e+01
9.869166666666666288e+01
9.880500000000000682e+01
9.862666666666666515e+01
9.881833333333332803e+01
9.858833333333333826e+01
9.882500000000000284e+01
9.856499999999999773e+01
9.882500000000000284e+01
9.859499999999999886e+01
9.881333333333333258e+01
9.854833333333333201e+01
9.881833333333332803e+01
9.852333333333332632e+01
9.881833333333332803e+01
9.868000000000000682e+01
9.881499999999999773e+01
9.862166666666666970e+01
9.882166666666667254e+01
9.857666666666666799e+01
9.883666666666667311e+01
9.856499999999999773e+01
9.883166666666666345e+01
9.859999999999999432e+01
9.881333333333333258e+01
9.855500000000000682e+01
9.881333333333333258e+01
9.854000000000000625e+01
9.882999999999999829e+01
9.865666666666666629e+01
9.879999999999999716e+01
9.859333333333333371e+01
9.881999999999999318e+01
9.856833333333332803e+01
9.881833333333332803e+01
9.856166666666666742e+01
9.881499999999999773e+01
9.862000000000000455e+01
9.880666666666667197e+01
9.857166666666667254e+01
9.881333333333333258e+01
9.855500000000000682e+01
9.880833333333333712e+01
9.857500000000000284e+01
9.879999999999999716e+01
9.853666666666666174e+01
9.880500000000000682e+01
9.853666666666666174e+01
9.879166666666667140e+01
9.868999999999999773e+01
9.880500000000000682e+01
9.864000000000000057e+01
9.881333333333333258e+01
9.859666666666666401e+01
9.881666666666666288e+01
9.857166666666667254e+01
9.881999999999999318e+01
9.855833333333333712e+01
9.881166666666666742e+01
9.865666666666666629e+01
9.880166666666666231e+01
9.859499999999999886e+01
9.880833333333333712e+01
9.857166666666667254e+01
9.880500000000000682e+01
9.855666666666667197e+01
9.880333333333332746e+01
9.855500000000000682e+01
9.879666666666666686e+01
9.866833333333333655e+01
9.880166666666666231e+01
9.861499999999999488e+01
9.880333333333332746e+01
9.858499999999999375e+01
9.880500000000000682e+01
9.857666666666666799e+01
9.880333333333332746e+01
9.854500000000000171e+01
9.879833333333333201e+01
9.854666666666666686e+01
9.879666666666666686e+01
9.866166666666666174e+01
9.878666666666666174e+01
9.860833333333333428e+01
9.879999999999999716e+01
9.856000000000000227e+01
9.880500000000000682e+01
9.855166666666666231e+01
9.879500000000000171e+01
9.863833333333333542e+01
9.878666666666666174e+01
9.859333333333333371e+01
9.879833333333333201e+01
9.854999999999999716e+01
9.879166666666667140e+01
9.858833333333333826e+01
9.878166666666666629e+01
9.856000000000000227e+01
9.878666666666666174e+01
9.853499999999999659e+01
9.879166666666667140e+01
9.869833333333333769e+01
9.879666666666666686e+01
9.864000000000000057e+01
9.881000000000000227e+01
9.860666666666666913e+01
9.880666666666667197e+01
9.856999999999999318e+01
9.880333333333332746e+01
9.855333333333332746e+01
9.879000000000000625e+01
9.855666666666667197e+01
9.878666666666666174e+01
9.861333333333332973e+01
9.879166666666667140e+01
9.855666666666667197e+01
9.879000000000000625e+01
9.855166666666666231e+01
9.878499999999999659e+01
9.867000000000000171e+01
9.879333333333333655e+01
9.861833333333333940e+01
9.879666666666666686e+01
9.857999999999999829e+01
9.879666666666666686e+01
9.855833333333333712e+01
9.878833333333332689e+01
9.854000000000000625e+01
9.879000000000000625e+01
9.867166666666666686e+01
9.878833333333332689e+01
9.860833333333333428e+01
9.879999999999999716e+01
9.858166666666666345e+01
9.878833333333332689e+01
9.856999999999999318e+01
9.878666666666666174e+01
9.853499999999999659e+01
9.878666666666666174e+01
9.853333333333333144e+01
9.879000000000000625e+01
9.870000000000000284e+01
9.879999999999999716e+01
9.863666666666667027e+01
9.879999999999999716e+01
9.859333333333333371e+01
9.879500000000000171e+01
9.855500000000000682e+01
9.879999999999999716e+01
9.856166666666666742e+01
9.879833333333333201e+01
9.865999999999999659e+01
9.879833333333333201e+01
9.859833333333332916e+01
9.879333333333333655e+01
9.855833333333333712e+01
9.879166666666667140e+01
9.856333333333333258e+01
9.879166666666667140e+01
9.859999999999999432e+01
9.879000000000000625e+01
9.855333333333332746e+01
9.878499999999999659e+01
9.853833333333332689e+01
9.878166666666666629e+01
9.870166666666666799e+01
9.879666666666666686e+01
9.862833333333333030e+01
9.880166666666666231e+01
9.859166666666666856e+01
9.879833333333333201e+01
9.856833333333332803e+01
9.879666666666666686e+01
9.854500000000000171e+01
9.879166666666667140e+01
9.865666666666666629e+01
9.878833333333332689e+01
9.860500000000000398e+01
9.879000000000000625e+01
9.856166666666666742e+01
9.879000000000000625e+01
9.855500000000000682e+01
9.878833333333332689e+01
9.861833333333333940e+01
9.879333333333333655e+01
9.855833333333333712e+01
9.879333333333333655e+01
9.855833333333333712e+01
9.878499999999999659e+01
9.869166666666666288e+01
9.878666666666666174e+01
9.863500000000000512e+01
9.879333333333333655e+01
9.857666666666666799e+01
9.879166666666667140e+01
9.856833333333332803e+01
9.878499999999999659e+01
9.855833333333333712e+01
9.878166666666666629e+01
9.857166666666667254e+01
9.877333333333332632e+01
9.867833333333332746e+01
9.878833333333332689e+01
9.862833333333333030e+01
9.879333333333333655e+01
9.858333333333332860e+01
9.878333333333333144e+01
9.859333333333333371e+01
9.877833333333333599e+01
9.856166666666666742e+01
9.877666666666667084e+01
9.853833333333332689e+01
9.878499999999999659e+01
9.868500000000000227e+01
9.877833333333333599e+01
9.862666666666666515e+01
9.878000000000000114e+01
9.858833333333333826e+01
9.878333333333333144e+01
9.855500000000000682e+01
9.878499999999999659e+01
9.854500000000000171e+01
9.878000000000000114e+01
9.868833333333333258e+01
9.878666666666666174e+01
9.864000000000000057e+01
9.878666666666666174e+01
9.859000000000000341e+01
9.878666666666666174e+01
9.856166666666666742e+01
9.878333333333333144e+01
9.861333333333332973e+01
9.878000000000000114e+01
9.856166666666666742e+01
9.878166666666666629e+01
9.854000000000000625e+01
9.878000000000000114e+01
9.868333333333333712e+01
9.878333333333333144e+01
9.863666666666667027e+01
9.878666666666666174e+01
9.858666666666667311e+01
9.878499999999999659e+01
9.857166666666667254e+01
9.878499999999999659e+01
9.861166666666666458e+01
9.877833333333333599e+01
9.856333333333333258e+01
9.878000000000000114e+01
9.854666666666666686e+01
9.878666666666666174e+01
9.867833333333332746e+01
9.878333333333333144e+01
9.864000000000000057e+01
9.878833333333332689e+01
9.858666666666667311e+01
9.878833333333332689e+01
9.856999999999999318e+01
9.879833333333333201e+01
9.856666666666666288e+01
9.879000000000000625e+01
9.856833333333332803e+01
9.877833333333333599e+01
9.854000000000000625e+01
9.878000000000000114e+01
9.854833333333333201e+01
9.876999999999999602e+01
9.865166666666667084e+01
9.876833333333333087e+01
9.861666666666666003e+01
9.878166666666666629e+01
9.857166666666667254e+01
9.877666666666667084e+01
9.855500000000000682e+01
9.877666666666667084e+01
9.867833333333332746e+01
9.877666666666667084e+01
9.863333333333333997e+01
9.879000000000000625e+01
9.859499999999999886e+01
9.877833333333333599e+01
9.857166666666667254e+01
9.879000000000000625e+01
9.859999999999999432e+01
9.877333333333332632e+01
9.855333333333332746e+01
9.877666666666667084e+01
9.854500000000000171e+01
9.877833333333333599e+01
9.865166666666667084e+01
9.876833333333333087e+01
9.860333333333333883e+01
9.877500000000000568e+01
9.856166666666666742e+01
9.877166666666666117e+01
9.856000000000000227e+01
9.877666666666667084e+01
9.856666666666666288e+01
9.876999999999999602e+01
9.852166666666666117e+01
9.876833333333333087e+01
9.852666666666667084e+01
9.876999999999999602e+01
9.866500000000000625e+01
9.876666666666666572e+01
9.861666666666666003e+01
9.878499999999999659e+01
9.856333333333333258e+01
9.878000000000000114e+01
9.856499999999999773e+01
9.877666666666667084e+01
9.857333333333333769e+01
9.876999999999999602e+01
9.853666666666666174e+01
9.876999999999999602e+01
9.856166666666666742e+01
9.876333333333333542e+01
9.851666666666666572e+01
9.876500000000000057e+01
9.863666666666667027e+01
9.876500000000000057e+01
9.859333333333333371e+01
9.877333333333332632e+01
9.854666666666666686e+01
9.877333333333332632e+01
9.854166666666667140e+01
9.877500000000000568e+01
9.867000000000000171e+01
9.877666666666667084e+01
9.862333333333333485e+01
9.878000000000000114e+01
9.858166666666666345e+01
9.879000000000000625e+01
9.856166666666666742e+01
9.879000000000000625e+01
9.856000000000000227e+01
9.878000000000000114e+01
9.861833333333333940e+01
9.878000000000000114e+01
9.856333333333333258e+01
9.877666666666667084e+01
9.854999999999999716e+01
9.877166666666666117e+01
9.863833333333333542e+01
9.876500000000000057e+01
9.858499999999999375e+01
9.877666666666667084e+01
9.854666666666666686e+01
9.877500000000000568e+01
9.853666666666666174e+01
9.876666666666666572e+01
9.857999999999999829e+01
9.876666666666666572e+01
9.856000000000000227e+01
9.876166666666667027e+01
9.853000000000000114e+01
9.876333333333333542e+01
9.852333333333332632e+01
9.876166666666667027e+01
9.868999999999999773e+01
9.876666666666666572e+01
9.863666666666667027e+01
9.878333333333333144e+01
9.860166666666665947e+01
9.878000000000000114e+01
9.856833333333332803e+01
9.877166666666666117e+01
9.854833333333333201e+01
9.876833333333333087e+01
9.867499999999999716e+01
9.877166666666666117e+01
9.862166666666666970e+01
9.877833333333333599e+01
9.858666666666667311e+01
9.878499999999999659e+01
9.856166666666666742e+01
9.877333333333332632e+01
9.855666666666667197e+01
9.877166666666666117e+01
9.858666666666667311e+01
9.876333333333333542e+01
9.855166666666666231e+01
9.876166666666667027e+01
9.854166666666667140e+01
9.876333333333333542e+01
9.868000000000000682e+01
9.876666666666666572e+01
9.862833333333333030e+01
9.878166666666666629e+01
9.859666666666666401e+01
9.878000000000000114e+01
9.856499999999999773e+01
9.877500000000000568e+01
9.856666666666666288e+01
9.877666666666667084e+01
9.862166666666666970e+01
9.877666666666667084e+01
9.856666666666666288e+01
9.876999999999999602e+01
9.854833333333333201e+01
9.876166666666667027e+01
9.867333333333333201e+01
9.876166666666667027e+01
9.861499999999999488e+01
9.876666666666666572e+01
9.858166666666666345e+01
9.877666666666667084e+01
9.855666666666667197e+01
9.877333333333332632e+01
9.866666666666667140e+01
9.876833333333333087e+01
9.860999999999999943e+01
9.876833333333333087e+01
9.857666666666666799e+01
9.878166666666666629e+01
9.854833333333333201e+01
9.877166666666666117e+01
9.856999999999999318e+01
9.876666666666666572e+01
9.854166666666667140e+01
9.876666666666666572e+01
9.853166666666666629e+01
9.876333333333333542e+01
9.867833333333332746e+01
9.877166666666666117e+01
9.861833333333333940e+01
9.877833333333333599e+01
9.857833333333333314e+01
9.878166666666666629e+01
9.855833333333333712e+01
9.876999999999999602e+01
9.855333333333332746e+01
9.877500000000000568e+01
9.865500000000000114e+01
9.876500000000000057e+01
9.859999999999999432e+01
9.877666666666667084e+01
9.856833333333332803e+01
9.877833333333333599e+01
9.855833333333333712e+01
9.876833333333333087e+01
9.852333333333332632e+01
9.876999999999999602e+01
9.858833333333333826e+01
9.876666666666666572e+01
9.854166666666667140e+01
9.876999999999999602e+01
9.851666666666666572e+01
9.877333333333332632e+01
9.868999999999999773e+01
9.876999999999999602e+01
9.862999999999999545e+01
9.878166666666666629e+01
9.858666666666667311e+01
9.878666666666666174e+01
9.856333333333333258e+01
9.877833333333333599e+01
9.854999999999999716e+01
9.878166666666666629e+01
9.869166666666666288e+01
9.877666666666667084e+01
9.862833333333333030e+01
9.878166666666666629e+01
9.860333333333333883e+01
9.878833333333332689e+01
9.857666666666666799e+01
9.877333333333332632e+01
9.857333333333333769e+01
9.877166666666666117e+01
9.854666666666666686e+01
9.876666666666666572e+01
9.854500000000000171e+01
9.877333333333332632e+01
9.867166666666666686e+01
9.876666666666666572e+01
9.861833333333333940e+01
9.877833333333333599e+01
9.857333333333333769e+01
9.877500000000000568e+01
9.856333333333333258e+01
9.877333333333332632e+01
9.866666666666667140e+01
9.876833333333333087e+01
9.861833333333333940e+01
9.877666666666667084e+01
9.857166666666667254e+01
9.877166666666666117e+01
9.856833333333332803e+01
9.876999999999999602e+01
9.859166666666666856e+01
9.876500000000000057e+01
9.854999999999999716e+01
9.876000000000000512e+01
9.852666666666667084e+01
9.876500000000000057e+01
9.869333333333332803e+01
9.877166666666666117e+01
9.864333333333333087e+01
9.876999999999999602e+01
9.860833333333333428e+01
9.878499999999999659e+01
9.857333333333333769e+01
9.877166666666666117e+01
9.855500000000000682e+01
9.878166666666666629e+01
9.868333333333333712e+01
9.877500000000000568e+01
9.863333333333333997e+01
9.877833333333333599e+01
9.860333333333333883e+01
9.878666666666666174e+01
9.858333333333332860e+01
9.879166666666667140e+01
9.857500000000000284e+01
9.877666666666667084e+01
9.854999999999999716e+01
9.877333333333332632e+01
9.855500000000000682e+01
9.876999999999999602e+01
9.862500000000000000e+01
9.876666666666666572e+01
9.857333333333333769e+01
9.876999999999999602e+01
9.855500000000000682e+01
9.877333333333332632e+01
9.867166666666666686e+01
9.876999999999999602e+01
9.862999999999999545e+01
9.877666666666667084e+01
9.859000000000000341e+01
9.877500000000000568e+01
9.857166666666667254e+01
9.876833333333333087e+01
9.856999999999999318e+01
9.876666666666666572e+01
9.858833333333333826e+01
9.876333333333333542e+01
9.856000000000000227e+01
9.875499999999999545e+01
9.853666666666666174e+01
9.875666666666666060e+01
9.871333333333333826e+01
9.877500000000000568e+01
9.866666666666667140e+01
9.877833333333333599e+01
9.862999999999999545e+01
9.878666666666666174e+01
9.860333333333333883e+01
9.879500000000000171e+01
9.857833333333333314e+01
9.878166666666666629e+01
9.856166666666666742e+01
9.877666666666667084e+01
9.858499999999999375e+01
9.877166666666666117e+01
9.853833333333332689e+01
9.877666666666667084e+01
9.864000000000000057e+01
9.876999999999999602e+01
9.858333333333332860e+01
9.876666666666666572e+01
9.855833333333333712e+01
9.877500000000000568e+01
9.865333333333333599e+01
9.876999999999999602e+01
9.859999999999999432e+01
9.876999999999999602e+01
9.856166666666666742e+01
9.876333333333333542e+01
9.855333333333332746e+01
9.876666666666666572e+01
9.863666666666667027e+01
9.876166666666667027e+01
9.858833333333333826e+01
9.876666666666666572e+01
9.856166666666666742e+01
9.877166666666666117e+01
9.864833333333334053e+01
9.876999999999999602e+01
9.859499999999999886e+01
9.876666666666666572e+01
9.856499999999999773e+01
9.877166666666666117e+01
9.856333333333333258e+01
9.876666666666666572e+01
9.854500000000000171e+01
9.875666666666666060e+01
9.854500000000000171e+01
9.876000000000000512e+01
9.867000000000000171e+01
9.876333333333333542e+01
9.860666666666666913e+01
9.876500000000000057e+01
9.856666666666666288e+01
9.876666666666666572e+01
9.857166666666667254e+01
9.876000000000000512e+01
9.862166666666666970e+01
9.875333333333333030e+01
9.858666666666667311e+01
9.875166666666666515e+01
9.855166666666666231e+01
9.875333333333333030e+01
9.867333333333333201e+01
9.876999999999999602e+01
9.862500000000000000e+01
9.876833333333333087e+01
9.857833333333333314e+01
9.877666666666667084e+01
9.856166666666666742e+01
9.876666666666666572e+01
9.853666666666666174e+01
9.877666666666667084e+01
9.870166666666666799e+01
9.876999999999999602e+01
9.864666666666666117e+01
9.878666666666666174e+01
9.860999999999999943e+01
9.878499999999999659e+01
9.858333333333332860e+01
9.878333333333333144e+01
9.855333333333332746e+01
9.878000000000000114e+01
