2.819417667620340850e-01
2.972330529591386550e-01
3.148580114754284121e-01
3.362869666233150312e-01
3.583083561502944936e-01
3.797802732097085854e-01
4.004686033071356843e-01
4.201155399102260435e-01
4.353578688142084596e-01
4.532672330992497667e-01
4.672816952435474014e-01
4.863944464739382023e-01
5.053274722774308003e-01
5.234958386801710217e-01
5.425363424741020957e-01
5.607647945055767025e-01
5.790699391853607603e-01
5.968663003684886448e-01
6.144344487608980332e-01
6.320084717988747602e-01
6.495883340280633744e-01
6.674085147860717715e-01
6.847654352098448971e-01
7.021279377328250026e-01
7.197307302799572648e-01
7.382784643139126413e-01
7.594164025612830660e-01
7.760975682326460845e-01
7.923136130474700556e-01
8.094748088570299371e-01
8.264060169584206417e-01
8.428717386077089202e-01
8.591068646108028783e-01
8.744050044615893080e-01
8.908844350374994780e-01
9.073685174764334338e-01
9.245639872155099193e-01
9.408218370026473210e-01
9.568484123087402926e-01
9.728792784464477261e-01
9.867918704738232183e-01
1.000000000000000000e+00
