9.452817388408344401e-01
9.143010409531788785e-01
8.687453001449685352e-01
8.310394178598521364e-01
7.932829444065385704e-01
7.536617066477061533e-01
7.264345207106470692e-01
6.954847291372291407e-01
6.702212163979743842e-01
6.440646792268900356e-01
6.171137613944539524e-01
5.951812676612818764e-01
5.754783090904486142e-01
5.517580438310686342e-01
5.396413765143778241e-01
5.273582343374039194e-01
5.143900398062212220e-01
4.996606718338494346e-01
4.831071847518998430e-01
4.717505082429353513e-01
4.586336240901162653e-01
4.464836743968398358e-01
4.246575849417102422e-01
4.235286166248392603e-01
4.155999369641797392e-01
4.133263381373298295e-01
4.059120853522926731e-01
3.996088805629287588e-01
3.921251563945489793e-01
3.840246132805845147e-01
3.787949127683076234e-01
3.671122108515344484e-01
3.653526266960269164e-01
3.624158729240850585e-01
3.612397376840879026e-01
3.535750554326027584e-01
3.482488314087965331e-01
3.452828609172254870e-01
3.387404192782120238e-01
3.363555000691884622e-01
3.315763948560015995e-01
3.285832257772122178e-01
3.267850406047095868e-01
