3.014357412851165208e-01
3.166378191894285710e-01
3.341604612568548904e-01
3.554657434213173151e-01
3.773608663476686886e-01
3.987104678665421287e-01
4.192816890059579693e-01
4.388180823562610189e-01
4.539750981094897164e-01
4.717847186542598048e-01
4.857215020230516989e-01
5.047288408548761263e-01
5.235580396326271480e-01
5.416273252041585717e-01
5.605645698184548165e-01
5.786947175572452196e-01
5.969016837652584284e-01
6.146031107185259135e-01
6.320780380265677012e-01
6.495592990044465331e-01
6.670468562961880954e-01
6.847739657452991402e-01
7.020407113828567303e-01
7.193134786013650750e-01
7.368257697775584258e-01
7.552786598123556461e-01
7.763091504184653768e-01
7.929060026018595053e-01
8.090404882406273535e-01
8.261158021818864050e-01
8.429627115047256813e-01
8.593468615902841723e-01
8.755019518988447214e-01
8.907250310287220252e-01
9.071239892790632364e-01
9.235279736448349652e-01
9.406403095757098765e-01
9.568199519853681778e-01
9.727698048340948089e-01
9.887242960602912190e-01
1.002570902159702459e+00
