1.000000000000000000e+00
9.634471306228743481e-01
9.108546227952020180e-01
8.681871582928786246e-01
8.261106591346031314e-01
7.825451412960173769e-01
7.529092767119623941e-01
7.194829041306533002e-01
6.923825988624559002e-01
6.644817756795815544e-01
6.358854625402969862e-01
6.127176635989900477e-01
5.919779867822504427e-01
5.670944204589304372e-01
5.544169970353741705e-01
5.415872316026469901e-01
5.280647759462364643e-01
5.127330590996721504e-01
4.955354312400797046e-01
4.837559642141028848e-01
4.701692543338907848e-01
4.576010865404385175e-01
4.350626182547125409e-01
4.338981091331169937e-01
4.257233292805328029e-01
4.233802763749962006e-01
4.157429238842712538e-01
4.092540630015163439e-01
4.015545882346537310e-01
3.932260988603513141e-01
3.878522523020317969e-01
3.758558583384974394e-01
3.740500033297442517e-01
3.710365821907111172e-01
3.698299373532911716e-01
3.619691229852770586e-01
3.565093148949157742e-01
3.534699030100215689e-01
3.467678177574961551e-01
3.443254996735697349e-01
3.394326351044193446e-01
3.363690659812684780e-01
3.345288978435089766e-01
3.302293011713757220e-01
