1.000000000000000000e+00
9.469658351440737309e-01
8.886032302091672053e-01
8.276308114101957880e-01
7.824170358375067691e-01
7.230449049771945358e-01
6.719271099736108255e-01
6.256213191610416890e-01
5.992729224655815035e-01
5.567972622210449751e-01
5.157680781636672096e-01
4.897740326321711191e-01
4.672594793042504913e-01
4.382268048443409558e-01
4.063001462430837485e-01
3.839832389736351215e-01
3.605677749955904510e-01
3.425697342287248870e-01
3.258313615001728336e-01
3.036227868279734454e-01
2.911471873309074421e-01
2.780034219208555868e-01
2.584240599785274650e-01
2.398305494400234661e-01
2.257044297827339174e-01
2.091564428463618397e-01
1.890468969822474976e-01
1.771240030992904113e-01
1.683588023853002658e-01
1.483710546953192766e-01
1.267635411103714416e-01
1.106330595596222294e-01
9.971433046580936710e-02
8.836568880305958884e-02
7.943100430748814555e-02
7.284191807624774972e-02
6.502189533247415554e-02
5.727201579298833722e-02
4.877521254817528823e-02
3.977394969847010409e-02
3.231653259806041567e-02
2.484936845183373377e-02
1.720815352116016050e-02
1.145015672500084708e-02
8.157373869314752876e-03
5.521848064075657314e-03
0.000000000000000000e+00
1.145172338025555320e-03
6.344689419649825884e-03
8.739580675770833654e-03
5.029942832774803030e-03
