8.317646286108118514e-02
1.279009479806376970e-01
1.831183144684406239e-01
2.629313408782645856e-01
3.169545639193538933e-01
3.805719868767358238e-01
4.248309232399721802e-01
4.542161520128619734e-01
4.754629817743785680e-01
5.089353643161909080e-01
5.386419685385688272e-01
5.645678181710335197e-01
5.859252920446003099e-01
6.047157812584388337e-01
6.249062757649980204e-01
6.444437222834945578e-01
6.569499978675041874e-01
6.709769130266083348e-01
6.822883438400054734e-01
6.953844735004792721e-01
7.076594598134230418e-01
7.140779036279211178e-01
7.264702697229660222e-01
7.403145550618920323e-01
7.517261313629776120e-01
7.656594575839084094e-01
7.810450395964199100e-01
7.875372872808104052e-01
8.019544816936158282e-01
8.124833876640948915e-01
8.251515770537866112e-01
8.405417509518756658e-01
8.587499631101617181e-01
8.746040794764023962e-01
8.830845372848465935e-01
8.866518621935506328e-01
8.923645722067290453e-01
8.970821346205669622e-01
9.048822005769100452e-01
9.103989636817910736e-01
9.174998851926209342e-01
9.227415660287536792e-01
9.366223631555853357e-01
9.454133692170845205e-01
9.535670837382189680e-01
9.550835493521169228e-01
9.659259840851452950e-01
9.767865943310105603e-01
9.828763148026691265e-01
9.875923707500057214e-01
9.939097165888767238e-01
9.997238457218358132e-01
