0.000000000000000000e+00
5.476240337029401883e-02
1.204328789822224632e-01
2.124257009483856151e-01
2.731628562099471247e-01
3.434432294425726617e-01
3.916786440808496805e-01
4.234472916469387838e-01
4.463020767653073650e-01
4.821275559235712604e-01
5.137530918747146291e-01
5.412345271984583261e-01
5.637961492273152464e-01
5.835918754393650820e-01
6.048091492660866431e-01
6.252903866247414566e-01
6.383763334548032686e-01
6.530316377152137752e-01
6.648336250409477843e-01
6.784802925754356284e-01
6.912548893157596241e-01
6.979284334860994532e-01
7.108017367653171048e-01
7.251657649155159868e-01
7.369923018088402333e-01
7.514163742886297293e-01
7.673242533262243370e-01
7.740309175986537227e-01
7.889119799050895443e-01
7.997692416296995344e-01
8.128212386213079510e-01
8.286616876030378220e-01
8.473808546796067764e-01
8.636614615582728360e-01
8.723632743965262781e-01
8.760223352242862971e-01
8.818802776695079393e-01
8.867162387100433474e-01
8.947090687965164602e-01
9.003599479088441049e-01
9.076308363711098615e-01
9.129960894081623479e-01
9.271965344705559442e-01
9.361844152209509717e-01
9.445169748278092747e-01
9.460663103058347678e-01
9.571402330347980048e-01
9.682266395472738374e-01
9.744403673196562199e-01
9.792511977372744258e-01
9.856937986982489130e-01
9.916215105467884872e-01
1.000000000000000000e+00
