9.200136124278662786e-01
8.671097177263271671e-01
8.100577724836595106e-01
7.515392530069121557e-01
7.087498517187570402e-01
6.532273843720988182e-01
6.059485723923339062e-01
5.634843680412583433e-01
5.394605063420814250e-01
5.009241965673392194e-01
4.639057016481766271e-01
4.405481573963806463e-01
4.203729002681331761e-01
3.944285474020468030e-01
3.659854934497258072e-01
3.461546167140869268e-01
3.253900264150856314e-01
3.094577044630741347e-01
2.946614848866782044e-01
2.750597161934898449e-01
2.640628951299593408e-01
2.524879303933025843e-01
2.352654141773612428e-01
2.189313150665055940e-01
2.065350525590284869e-01
1.920275933393221779e-01
1.744174725805553994e-01
1.639863435293349991e-01
1.563223702692975448e-01
1.388597994904469113e-01
1.200031983427538723e-01
1.059400432509254447e-01
9.642711188200502048e-02
8.654496715189979872e-02
7.876859323080184772e-02
7.303580628799634378e-02
6.623430211444797377e-02
5.949617745781511646e-02
5.211130869686991796e-02
4.429098662801275038e-02
3.781425147091241334e-02
3.133109502758641557e-02
2.469890785925541246e-02
1.970263099183643812e-02
1.684597120584692409e-02
1.455978841798310185e-02
9.770649000041787061e-03
6.909895136364974100e-03
2.401853569452416445e-03
3.257617839557518102e-04
-3.541667749050021741e-03
-5.906118022525171964e-03
