9.774629493074963316e-01
9.324814960508384099e-01
8.956645856674178008e-01
8.808127210287642894e-01
8.390802477309036167e-01
8.309249154588287389e-01
8.187396433854597921e-01
8.001706254007356911e-01
7.812874712142415801e-01
7.540223019339017396e-01
7.383533349562124704e-01
7.216163125323007410e-01
6.968031195765506114e-01
6.709865710356858193e-01
6.568743003626869026e-01
6.420307767449520142e-01
6.314779032895068145e-01
6.023871504077834560e-01
5.878147072138114604e-01
5.744899688930639181e-01
5.485482109047906674e-01
5.350010045027275840e-01
5.149918915627029747e-01
5.016931289106784098e-01
4.725762072018456772e-01
4.598780064691176395e-01
4.367360810770933854e-01
4.261813782165631559e-01
4.079123752277640791e-01
3.986705745837340054e-01
3.783529147235005774e-01
3.698842519959896769e-01
3.473378751229410089e-01
3.209394442083852161e-01
3.110805672148257428e-01
2.932539871698490730e-01
2.702620694975350069e-01
2.415799689031843944e-01
2.177217518054231638e-01
1.922433894375762398e-01
1.716275203050133813e-01
1.529565458622275109e-01
1.278215228650361746e-01
1.070054921928215858e-01
8.747962808237604027e-02
6.022564125174991595e-02
4.650078186561691640e-02
2.299126457930132997e-02
1.014299580430217534e-02
