0.000000000000000000e+00
2.363915240334329981e-02
4.178947914093779359e-02
6.070854640649633177e-02
8.342161194612411623e-02
1.046045148640448313e-01
1.318730007714849495e-01
1.546363805463820962e-01
1.768304471258374533e-01
2.129298436599489919e-01
2.353913380232299790e-01
2.527482245173645614e-01
2.799727998194786460e-01
2.969668139501553950e-01
3.116067317397442915e-01
3.339340548089735905e-01
3.606280436300653425e-01
3.781343481562119968e-01
3.936158858812157102e-01
4.132414869838597626e-01
4.289486764306776889e-01
4.527793278628037821e-01
4.690049064002756452e-01
4.998612546845602189e-01
5.138638588274039298e-01
5.304126682096365064e-01
5.551581239193874584e-01
5.897255282232366502e-01
6.067530851774263212e-01
6.231494271800548379e-01
6.344106678376161268e-01
6.513955339255166344e-01
6.698776296811297382e-01
6.938698965356361326e-01
7.122269690399739561e-01
7.300382083253288412e-01
7.475170687231467159e-01
7.724424359408305074e-01
8.007525789857259380e-01
8.230555072742187228e-01
8.403361600785512753e-01
8.505514745120281717e-01
8.665818948036068115e-01
8.872869649538480674e-01
9.021433864224749355e-01
9.313195441835219190e-01
9.457917478555462054e-01
9.679330607216585225e-01
9.845794492268379328e-01
1.000000000000000000e+00
