1.000000000000000000e+00
9.548141826960039324e-01
9.178313882866676598e-01
9.029129572397250891e-01
8.609945108169195782e-01
8.528030198194873623e-01
8.405638328951211546e-01
8.219129111121361575e-01
8.029467841382598170e-01
7.755623721881391708e-01
7.598251764380274942e-01
7.430155142457369744e-01
7.180950843366084024e-01
6.921675354029245275e-01
6.779948337100418776e-01
6.630879345603271080e-01
6.524901210080416014e-01
6.232759813644541680e-01
6.086420037824623597e-01
5.952611590325507240e-01
5.692106031951043033e-01
5.556068084321231781e-01
5.355143994956717002e-01
5.221604625059581561e-01
4.929232590679151760e-01
4.801728246997862826e-01
4.569360517859065163e-01
4.463382382336208432e-01
4.279948337100419331e-01
4.187155004074603615e-01
3.983155742116026299e-01
3.898127219890216155e-01
3.671756077309838995e-01
3.406714639359134655e-01
3.307732521487768418e-01
3.128757476513369107e-01
2.897927333671602712e-01
2.609975859895137251e-01
2.370458354475144525e-01
2.114680873964050745e-01
1.907721758383689181e-01
1.720289988775620116e-01
1.467972077432845857e-01
1.259014099666343756e-01
1.063010286452327202e-01
7.894352445531008233e-02
6.516675123391302282e-02
4.156864554023097236e-02
2.867214047388409737e-02
0.000000000000000000e+00
