2.295080045750588424e-02
4.646262334357390000e-02
6.451566510672211707e-02
8.333376834865274807e-02
1.059262150221644133e-01
1.269972046653649045e-01
1.541224449525572804e-01
1.767669471405880210e-01
1.988457208217473959e-01
2.347588711842140408e-01
2.571052768912331365e-01
2.743736455908619698e-01
3.014601055291877274e-01
3.183683533706478941e-01
3.329346601861730703e-01
3.551502064568140549e-01
3.817113263356569086e-01
3.991309456068732331e-01
4.145361210416292908e-01
4.340653184177926671e-01
4.496956720810559860e-01
4.734102907304403307e-01
4.895572375768398876e-01
5.202648771075355505e-01
5.342003526558911641e-01
5.506701116052735712e-01
5.752979359974708107e-01
6.097021615181971166e-01
6.266498249427482348e-01
6.429695370743784277e-01
6.541783182750913195e-01
6.710843244435077404e-01
6.894809660918486127e-01
7.133628549256434415e-01
7.316358943559376771e-01
7.493659455046580709e-01
7.667654630068033716e-01
7.915782480176626335e-01
8.197613190672058403e-01
8.419647336723867781e-01
8.591686400878449925e-01
8.693387331034252430e-01
8.852984083191097753e-01
9.059124974436815192e-01
9.207039103196020813e-01
9.497530589304904458e-01
9.641625853001836166e-01
9.862084191016177170e-01
1.002783351004090440e+00
