2.465500000000000114e+01
2.616166666666667595e+01
2.760500000000000398e+01
2.909000000000000341e+01
3.072333333333332916e+01
3.237166666666666970e+01
3.380499999999999261e+01
3.531499999999999773e+01
3.683166666666666345e+01
3.834666666666666401e+01
3.979333333333333655e+01
4.119333333333333513e+01
4.265833333333333144e+01
4.395833333333333570e+01
4.532666666666666799e+01
4.660333333333333172e+01
4.794333333333333513e+01
4.924166666666666003e+01
5.050666666666666771e+01
5.175333333333333741e+01
5.299333333333333229e+01
5.408500000000000085e+01
5.525999999999999801e+01
5.637500000000000000e+01
5.750666666666666771e+01
5.857333333333333059e+01
5.959333333333333371e+01
6.058833333333333115e+01
6.158833333333333115e+01
6.249499999999999744e+01
6.339000000000000057e+01
6.425999999999999091e+01
6.509000000000000341e+01
6.587333333333333485e+01
6.663666666666665606e+01
6.741166666666666174e+01
6.821999999999999886e+01
6.889499999999999602e+01
6.961833333333333940e+01
7.030833333333333712e+01
7.095666666666666345e+01
7.160333333333333883e+01
7.214166666666666572e+01
7.271500000000000341e+01
7.323166666666666913e+01
7.372833333333333883e+01
7.432000000000000739e+01
7.486666666666666003e+01
7.536333333333332973e+01
7.578166666666666629e+01
7.622166666666666401e+01
7.666333333333332689e+01
7.706499999999999773e+01
7.744166666666666288e+01
7.778499999999999659e+01
7.815166666666667084e+01
7.846666666666666856e+01
7.881333333333333258e+01
7.917166666666666686e+01
7.947166666666666401e+01
7.976833333333333087e+01
8.007666666666666799e+01
8.034999999999999432e+01
8.059833333333332916e+01
8.082333333333333769e+01
8.102500000000000568e+01
8.123499999999999943e+01
8.148833333333332973e+01
8.168999999999999773e+01
8.189666666666667538e+01
8.208500000000000796e+01
8.225999999999999091e+01
8.243500000000000227e+01
8.262000000000000455e+01
8.276166666666667027e+01
8.291166666666666174e+01
8.306999999999999318e+01
8.318999999999999773e+01
8.332666666666666799e+01
8.345666666666666345e+01
8.357833333333333314e+01
8.373000000000000398e+01
8.385500000000000398e+01
8.398333333333333428e+01
8.409000000000000341e+01
8.419166666666666288e+01
8.431000000000000227e+01
8.442000000000000171e+01
8.449500000000000455e+01
8.462000000000000455e+01
8.474666666666666970e+01
8.486666666666667425e+01
8.496999999999999886e+01
8.506166666666666742e+01
8.517499999999999716e+01
8.525833333333332575e+01
8.534999999999999432e+01
8.545833333333332860e+01
8.556833333333332803e+01
8.566333333333332689e+01
