2.465500000000000114e+01
3.061833333333333940e+01
3.762500000000000000e+01
4.508333333333332860e+01
5.294333333333332803e+01
6.043999999999999773e+01
6.728666666666666174e+01
7.300166666666666515e+01
7.738333333333332575e+01
8.068000000000000682e+01
8.286333333333332973e+01
8.439000000000000057e+01
8.553666666666666174e+01
8.647499999999999432e+01
8.729000000000000625e+01
8.804999999999999716e+01
8.878499999999999659e+01
8.964833333333334053e+01
9.041333333333332689e+01
9.112333333333333485e+01
9.176833333333333087e+01
9.234833333333332916e+01
9.290166666666667084e+01
9.332999999999999829e+01
9.375000000000000000e+01
9.412999999999999545e+01
9.448999999999999488e+01
9.475499999999999545e+01
9.504000000000000625e+01
9.525666666666666060e+01
9.549666666666666970e+01
9.570999999999999375e+01
9.591833333333333655e+01
9.603833333333332689e+01
9.620166666666666799e+01
9.628666666666666174e+01
9.645833333333332860e+01
9.651999999999999602e+01
9.667000000000000171e+01
9.668333333333333712e+01
9.683333333333332860e+01
9.681000000000000227e+01
9.696833333333333371e+01
9.694666666666667254e+01
9.707333333333333769e+01
9.707500000000000284e+01
9.718000000000000682e+01
9.717166666666666686e+01
9.727833333333333599e+01
9.726666666666666572e+01
9.739333333333333087e+01
9.734666666666666401e+01
9.745166666666666799e+01
9.741500000000000625e+01
9.750833333333333997e+01
9.747166666666666401e+01
9.757999999999999829e+01
9.754500000000000171e+01
9.764499999999999602e+01
9.760999999999999943e+01
9.766833333333333655e+01
9.767166666666666686e+01
9.769833333333333769e+01
9.773333333333333428e+01
9.774333333333333940e+01
9.777500000000000568e+01
9.779000000000000625e+01
9.780500000000000682e+01
9.782666666666666799e+01
9.785500000000000398e+01
9.786166666666666458e+01
9.788666666666667027e+01
9.788166666666666060e+01
9.790999999999999659e+01
9.793166666666667197e+01
9.794833333333333769e+01
9.796333333333333826e+01
9.798333333333333428e+01
9.798833333333332973e+01
9.800666666666666060e+01
9.800499999999999545e+01
9.803499999999999659e+01
9.804833333333333201e+01
9.805500000000000682e+01
9.808833333333333826e+01
9.807833333333333314e+01
9.809999999999999432e+01
9.809499999999999886e+01
9.812166666666666970e+01
9.810666666666666913e+01
9.812833333333333030e+01
9.811833333333333940e+01
9.813833333333333542e+01
9.812000000000000455e+01
9.815333333333333599e+01
9.814499999999999602e+01
9.817833333333332746e+01
9.816500000000000625e+01
9.819333333333332803e+01
9.819666666666667254e+01
