2.465500000000000114e+01
4.548999999999999488e+01
6.787666666666666515e+01
8.134333333333333371e+01
8.591333333333332689e+01
8.740666666666666629e+01
8.967333333333333201e+01
9.177833333333333599e+01
9.310666666666666913e+01
9.425000000000000000e+01
9.410500000000000398e+01
9.478833333333332689e+01
9.474666666666666970e+01
9.512500000000000000e+01
9.515166666666667084e+01
9.539166666666666572e+01
9.547166666666666401e+01
9.559833333333332916e+01
9.571833333333333371e+01
9.575499999999999545e+01
9.593000000000000682e+01
9.586833333333333940e+01
9.607500000000000284e+01
9.591833333333333655e+01
9.613833333333333542e+01
9.599666666666666970e+01
9.620166666666666799e+01
9.604999999999999716e+01
9.623999999999999488e+01
9.609333333333333371e+01
9.629500000000000171e+01
9.612833333333333030e+01
9.631999999999999318e+01
9.615999999999999659e+01
9.634000000000000341e+01
9.617166666666666686e+01
9.634499999999999886e+01
9.618333333333333712e+01
9.636166666666666458e+01
9.618666666666666742e+01
9.637833333333333030e+01
9.619666666666667254e+01
9.638500000000000512e+01
9.619833333333333769e+01
9.639333333333333087e+01
9.620166666666666799e+01
9.640500000000000114e+01
9.621333333333333826e+01
9.641333333333332689e+01
9.621333333333333826e+01
9.641833333333333655e+01
9.621333333333333826e+01
9.641666666666667140e+01
9.621833333333333371e+01
9.642000000000000171e+01
9.622499999999999432e+01
9.643000000000000682e+01
9.622499999999999432e+01
9.643833333333333258e+01
9.623833333333332973e+01
9.644166666666666288e+01
9.623333333333333428e+01
9.644833333333333769e+01
9.623833333333332973e+01
9.645499999999999829e+01
9.623999999999999488e+01
9.645833333333332860e+01
9.624166666666666003e+01
9.645999999999999375e+01
9.624166666666666003e+01
9.646500000000000341e+01
9.624333333333333940e+01
9.646666666666666856e+01
9.627500000000000568e+01
9.648166666666666913e+01
9.627500000000000568e+01
9.648166666666666913e+01
9.627833333333333599e+01
9.648333333333333428e+01
9.628166666666666629e+01
9.648666666666666458e+01
9.628166666666666629e+01
9.648666666666666458e+01
9.628166666666666629e+01
9.648999999999999488e+01
9.628166666666666629e+01
9.648999999999999488e+01
9.628166666666666629e+01
9.648999999999999488e+01
9.628166666666666629e+01
9.649333333333333940e+01
9.628166666666666629e+01
9.649500000000000455e+01
9.628333333333333144e+01
9.649500000000000455e+01
9.628333333333333144e+01
9.649666666666666970e+01
9.628333333333333144e+01
9.649833333333333485e+01
9.628333333333333144e+01
