2.465500000000000114e+01
2.764666666666666117e+01
3.106833333333332803e+01
3.462666666666666515e+01
3.837833333333333741e+01
4.215666666666666629e+01
4.589833333333332632e+01
4.971499999999999631e+01
5.350000000000000000e+01
5.718666666666666742e+01
6.059833333333332916e+01
6.382166666666666544e+01
6.681666666666666288e+01
6.961833333333333940e+01
7.205500000000000682e+01
7.430833333333333712e+01
7.624333333333333940e+01
7.793666666666666742e+01
7.939499999999999602e+01
8.067666666666666231e+01
8.169666666666667254e+01
8.256666666666666288e+01
8.330333333333332746e+01
8.398166666666666913e+01
8.450000000000000000e+01
8.499666666666666970e+01
8.540833333333333144e+01
8.581833333333332803e+01
8.627333333333332632e+01
8.668500000000000227e+01
8.703000000000000114e+01
8.741833333333333655e+01
8.779666666666666686e+01
8.815333333333333599e+01
8.846833333333333371e+01
8.882166666666667254e+01
8.919333333333332803e+01
8.950833333333332575e+01
8.983666666666667311e+01
9.012999999999999545e+01
9.043333333333333712e+01
9.078166666666666629e+01
9.105333333333332746e+01
9.130666666666667197e+01
9.157500000000000284e+01
9.181833333333332803e+01
9.204833333333333201e+01
9.226500000000000057e+01
9.246500000000000341e+01
9.267166666666666686e+01
9.289000000000000057e+01
9.304000000000000625e+01
9.321166666666667311e+01
9.337333333333333485e+01
9.351500000000000057e+01
9.368500000000000227e+01
9.385166666666665947e+01
9.399833333333333485e+01
9.411666666666666003e+01
9.423000000000000398e+01
9.438333333333333997e+01
9.450333333333333030e+01
9.463833333333333542e+01
9.473666666666666458e+01
9.483333333333332860e+01
9.494333333333332803e+01
9.502666666666667084e+01
9.509999999999999432e+01
9.518833333333333258e+01
9.527833333333333599e+01
9.535333333333333883e+01
9.544833333333333769e+01
9.551500000000000057e+01
9.557166666666667254e+01
9.563666666666667027e+01
9.570999999999999375e+01
9.577166666666666117e+01
9.584833333333332916e+01
9.590666666666666629e+01
9.597333333333332916e+01
9.601500000000000057e+01
9.607333333333333769e+01
9.611166666666666458e+01
9.617000000000000171e+01
9.620000000000000284e+01
9.625333333333333030e+01
9.630166666666666231e+01
9.635666666666666913e+01
9.638833333333333542e+01
9.642000000000000171e+01
9.645000000000000284e+01
9.650166666666666515e+01
9.652333333333334053e+01
9.657333333333333769e+01
9.658333333333332860e+01
9.664166666666666572e+01
9.666833333333333655e+01
9.670000000000000284e+01
9.673166666666666913e+01
9.677833333333333599e+01
