2.465500000000000114e+01
2.584000000000000341e+01
2.691333333333332689e+01
2.809833333333332916e+01
2.922499999999999432e+01
3.040333333333333599e+01
3.156333333333333258e+01
3.270666666666666345e+01
3.373499999999999943e+01
3.472833333333333883e+01
3.582166666666665833e+01
3.683333333333332860e+01
3.787166666666666970e+01
3.878166666666666629e+01
3.978000000000000114e+01
4.066999999999999460e+01
4.159833333333333627e+01
4.257666666666666089e+01
4.344333333333333513e+01
4.424500000000000455e+01
4.513333333333333997e+01
4.594833333333333769e+01
4.673166666666666913e+01
4.755833333333333712e+01
4.839833333333333343e+01
4.921000000000000085e+01
4.998166666666666913e+01
5.075500000000000256e+01
5.146999999999999886e+01
5.222999999999999687e+01
5.295833333333333570e+01
5.365500000000000114e+01
5.427166666666666828e+01
5.493333333333333712e+01
5.566166666666666174e+01
5.628500000000000369e+01
5.688500000000000512e+01
5.756333333333333258e+01
5.818499999999999517e+01
5.878166666666666629e+01
5.941000000000000369e+01
5.997333333333333627e+01
6.054500000000000171e+01
6.107166666666666544e+01
6.163333333333333286e+01
6.218833333333333258e+01
6.268500000000000227e+01
6.319000000000000483e+01
6.369500000000000028e+01
6.413666666666665606e+01
6.457999999999999829e+01
6.500166666666666515e+01
6.545500000000001251e+01
6.591499999999999204e+01
6.631000000000000227e+01
6.673166666666666913e+01
6.713833333333333542e+01
6.756333333333333258e+01
6.796999999999999886e+01
6.838666666666667027e+01
6.877666666666667084e+01
6.915833333333333144e+01
6.956666666666666288e+01
6.992000000000000171e+01
7.025166666666666515e+01
7.062333333333333485e+01
7.097833333333332462e+01
7.129666666666666686e+01
7.158333333333332860e+01
7.190333333333333599e+01
7.218500000000000227e+01
7.245333333333333314e+01
7.274166666666667425e+01
7.306666666666666288e+01
7.331833333333332803e+01
7.361166666666666458e+01
7.391666666666667140e+01
7.417333333333333201e+01
7.443666666666666742e+01
7.471666666666666856e+01
7.502166666666667538e+01
7.523166666666666913e+01
7.547333333333332916e+01
7.569666666666667254e+01
7.592333333333333201e+01
7.614833333333334053e+01
7.637166666666666970e+01
7.658833333333333826e+01
7.681166666666666742e+01
7.702500000000000568e+01
7.715833333333333144e+01
7.736500000000000909e+01
7.754833333333333201e+01
7.771999999999999886e+01
7.789666666666667538e+01
7.808166666666666345e+01
7.825166666666666515e+01
7.843666666666666742e+01
7.858500000000000796e+01
7.877500000000000568e+01
