2.465500000000000114e+01
2.662666666666666515e+01
2.872166666666666401e+01
3.099499999999999034e+01
3.326000000000000512e+01
3.546666666666666856e+01
3.781000000000000227e+01
4.006333333333332547e+01
4.232666666666666799e+01
4.447499999999999432e+01
4.665000000000000568e+01
4.884500000000000597e+01
5.095000000000000284e+01
5.307999999999999829e+01
5.507000000000000028e+01
5.706499999999999773e+01
5.894500000000000028e+01
6.072666666666666657e+01
6.244333333333333513e+01
6.410999999999999943e+01
6.564000000000000057e+01
6.708166666666667766e+01
6.851833333333333087e+01
6.992000000000000171e+01
7.118333333333333712e+01
7.229500000000000171e+01
7.332333333333333769e+01
7.444666666666665833e+01
7.545333333333333314e+01
7.629500000000000171e+01
7.719499999999999318e+01
7.790166666666667084e+01
7.861166666666666458e+01
7.934833333333332916e+01
7.992833333333334167e+01
8.049500000000000455e+01
8.100000000000000000e+01
8.147666666666665947e+01
8.190500000000000114e+01
8.228666666666666174e+01
8.265333333333333599e+01
8.298166666666666913e+01
8.330833333333333712e+01
8.356000000000000227e+01
8.385166666666665947e+01
8.410999999999999943e+01
8.436166666666666458e+01
8.461666666666667425e+01
8.485166666666665947e+01
8.506499999999999773e+01
8.527666666666667084e+01
8.548333333333333428e+01
8.569166666666666288e+01
8.587000000000000455e+01
8.604333333333333655e+01
8.623999999999999488e+01
8.642833333333332746e+01
8.663333333333333997e+01
8.678666666666666174e+01
8.696999999999999886e+01
8.715000000000000568e+01
8.730833333333333712e+01
8.749166666666667425e+01
8.765666666666666629e+01
8.781833333333332803e+01
8.797833333333333883e+01
8.814833333333334053e+01
8.831499999999999773e+01
8.847166666666666401e+01
8.862333333333333485e+01
8.878833333333332689e+01
8.891833333333333655e+01
8.908333333333332860e+01
8.923499999999999943e+01
8.940999999999999659e+01
8.953166666666666629e+01
8.967833333333332746e+01
8.981999999999999318e+01
8.995166666666666799e+01
9.006166666666666742e+01
9.019666666666667254e+01
9.034833333333332916e+01
9.048666666666666458e+01
9.058166666666666345e+01
9.069499999999999318e+01
9.084000000000000341e+01
9.096000000000000796e+01
9.106666666666666288e+01
9.117833333333332746e+01
9.128833333333332689e+01
9.140333333333333599e+01
9.151666666666666572e+01
9.162000000000000455e+01
9.173166666666666913e+01
9.185500000000000398e+01
9.193166666666667197e+01
9.202666666666667084e+01
9.209333333333333371e+01
9.215833333333333144e+01
9.226999999999999602e+01
