2.465500000000000114e+01
8.539499999999999602e+01
8.749500000000000455e+01
9.024833333333333485e+01
8.426833333333333087e+01
9.026666666666666572e+01
8.303166666666666629e+01
9.025833333333332575e+01
8.186666666666667425e+01
9.023833333333332973e+01
8.095666666666666345e+01
9.022833333333333883e+01
8.053666666666666174e+01
9.020499999999999829e+01
8.054166666666667140e+01
9.020499999999999829e+01
8.022166666666666401e+01
9.019333333333332803e+01
8.137666666666666515e+01
9.019499999999999318e+01
7.930500000000000682e+01
9.018000000000000682e+01
8.089833333333334053e+01
9.018999999999999773e+01
7.998666666666666458e+01
9.018500000000000227e+01
8.125833333333332575e+01
9.018166666666667197e+01
7.935666666666666913e+01
9.017833333333334167e+01
8.123499999999999943e+01
9.018000000000000682e+01
7.929999999999999716e+01
9.017333333333333201e+01
8.063166666666666060e+01
9.017833333333334167e+01
7.909999999999999432e+01
9.017666666666666231e+01
8.084999999999999432e+01
9.018333333333333712e+01
7.909166666666666856e+01
9.016666666666667140e+01
8.044833333333333769e+01
9.017166666666666686e+01
7.896833333333333371e+01
9.017166666666666686e+01
8.087500000000000000e+01
9.017833333333334167e+01
7.987000000000000455e+01
9.017333333333333201e+01
8.084166666666666856e+01
9.017499999999999716e+01
7.840500000000000114e+01
9.018000000000000682e+01
8.035833333333333428e+01
9.017666666666666231e+01
8.012333333333333485e+01
9.017666666666666231e+01
8.038666666666667027e+01
9.017499999999999716e+01
7.920000000000000284e+01
9.018000000000000682e+01
8.087333333333333485e+01
9.017666666666666231e+01
7.891333333333332689e+01
9.017499999999999716e+01
8.070166666666666799e+01
9.018000000000000682e+01
7.909166666666666856e+01
9.017499999999999716e+01
8.062166666666666970e+01
9.017666666666666231e+01
7.917333333333333201e+01
9.017666666666666231e+01
8.088666666666667027e+01
9.017833333333334167e+01
7.883666666666667311e+01
9.017499999999999716e+01
8.012500000000000000e+01
9.017833333333334167e+01
8.018000000000000682e+01
9.017666666666666231e+01
8.093833333333333258e+01
9.017833333333334167e+01
7.823833333333332973e+01
9.017499999999999716e+01
8.047166666666666401e+01
9.017666666666666231e+01
8.054666666666666686e+01
9.017666666666666231e+01
7.946333333333333826e+01
9.018000000000000682e+01
8.078000000000000114e+01
9.017499999999999716e+01
7.849833333333333485e+01
9.017666666666666231e+01
8.069166666666666288e+01
9.017833333333334167e+01
7.904500000000000171e+01
9.017833333333334167e+01
