2.465500000000000114e+01
9.013666666666667027e+01
2.070666666666666345e+01
9.013666666666667027e+01
2.416166666666667595e+01
9.013666666666667027e+01
2.693999999999999773e+01
9.013666666666667027e+01
2.870166666666666799e+01
9.013666666666667027e+01
2.929999999999999716e+01
9.013666666666667027e+01
2.929999999999999716e+01
9.013666666666667027e+01
2.929999999999999716e+01
9.013666666666667027e+01
2.929999999999999716e+01
9.013666666666667027e+01
2.929999999999999716e+01
9.013666666666667027e+01
2.929999999999999716e+01
9.013666666666667027e+01
2.929999999999999716e+01
9.013666666666667027e+01
2.929999999999999716e+01
9.013666666666667027e+01
2.929999999999999716e+01
9.013666666666667027e+01
2.929999999999999716e+01
9.013666666666667027e+01
2.929999999999999716e+01
9.013666666666667027e+01
2.929999999999999716e+01
9.013666666666667027e+01
2.929999999999999716e+01
9.013666666666667027e+01
2.929999999999999716e+01
9.013666666666667027e+01
2.929999999999999716e+01
9.013666666666667027e+01
2.929999999999999716e+01
9.013666666666667027e+01
2.929999999999999716e+01
9.013666666666667027e+01
2.929999999999999716e+01
9.013666666666667027e+01
2.929999999999999716e+01
9.013666666666667027e+01
2.929999999999999716e+01
9.013666666666667027e+01
2.929999999999999716e+01
9.013666666666667027e+01
2.929999999999999716e+01
9.013666666666667027e+01
2.929999999999999716e+01
9.013666666666667027e+01
2.929999999999999716e+01
9.013666666666667027e+01
2.929999999999999716e+01
9.013666666666667027e+01
2.929999999999999716e+01
9.013666666666667027e+01
2.929999999999999716e+01
9.013666666666667027e+01
2.929999999999999716e+01
9.013666666666667027e+01
2.929999999999999716e+01
9.013666666666667027e+01
2.929999999999999716e+01
9.013666666666667027e+01
2.929999999999999716e+01
9.013666666666667027e+01
2.929999999999999716e+01
9.013666666666667027e+01
2.929999999999999716e+01
9.013666666666667027e+01
2.929999999999999716e+01
9.013666666666667027e+01
2.929999999999999716e+01
9.013666666666667027e+01
2.929999999999999716e+01
9.013666666666667027e+01
2.929999999999999716e+01
9.013666666666667027e+01
2.929999999999999716e+01
9.013666666666667027e+01
2.929999999999999716e+01
9.013666666666667027e+01
2.929999999999999716e+01
9.013666666666667027e+01
2.929999999999999716e+01
9.013666666666667027e+01
2.929999999999999716e+01
9.013666666666667027e+01
2.929999999999999716e+01
9.013666666666667027e+01
2.929999999999999716e+01
9.013666666666667027e+01
2.929999999999999716e+01
9.013666666666667027e+01
