9.012833333333333030e+01
9.012833333333333030e+01
9.012833333333333030e+01
9.563333333333333997e+01
9.710999999999999943e+01
9.696833333333333371e+01
9.688666666666667027e+01
9.698999999999999488e+01
9.700833333333333997e+01
9.726666666666666572e+01
9.723999999999999488e+01
9.721999999999999886e+01
9.726333333333333542e+01
9.725833333333333997e+01
9.753333333333333144e+01
9.752166666666666117e+01
9.750333333333333030e+01
9.748166666666666913e+01
9.747666666666665947e+01
9.746166666666667311e+01
9.745499999999999829e+01
9.744333333333332803e+01
9.743500000000000227e+01
9.743333333333333712e+01
9.745333333333333314e+01
9.744833333333333769e+01
9.746333333333333826e+01
9.745999999999999375e+01
9.746333333333333826e+01
9.745999999999999375e+01
9.747499999999999432e+01
9.747499999999999432e+01
9.746999999999999886e+01
9.746999999999999886e+01
9.746500000000000341e+01
9.746500000000000341e+01
9.746500000000000341e+01
9.746500000000000341e+01
9.746500000000000341e+01
9.746333333333333826e+01
9.746333333333333826e+01
9.746500000000000341e+01
9.746500000000000341e+01
9.746500000000000341e+01
9.746500000000000341e+01
9.746500000000000341e+01
9.746500000000000341e+01
9.746333333333333826e+01
9.746333333333333826e+01
9.746500000000000341e+01
9.746500000000000341e+01
9.746500000000000341e+01
9.746500000000000341e+01
9.748000000000000398e+01
9.747833333333333883e+01
9.747833333333333883e+01
9.747833333333333883e+01
9.747833333333333883e+01
9.747499999999999432e+01
9.747499999999999432e+01
9.747166666666666401e+01
9.747166666666666401e+01
9.746999999999999886e+01
9.746999999999999886e+01
9.746833333333333371e+01
9.746833333333333371e+01
9.746833333333333371e+01
9.746833333333333371e+01
9.746833333333333371e+01
9.746833333333333371e+01
9.746833333333333371e+01
9.746833333333333371e+01
9.746833333333333371e+01
9.746666666666666856e+01
9.746666666666666856e+01
9.746666666666666856e+01
9.746666666666666856e+01
9.746666666666666856e+01
9.746666666666666856e+01
9.746666666666666856e+01
9.746666666666666856e+01
9.746666666666666856e+01
9.746666666666666856e+01
9.746666666666666856e+01
9.746666666666666856e+01
9.746666666666666856e+01
9.746666666666666856e+01
9.746666666666666856e+01
9.746666666666666856e+01
9.746666666666666856e+01
9.746500000000000341e+01
9.746500000000000341e+01
9.746333333333333826e+01
9.746333333333333826e+01
9.746333333333333826e+01
9.746333333333333826e+01
9.746333333333333826e+01
9.746333333333333826e+01
9.746166666666667311e+01
9.746166666666667311e+01
9.746166666666667311e+01
9.746166666666667311e+01
9.746166666666667311e+01
9.746166666666667311e+01
9.746166666666667311e+01
9.746166666666667311e+01
9.746166666666667311e+01
9.746166666666667311e+01
9.746166666666667311e+01
9.746166666666667311e+01
9.746166666666667311e+01
9.746166666666667311e+01
9.746166666666667311e+01
9.746166666666667311e+01
9.746166666666667311e+01
9.746166666666667311e+01
9.746166666666667311e+01
9.746166666666667311e+01
9.746166666666667311e+01
9.746166666666667311e+01
9.746166666666667311e+01
9.746166666666667311e+01
9.746166666666667311e+01
9.746166666666667311e+01
9.746333333333333826e+01
9.746333333333333826e+01
9.746333333333333826e+01
9.746333333333333826e+01
9.746333333333333826e+01
9.746333333333333826e+01
9.746333333333333826e+01
9.746333333333333826e+01
9.746333333333333826e+01
9.746333333333333826e+01
9.746333333333333826e+01
9.746333333333333826e+01
9.746333333333333826e+01
9.746333333333333826e+01
9.746333333333333826e+01
9.746333333333333826e+01
9.746333333333333826e+01
9.746333333333333826e+01
9.746333333333333826e+01
9.746333333333333826e+01
9.746333333333333826e+01
9.746333333333333826e+01
9.746333333333333826e+01
9.746333333333333826e+01
9.746333333333333826e+01
9.746333333333333826e+01
9.746333333333333826e+01
9.746333333333333826e+01
9.746333333333333826e+01
9.746333333333333826e+01
9.746333333333333826e+01
9.746333333333333826e+01
9.746333333333333826e+01
9.746333333333333826e+01
9.746333333333333826e+01
9.746333333333333826e+01
9.746333333333333826e+01
9.746333333333333826e+01
9.746333333333333826e+01
9.747833333333333883e+01
9.748000000000000398e+01
9.748000000000000398e+01
9.748000000000000398e+01
9.748166666666666913e+01
9.748166666666666913e+01
9.748166666666666913e+01
9.748166666666666913e+01
9.748166666666666913e+01
9.748166666666666913e+01
9.748166666666666913e+01
9.748166666666666913e+01
9.748166666666666913e+01
9.748166666666666913e+01
9.748000000000000398e+01
9.748000000000000398e+01
9.748000000000000398e+01
9.748000000000000398e+01
9.747833333333333883e+01
9.747666666666665947e+01
9.747666666666665947e+01
9.747666666666665947e+01
9.747666666666665947e+01
9.747666666666665947e+01
9.747666666666665947e+01
9.747666666666665947e+01
9.747499999999999432e+01
9.747499999999999432e+01
9.747499999999999432e+01
9.747499999999999432e+01
9.747499999999999432e+01
9.747333333333332916e+01
9.747333333333332916e+01
9.747333333333332916e+01
9.747333333333332916e+01
9.747166666666666401e+01
9.747166666666666401e+01
9.747166666666666401e+01
9.747166666666666401e+01
9.747166666666666401e+01
9.747166666666666401e+01
9.747166666666666401e+01
9.747166666666666401e+01
9.747166666666666401e+01
9.746999999999999886e+01
9.746999999999999886e+01
9.746999999999999886e+01
9.746999999999999886e+01
9.746999999999999886e+01
9.746999999999999886e+01
9.746999999999999886e+01
9.746999999999999886e+01
9.746999999999999886e+01
9.746999999999999886e+01
9.746999999999999886e+01
9.746999999999999886e+01
9.746999999999999886e+01
9.746999999999999886e+01
9.746999999999999886e+01
9.746999999999999886e+01
9.746999999999999886e+01
9.746999999999999886e+01
9.746999999999999886e+01
9.746999999999999886e+01
9.746999999999999886e+01
9.746999999999999886e+01
9.746999999999999886e+01
9.746999999999999886e+01
9.746999999999999886e+01
9.746999999999999886e+01
9.746999999999999886e+01
9.746999999999999886e+01
9.746999999999999886e+01
9.746999999999999886e+01
9.746999999999999886e+01
9.746999999999999886e+01
9.746999999999999886e+01
9.746999999999999886e+01
9.746999999999999886e+01
9.746999999999999886e+01
9.746999999999999886e+01
9.746999999999999886e+01
9.746999999999999886e+01
9.746999999999999886e+01
9.746999999999999886e+01
9.746999999999999886e+01
9.746999999999999886e+01
9.746999999999999886e+01
9.746999999999999886e+01
9.746999999999999886e+01
9.746999999999999886e+01
9.746999999999999886e+01
9.746999999999999886e+01
9.746999999999999886e+01
9.746999999999999886e+01
9.746999999999999886e+01
9.746833333333333371e+01
9.746833333333333371e+01
9.746833333333333371e+01
9.746833333333333371e+01
9.746833333333333371e+01
9.746833333333333371e+01
9.746833333333333371e+01
9.746833333333333371e+01
9.746833333333333371e+01
9.746833333333333371e+01
9.746833333333333371e+01
9.746833333333333371e+01
9.746833333333333371e+01
9.746833333333333371e+01
9.746833333333333371e+01
9.746833333333333371e+01
9.746833333333333371e+01
9.746833333333333371e+01
9.746833333333333371e+01
9.746833333333333371e+01
9.746833333333333371e+01
9.746833333333333371e+01
9.746833333333333371e+01
9.746833333333333371e+01
9.746833333333333371e+01
9.746833333333333371e+01
9.746833333333333371e+01
9.746833333333333371e+01
9.746833333333333371e+01
9.746833333333333371e+01
9.746833333333333371e+01
9.746833333333333371e+01
9.746833333333333371e+01
9.746833333333333371e+01
9.746833333333333371e+01
9.746833333333333371e+01
9.746833333333333371e+01
9.746833333333333371e+01
9.746833333333333371e+01
9.746833333333333371e+01
9.746833333333333371e+01
9.746833333333333371e+01
9.746833333333333371e+01
9.746833333333333371e+01
9.746833333333333371e+01
9.746833333333333371e+01
9.746833333333333371e+01
9.746833333333333371e+01
9.746833333333333371e+01
9.746833333333333371e+01
9.746833333333333371e+01
9.746833333333333371e+01
9.746833333333333371e+01
9.746833333333333371e+01
9.746833333333333371e+01
9.746833333333333371e+01
9.746833333333333371e+01
9.746833333333333371e+01
9.746833333333333371e+01
9.746833333333333371e+01
9.746833333333333371e+01
9.746833333333333371e+01
9.746833333333333371e+01
9.746833333333333371e+01
9.746833333333333371e+01
9.746833333333333371e+01
9.746833333333333371e+01
9.746833333333333371e+01
9.746833333333333371e+01
9.746833333333333371e+01
9.746833333333333371e+01
9.746833333333333371e+01
9.746833333333333371e+01
9.746833333333333371e+01
9.746833333333333371e+01
9.746833333333333371e+01
9.746833333333333371e+01
9.746833333333333371e+01
9.746833333333333371e+01
9.746833333333333371e+01
9.746833333333333371e+01
9.746833333333333371e+01
9.746833333333333371e+01
9.746833333333333371e+01
9.746833333333333371e+01
9.746833333333333371e+01
9.746833333333333371e+01
9.746833333333333371e+01
9.746833333333333371e+01
9.746833333333333371e+01
9.746833333333333371e+01
9.746833333333333371e+01
9.746833333333333371e+01
9.746833333333333371e+01
9.746833333333333371e+01
9.746833333333333371e+01
9.746833333333333371e+01
9.746833333333333371e+01
9.746833333333333371e+01
9.746833333333333371e+01
9.746833333333333371e+01
9.746833333333333371e+01
9.746833333333333371e+01
9.746833333333333371e+01
9.746833333333333371e+01
9.746833333333333371e+01
9.746833333333333371e+01
9.746833333333333371e+01
9.746833333333333371e+01
9.746833333333333371e+01
9.746833333333333371e+01
9.746833333333333371e+01
9.746833333333333371e+01
9.746833333333333371e+01
9.746833333333333371e+01
9.746833333333333371e+01
9.746833333333333371e+01
9.746833333333333371e+01
9.746833333333333371e+01
9.746833333333333371e+01
9.746833333333333371e+01
9.746833333333333371e+01
9.746833333333333371e+01
9.746833333333333371e+01
9.746833333333333371e+01
9.746833333333333371e+01
9.746833333333333371e+01
9.746833333333333371e+01
9.746833333333333371e+01
9.746833333333333371e+01
9.746833333333333371e+01
9.746833333333333371e+01
9.746833333333333371e+01
9.746833333333333371e+01
9.746833333333333371e+01
9.746833333333333371e+01
9.746833333333333371e+01
9.746833333333333371e+01
9.746833333333333371e+01
9.746833333333333371e+01
9.746833333333333371e+01
9.746833333333333371e+01
9.746833333333333371e+01
9.746833333333333371e+01
9.746833333333333371e+01
9.746833333333333371e+01
9.746833333333333371e+01
9.746833333333333371e+01
9.746833333333333371e+01
9.746833333333333371e+01
9.746833333333333371e+01
9.746833333333333371e+01
9.746833333333333371e+01
9.746833333333333371e+01
9.746833333333333371e+01
9.746833333333333371e+01
9.746833333333333371e+01
9.746833333333333371e+01
9.746833333333333371e+01
9.746833333333333371e+01
9.746833333333333371e+01
9.746833333333333371e+01
9.746833333333333371e+01
9.746833333333333371e+01
9.746833333333333371e+01
9.746833333333333371e+01
9.746833333333333371e+01
9.746833333333333371e+01
9.746833333333333371e+01
9.746833333333333371e+01
9.746833333333333371e+01
9.746833333333333371e+01
9.746833333333333371e+01
9.746833333333333371e+01
9.746833333333333371e+01
9.746833333333333371e+01
9.746833333333333371e+01
9.746833333333333371e+01
9.746833333333333371e+01
9.746833333333333371e+01
9.746833333333333371e+01
9.746833333333333371e+01
9.746833333333333371e+01
9.746833333333333371e+01
9.746833333333333371e+01
9.746833333333333371e+01
9.746833333333333371e+01
9.746833333333333371e+01
9.746833333333333371e+01
9.746833333333333371e+01
9.746833333333333371e+01
9.746833333333333371e+01
9.746833333333333371e+01
9.746833333333333371e+01
9.746833333333333371e+01
9.746833333333333371e+01
9.746833333333333371e+01
9.746833333333333371e+01
9.746833333333333371e+01
9.746833333333333371e+01
9.746833333333333371e+01
9.746833333333333371e+01
9.746833333333333371e+01
9.746833333333333371e+01
9.746833333333333371e+01
9.746833333333333371e+01
9.746833333333333371e+01
9.746833333333333371e+01
9.746833333333333371e+01
9.746833333333333371e+01
9.746833333333333371e+01
9.746833333333333371e+01
9.746833333333333371e+01
9.746833333333333371e+01
9.746833333333333371e+01
9.746833333333333371e+01
9.746833333333333371e+01
9.746833333333333371e+01
9.746833333333333371e+01
9.746833333333333371e+01
9.746833333333333371e+01
9.746833333333333371e+01
9.746833333333333371e+01
9.746833333333333371e+01
9.746833333333333371e+01
9.746833333333333371e+01
9.746833333333333371e+01
9.746833333333333371e+01
9.746833333333333371e+01
9.746833333333333371e+01
9.746833333333333371e+01
9.746833333333333371e+01
9.746833333333333371e+01
9.746833333333333371e+01
9.746833333333333371e+01
9.746833333333333371e+01
9.746833333333333371e+01
9.746833333333333371e+01
9.746833333333333371e+01
9.746833333333333371e+01
9.746833333333333371e+01
9.746833333333333371e+01
9.746833333333333371e+01
9.746833333333333371e+01
9.746833333333333371e+01
9.746833333333333371e+01
9.746833333333333371e+01
9.746833333333333371e+01
9.746833333333333371e+01
9.746833333333333371e+01
9.746833333333333371e+01
9.746833333333333371e+01
9.746833333333333371e+01
9.746833333333333371e+01
9.746833333333333371e+01
9.746833333333333371e+01
9.746833333333333371e+01
9.746833333333333371e+01
9.746833333333333371e+01
9.746833333333333371e+01
9.746833333333333371e+01
9.746833333333333371e+01
9.746833333333333371e+01
9.746833333333333371e+01
9.746833333333333371e+01
9.746833333333333371e+01
9.746833333333333371e+01
9.746833333333333371e+01
9.746833333333333371e+01
9.746833333333333371e+01
9.746833333333333371e+01
9.746833333333333371e+01
9.746833333333333371e+01
9.746833333333333371e+01
9.746833333333333371e+01
9.746833333333333371e+01
9.746833333333333371e+01
9.746833333333333371e+01
9.746833333333333371e+01
9.746833333333333371e+01
9.746833333333333371e+01
9.746833333333333371e+01
9.746833333333333371e+01
9.746833333333333371e+01
9.746833333333333371e+01
9.746833333333333371e+01
9.746833333333333371e+01
9.746833333333333371e+01
9.746833333333333371e+01
9.746833333333333371e+01
9.746833333333333371e+01
9.746833333333333371e+01
9.746833333333333371e+01
9.746833333333333371e+01
9.746833333333333371e+01
9.746833333333333371e+01
9.746833333333333371e+01
9.746833333333333371e+01
9.746833333333333371e+01
9.746833333333333371e+01
9.746833333333333371e+01
9.746833333333333371e+01
9.746833333333333371e+01
9.746833333333333371e+01
9.746833333333333371e+01
9.746833333333333371e+01
9.746833333333333371e+01
9.746833333333333371e+01
9.746833333333333371e+01
9.746833333333333371e+01
9.746833333333333371e+01
9.746833333333333371e+01
9.746833333333333371e+01
9.746833333333333371e+01
9.746833333333333371e+01
9.746833333333333371e+01
9.746833333333333371e+01
9.746833333333333371e+01
9.746833333333333371e+01
9.746833333333333371e+01
9.746833333333333371e+01
9.746833333333333371e+01
9.746833333333333371e+01
9.746833333333333371e+01
9.746833333333333371e+01
9.746833333333333371e+01
9.746833333333333371e+01
9.746833333333333371e+01
9.746833333333333371e+01
9.746833333333333371e+01
9.746833333333333371e+01
9.746833333333333371e+01
9.746833333333333371e+01
9.746833333333333371e+01
9.746833333333333371e+01
9.746833333333333371e+01
9.746833333333333371e+01
9.746833333333333371e+01
9.746833333333333371e+01
9.746833333333333371e+01
9.746833333333333371e+01
9.746833333333333371e+01
9.746833333333333371e+01
9.746833333333333371e+01
9.746833333333333371e+01
9.746833333333333371e+01
9.746833333333333371e+01
9.746833333333333371e+01
9.746833333333333371e+01
9.746833333333333371e+01
9.746833333333333371e+01
9.746833333333333371e+01
9.746833333333333371e+01
9.746833333333333371e+01
9.746833333333333371e+01
9.746833333333333371e+01
9.746833333333333371e+01
9.746833333333333371e+01
9.746833333333333371e+01
9.746833333333333371e+01
9.746833333333333371e+01
9.746833333333333371e+01
9.746833333333333371e+01
9.746833333333333371e+01
9.746833333333333371e+01
9.746833333333333371e+01
9.746833333333333371e+01
9.746833333333333371e+01
9.746833333333333371e+01
9.746833333333333371e+01
9.746833333333333371e+01
9.746833333333333371e+01
9.746833333333333371e+01
9.746833333333333371e+01
9.746833333333333371e+01
9.746833333333333371e+01
9.746833333333333371e+01
9.746833333333333371e+01
9.746833333333333371e+01
9.746833333333333371e+01
9.746833333333333371e+01
9.746833333333333371e+01
9.746833333333333371e+01
9.746833333333333371e+01
9.746833333333333371e+01
9.746833333333333371e+01
9.746833333333333371e+01
9.746833333333333371e+01
9.746833333333333371e+01
9.746833333333333371e+01
9.746833333333333371e+01
9.746833333333333371e+01
9.746833333333333371e+01
9.746833333333333371e+01
9.746833333333333371e+01
9.746833333333333371e+01
9.746833333333333371e+01
9.746833333333333371e+01
9.746833333333333371e+01
9.746833333333333371e+01
9.746833333333333371e+01
9.746833333333333371e+01
9.746833333333333371e+01
9.746833333333333371e+01
9.746833333333333371e+01
9.746833333333333371e+01
9.746833333333333371e+01
9.746833333333333371e+01
9.746833333333333371e+01
9.746833333333333371e+01
9.746833333333333371e+01
9.746833333333333371e+01
9.746833333333333371e+01
9.746833333333333371e+01
9.746833333333333371e+01
9.746833333333333371e+01
9.746833333333333371e+01
9.746833333333333371e+01
9.746833333333333371e+01
9.746833333333333371e+01
9.746833333333333371e+01
9.746833333333333371e+01
9.746833333333333371e+01
9.746833333333333371e+01
9.746833333333333371e+01
9.746833333333333371e+01
9.746833333333333371e+01
9.746833333333333371e+01
9.746833333333333371e+01
9.746833333333333371e+01
9.746833333333333371e+01
9.746833333333333371e+01
9.746833333333333371e+01
9.746833333333333371e+01
9.746833333333333371e+01
9.746833333333333371e+01
9.746833333333333371e+01
9.746833333333333371e+01
9.746833333333333371e+01
9.746833333333333371e+01
9.746833333333333371e+01
9.746833333333333371e+01
9.746833333333333371e+01
9.746833333333333371e+01
9.746833333333333371e+01
9.746833333333333371e+01
9.746833333333333371e+01
9.746833333333333371e+01
9.746833333333333371e+01
9.746833333333333371e+01
9.746833333333333371e+01
9.746833333333333371e+01
9.746833333333333371e+01
9.746833333333333371e+01
9.746833333333333371e+01
9.746833333333333371e+01
9.746833333333333371e+01
9.746833333333333371e+01
9.746833333333333371e+01
9.746833333333333371e+01
9.746833333333333371e+01
9.746833333333333371e+01
9.746833333333333371e+01
9.746833333333333371e+01
9.746833333333333371e+01
9.746833333333333371e+01
9.746833333333333371e+01
9.746833333333333371e+01
9.746833333333333371e+01
9.746833333333333371e+01
9.746833333333333371e+01
9.746833333333333371e+01
9.746833333333333371e+01
9.746833333333333371e+01
9.746833333333333371e+01
9.746833333333333371e+01
9.746833333333333371e+01
9.746833333333333371e+01
9.746833333333333371e+01
9.746833333333333371e+01
9.746833333333333371e+01
9.746833333333333371e+01
9.746833333333333371e+01
9.746833333333333371e+01
9.746833333333333371e+01
9.746833333333333371e+01
9.746833333333333371e+01
9.746833333333333371e+01
9.746833333333333371e+01
9.746833333333333371e+01
9.746833333333333371e+01
9.746833333333333371e+01
9.746833333333333371e+01
9.746833333333333371e+01
9.746833333333333371e+01
9.746833333333333371e+01
9.746833333333333371e+01
9.746833333333333371e+01
9.746833333333333371e+01
9.746833333333333371e+01
9.746833333333333371e+01
9.746833333333333371e+01
9.746833333333333371e+01
9.746833333333333371e+01
9.746833333333333371e+01
9.746833333333333371e+01
9.746833333333333371e+01
9.746833333333333371e+01
9.746833333333333371e+01
9.746833333333333371e+01
9.746833333333333371e+01
9.746833333333333371e+01
9.746833333333333371e+01
9.746833333333333371e+01
9.746833333333333371e+01
9.746833333333333371e+01
9.746833333333333371e+01
9.746833333333333371e+01
9.746833333333333371e+01
9.746833333333333371e+01
9.746833333333333371e+01
9.746833333333333371e+01
9.746833333333333371e+01
9.746833333333333371e+01
9.746833333333333371e+01
9.746833333333333371e+01
9.746833333333333371e+01
9.746833333333333371e+01
9.746833333333333371e+01
9.746833333333333371e+01
9.746833333333333371e+01
9.746833333333333371e+01
9.746833333333333371e+01
9.746833333333333371e+01
9.746833333333333371e+01
9.746833333333333371e+01
9.746833333333333371e+01
9.746833333333333371e+01
9.746833333333333371e+01
9.746833333333333371e+01
9.746833333333333371e+01
9.746833333333333371e+01
9.746833333333333371e+01
9.746833333333333371e+01
9.746833333333333371e+01
9.746833333333333371e+01
9.746833333333333371e+01
9.746833333333333371e+01
9.746833333333333371e+01
9.746833333333333371e+01
9.746833333333333371e+01
9.746833333333333371e+01
9.746833333333333371e+01
9.746833333333333371e+01
9.746833333333333371e+01
9.746833333333333371e+01
9.746833333333333371e+01
9.746833333333333371e+01
9.746833333333333371e+01
9.746833333333333371e+01
9.746833333333333371e+01
9.746833333333333371e+01
9.746833333333333371e+01
9.746833333333333371e+01
9.746833333333333371e+01
9.746833333333333371e+01
9.746833333333333371e+01
9.746833333333333371e+01
9.746833333333333371e+01
9.746833333333333371e+01
9.746833333333333371e+01
9.746833333333333371e+01
9.746833333333333371e+01
9.746833333333333371e+01
9.746833333333333371e+01
9.746833333333333371e+01
9.746833333333333371e+01
9.746833333333333371e+01
9.746833333333333371e+01
9.746833333333333371e+01
9.746833333333333371e+01
9.746833333333333371e+01
9.746833333333333371e+01
9.746833333333333371e+01
9.746833333333333371e+01
9.746833333333333371e+01
9.746833333333333371e+01
9.746833333333333371e+01
9.746833333333333371e+01
9.746833333333333371e+01
9.746833333333333371e+01
9.746833333333333371e+01
9.746833333333333371e+01
9.746833333333333371e+01
9.746833333333333371e+01
9.746833333333333371e+01
9.746833333333333371e+01
9.746833333333333371e+01
9.746833333333333371e+01
9.746833333333333371e+01
9.746833333333333371e+01
9.746833333333333371e+01
9.746833333333333371e+01
9.746833333333333371e+01
9.746833333333333371e+01
9.746833333333333371e+01
9.746833333333333371e+01
9.746833333333333371e+01
9.746833333333333371e+01
9.746833333333333371e+01
9.746833333333333371e+01
9.746833333333333371e+01
9.746833333333333371e+01
9.746833333333333371e+01
9.746833333333333371e+01
9.746833333333333371e+01
9.746833333333333371e+01
9.746833333333333371e+01
9.746833333333333371e+01
9.746833333333333371e+01
9.746833333333333371e+01
9.746833333333333371e+01
9.746833333333333371e+01
9.746833333333333371e+01
9.746833333333333371e+01
9.746833333333333371e+01
9.746833333333333371e+01
9.746833333333333371e+01
9.746833333333333371e+01
9.746833333333333371e+01
9.746833333333333371e+01
9.746833333333333371e+01
9.746833333333333371e+01
9.746833333333333371e+01
9.746833333333333371e+01
9.746833333333333371e+01
9.746833333333333371e+01
9.746833333333333371e+01
9.746833333333333371e+01
9.746833333333333371e+01
9.746833333333333371e+01
9.746833333333333371e+01
9.746833333333333371e+01
9.746833333333333371e+01
9.746833333333333371e+01
9.746833333333333371e+01
9.746833333333333371e+01
9.746833333333333371e+01
9.746833333333333371e+01
9.746833333333333371e+01
9.746833333333333371e+01
9.746833333333333371e+01
9.746833333333333371e+01
9.746833333333333371e+01
9.746833333333333371e+01
9.746833333333333371e+01
9.746833333333333371e+01
9.746833333333333371e+01
9.746833333333333371e+01
9.746833333333333371e+01
9.746833333333333371e+01
9.746833333333333371e+01
9.746833333333333371e+01
9.746833333333333371e+01
9.746833333333333371e+01
9.746833333333333371e+01
9.746833333333333371e+01
9.746833333333333371e+01
9.746833333333333371e+01
9.746833333333333371e+01
9.746833333333333371e+01
9.746833333333333371e+01
9.746833333333333371e+01
9.746833333333333371e+01
9.746833333333333371e+01
9.746833333333333371e+01
9.746833333333333371e+01
9.746833333333333371e+01
9.746833333333333371e+01
9.746833333333333371e+01
9.746833333333333371e+01
9.746833333333333371e+01
9.746833333333333371e+01
9.746833333333333371e+01
9.746833333333333371e+01
9.746833333333333371e+01
9.746833333333333371e+01
9.746833333333333371e+01
9.746833333333333371e+01
9.746833333333333371e+01
9.746833333333333371e+01
9.746833333333333371e+01
9.746833333333333371e+01
9.746833333333333371e+01
9.746833333333333371e+01
9.746833333333333371e+01
9.746833333333333371e+01
9.746833333333333371e+01
9.746833333333333371e+01
9.746833333333333371e+01
9.746833333333333371e+01
9.746833333333333371e+01
9.746833333333333371e+01
9.746833333333333371e+01
9.746833333333333371e+01
9.746833333333333371e+01
9.746833333333333371e+01
9.746833333333333371e+01
9.746833333333333371e+01
9.746833333333333371e+01
9.746833333333333371e+01
9.746833333333333371e+01
9.746833333333333371e+01
9.746833333333333371e+01
9.746833333333333371e+01
9.746833333333333371e+01
9.746833333333333371e+01
9.746833333333333371e+01
9.746833333333333371e+01
9.746833333333333371e+01
9.746833333333333371e+01
9.746833333333333371e+01
9.746833333333333371e+01
9.746833333333333371e+01
9.746833333333333371e+01
9.746833333333333371e+01
9.746833333333333371e+01
9.746833333333333371e+01
9.746833333333333371e+01
9.746833333333333371e+01
9.746833333333333371e+01
9.746833333333333371e+01
9.746833333333333371e+01
9.746833333333333371e+01
9.746833333333333371e+01
9.746833333333333371e+01
9.746833333333333371e+01
9.746833333333333371e+01
9.746833333333333371e+01
9.746833333333333371e+01
9.746833333333333371e+01
