9.999999999999997780e-02
6.999815098936557067e-02
4.709535466245673430e-02
2.845839756699508616e-02
1.269919832748678257e-02
-9.762238692027636056e-04
-1.306804164525032785e-02
-2.391309814462250216e-02
-3.374969556746948429e-02
-4.275294842052335120e-02
-5.105548980056004438e-02
-5.876028887428294545e-02
-6.594894663564707105e-02
-7.268726599397593024e-02
-7.902910888975793469e-02
-8.501913837987645772e-02
-9.069481277477810244e-02
-9.608786484241921277e-02
-1.012254183441463062e-01
-1.061308439637637380e-01
-1.108244245958378560e-01
-1.153238789278088899e-01
-1.196447781616740424e-01
-1.238008810942222981e-01
-1.278044060780777202e-01
-1.316662536509763948e-01
-1.353961902229639247e-01
-1.390030007395813283e-01
-1.424946164185478814e-01
-1.458782223008855683e-01
-1.491603483357271109e-01
-1.523469469408798294e-01
-1.554434593845510360e-01
-1.584548728715942101e-01
-1.613857698569160504e-01
-1.642403708249384753e-01
-1.670225715492181240e-01
-1.697359756670296094e-01
-1.723839232598088911e-01
-1.749695160141590822e-01
-1.774956394437549323e-01
-1.799649825754496557e-01
-1.823800554396710627e-01
-1.847432046530702032e-01
-1.870566273382050504e-01
-1.893223835891182094e-01
-1.915424076616471794e-01
-1.937185180421315822e-01
-1.958524265269699083e-01
-1.979457464275660439e-01
-2.000000000000000111e-01
