9.999999999999997780e-02
8.429247177883986142e-02
6.993687189399366844e-02
5.671481654162230379e-02
4.445744640042093021e-02
3.303139570173629913e-02
2.232942784859209828e-02
1.226398377473680856e-02
2.762615330498402466e-03
-6.235323174267115576e-03
-1.478112098599299040e-02
-2.291855181536164854e-02
-3.068528139050549775e-02
-3.811395895269203971e-02
-4.523307445578733654e-02
-5.206763951403228785e-02
-5.863973399141222953e-02
-6.496894892461696491e-02
-7.107274857372353205e-02
-7.696676874148812575e-02
-8.266506439932684580e-02
-8.818031664244689594e-02
-9.352400675397169738e-02
-9.870656347196705982e-02
-1.037374882730238285e-01
-1.086254625047150396e-01
-1.133784394404362961e-01
-1.180037237385670318e-01
-1.225080403231625092e-01
-1.268975943356554503e-01
-1.311781235140929147e-01
-1.353549441215510518e-01
-1.394329913559129719e-01
-1.434168550194895309e-01
-1.473108111016011301e-01
-1.511188498244511180e-01
-1.548447006179435870e-01
-1.584918544190054845e-01
-1.620635836326999590e-01
-1.655629600437647786e-01
-1.689928709264250095e-01
-1.723560335660067055e-01
-1.756550083768908810e-01
-1.788922107767724756e-01
-1.820699219562938453e-01
-1.851902986652861072e-01
-1.882553821215933454e-01
-1.912671061353462543e-01
-1.942273045302728429e-01
-1.971377179338918428e-01
-2.000000000000000111e-01
