-2.000000000000000111e-01
-1.699981509893656317e-01
-1.470953546624569619e-01
-1.284583975669954525e-01
-1.126991983274870240e-01
-9.902377613079747787e-02
-8.693195835474980260e-02
-7.608690185537744788e-02
-6.625030443253035473e-02
-5.724705157947665435e-02
-4.894451019944009995e-02
-4.123971112571714337e-02
-3.405105336435312879e-02
-2.731273400602435286e-02
-2.097089111024227903e-02
-1.498086162012365885e-02
-9.305187225222111280e-03
-3.912135157581042577e-03
1.225418344146106397e-03
6.130843963763593640e-03
1.082442459583782268e-02
1.532387892780892602e-02
1.964477816167409241e-02
2.380088109422245912e-02
2.780440607807790898e-02
3.166625365097652800e-02
3.539619022296411344e-02
3.900300073958151703e-02
4.249461641854798688e-02
4.587822230088556275e-02
4.916034833572716090e-02
5.234694694087971278e-02
5.544345938455080836e-02
5.845487287159406575e-02
6.138576985691573951e-02
6.424037082493805340e-02
6.702257154921775761e-02
6.973597566702915973e-02
7.238392325980841369e-02
7.496951601415852151e-02
7.749563944375442714e-02
7.996498257544926158e-02
8.238005543967080735e-02
8.474320465307000338e-02
8.705662733820496157e-02
8.932238358911798182e-02
9.154240766164706278e-02
9.371851804213154891e-02
9.585242652696995824e-02
9.794574642756603833e-02
9.999999999999997780e-02
