-2.000000000000000111e-01
-1.842924717788398670e-01
-1.699368718939937295e-01
-1.567148165416223926e-01
-1.444574464004209913e-01
-1.330313957017363602e-01
-1.223294278485921455e-01
-1.122639837747367725e-01
-1.027626153304982415e-01
-9.376467682573279283e-02
-8.521887901400694576e-02
-7.708144818463830150e-02
-6.931471860949436903e-02
-6.188604104730788258e-02
-5.476692554421255799e-02
-4.793236048596766219e-02
-4.136026600858783153e-02
-3.503105107538306839e-02
-2.892725142627650126e-02
-2.303323125851192144e-02
-1.733493560067325689e-02
-1.181968335755326227e-02
-6.475993246028488581e-03
-1.293436528033015120e-03
3.737488273023781282e-03
8.625462504715075696e-03
1.337843944043637379e-02
1.800372373856709562e-02
2.250804032316255920e-02
2.689759433565555580e-02
3.117812351409296467e-02
3.535494412155107402e-02
3.943299135591293858e-02
4.341685501948955306e-02
4.731081110160115233e-02
5.111884982445114023e-02
5.484470061794355367e-02
5.849185441900545124e-02
6.206358363269992573e-02
6.556296004376471753e-02
6.899287092642492070e-02
7.235603356600661673e-02
7.565500837689087543e-02
7.889221077677255334e-02
8.206992195629386755e-02
8.519029866528610162e-02
8.825538212159328433e-02
9.126710613534610994e-02
9.422730453027278186e-02
9.713771793389175402e-02
9.999999999999997780e-02
