1.689499999999999891e-01
2.202999999999999958e-01
2.520833333333333259e-01
2.787166666666666681e-01
3.054000000000000048e-01
3.308499999999999774e-01
3.580166666666666497e-01
3.854833333333333445e-01
4.148666666666666614e-01
4.412166666666666459e-01
4.627999999999999892e-01
4.835333333333333150e-01
5.069833333333333414e-01
5.309166666666667034e-01
5.555666666666666531e-01
5.764833333333333476e-01
5.949833333333333085e-01
6.097000000000000197e-01
6.221833333333333105e-01
6.334833333333332872e-01
6.429666666666666863e-01
6.512000000000000011e-01
6.585833333333332984e-01
6.651833333333333487e-01
6.714666666666666561e-01
6.769500000000000517e-01
6.818166666666666265e-01
6.863500000000000156e-01
6.906833333333333158e-01
6.947499999999999787e-01
6.986999999999999877e-01
7.022833333333333705e-01
7.056000000000000050e-01
7.087499999999999911e-01
7.119499999999999718e-01
7.147000000000000020e-01
7.172166666666666135e-01
7.199999999999999734e-01
7.225833333333333552e-01
7.250666666666666371e-01
7.268666666666666609e-01
7.289999999999999813e-01
7.307166666666666810e-01
7.324833333333333751e-01
7.342833333333332879e-01
7.357666666666666799e-01
7.374666666666667147e-01
7.388666666666666716e-01
7.402999999999999581e-01
7.414833333333333831e-01
7.428333333333333455e-01
7.440166666666666595e-01
7.449833333333333307e-01
7.461333333333333151e-01
7.475000000000000533e-01
7.487000000000000322e-01
7.497500000000000275e-01
7.506500000000000394e-01
7.520833333333333259e-01
7.532333333333333103e-01
7.541333333333333222e-01
7.551166666666666583e-01
7.562999999999999723e-01
7.573833333333332973e-01
7.583499999999999686e-01
7.594333333333332936e-01
7.601499999999999924e-01
7.608833333333333560e-01
7.618000000000000327e-01
7.625833333333332797e-01
7.632833333333333137e-01
7.639666666666666828e-01
7.646166666666666112e-01
7.651333333333333320e-01
7.656666666666667176e-01
7.662833333333333163e-01
7.667833333333333723e-01
7.674499999999999655e-01
7.681999999999999940e-01
7.687500000000000444e-01
7.693499999999999783e-01
7.699000000000000288e-01
7.704166666666666385e-01
7.708666666666667000e-01
7.712833333333333208e-01
7.718166666666667064e-01
7.722833333333333217e-01
7.729000000000000314e-01
7.733833333333333115e-01
7.738833333333333675e-01
7.743499999999999828e-01
7.747500000000000497e-01
7.752666666666666595e-01
7.756166666666666210e-01
7.762666666666666604e-01
7.767833333333333812e-01
7.772333333333333316e-01
7.776666666666666172e-01
7.782333333333333325e-01
7.785666666666666291e-01
