4.728666666666666885e+01
8.575833333333332575e+01
8.998666666666666458e+01
9.023166666666666913e+01
9.029333333333333655e+01
9.026500000000000057e+01
9.025000000000000000e+01
9.024500000000000455e+01
9.023999999999999488e+01
9.023833333333332973e+01
9.023666666666666458e+01
9.024166666666667425e+01
9.023666666666666458e+01
9.023333333333333428e+01
9.022166666666666401e+01
9.022333333333332916e+01
9.022499999999999432e+01
9.022499999999999432e+01
9.022166666666666401e+01
9.021999999999999886e+01
9.021999999999999886e+01
9.022333333333332916e+01
9.022166666666666401e+01
9.022166666666666401e+01
9.021833333333333371e+01
9.021333333333333826e+01
9.021333333333333826e+01
9.021666666666666856e+01
9.021333333333333826e+01
9.020833333333332860e+01
9.020666666666666345e+01
9.020333333333333314e+01
9.020166666666666799e+01
9.019833333333333769e+01
9.020000000000000284e+01
9.020000000000000284e+01
9.020000000000000284e+01
9.020000000000000284e+01
9.019833333333333769e+01
9.019833333333333769e+01
9.019833333333333769e+01
9.019833333333333769e+01
9.019499999999999318e+01
9.019166666666666288e+01
9.019166666666666288e+01
9.019333333333332803e+01
9.019166666666666288e+01
9.018833333333333258e+01
9.018999999999999773e+01
9.018833333333333258e+01
9.018666666666666742e+01
9.018333333333333712e+01
9.018166666666667197e+01
9.018166666666667197e+01
9.018000000000000682e+01
9.017833333333334167e+01
9.017833333333334167e+01
9.017166666666666686e+01
9.017000000000000171e+01
9.017000000000000171e+01
9.016666666666667140e+01
9.016833333333333655e+01
9.016833333333333655e+01
9.016833333333333655e+01
9.016833333333333655e+01
9.016833333333333655e+01
9.016833333333333655e+01
9.016499999999999204e+01
9.016333333333332689e+01
9.016333333333332689e+01
9.015833333333333144e+01
9.015833333333333144e+01
9.015833333333333144e+01
9.015833333333333144e+01
9.015666666666666629e+01
9.015500000000000114e+01
9.015500000000000114e+01
9.015500000000000114e+01
9.015500000000000114e+01
9.015500000000000114e+01
9.015333333333333599e+01
9.015333333333333599e+01
9.015333333333333599e+01
9.015333333333333599e+01
9.015333333333333599e+01
9.015333333333333599e+01
9.015166666666667084e+01
9.015000000000000568e+01
9.015000000000000568e+01
9.015000000000000568e+01
9.014833333333334053e+01
9.014666666666666117e+01
9.014666666666666117e+01
9.014499999999999602e+01
9.014499999999999602e+01
9.014499999999999602e+01
9.014333333333333087e+01
9.014333333333333087e+01
9.014333333333333087e+01
9.014333333333333087e+01
