4.037333333333334195e+01
9.015166666666667084e+01
9.022166666666666401e+01
9.071833333333333371e+01
9.182833333333333314e+01
9.305333333333332746e+01
9.403499999999999659e+01
9.480833333333333712e+01
9.537833333333333030e+01
9.576500000000000057e+01
9.604833333333333201e+01
9.631333333333333258e+01
9.650000000000000000e+01
9.667666666666666231e+01
9.682166666666667254e+01
9.694333333333332803e+01
9.704166666666667140e+01
9.713333333333333997e+01
9.720499999999999829e+01
9.729666666666666686e+01
9.737000000000000455e+01
9.742833333333332746e+01
9.746500000000000341e+01
9.748833333333332973e+01
9.751833333333333087e+01
9.756833333333332803e+01
9.760166666666665947e+01
9.763333333333333997e+01
9.764833333333332632e+01
9.767666666666666231e+01
9.770499999999999829e+01
9.773000000000000398e+01
9.774666666666666970e+01
9.777166666666666117e+01
9.777833333333333599e+01
9.779166666666667140e+01
9.779999999999999716e+01
9.781166666666666742e+01
9.782333333333333769e+01
9.783833333333333826e+01
9.784833333333332916e+01
9.786499999999999488e+01
9.787999999999999545e+01
9.789166666666666572e+01
9.790500000000000114e+01
9.790999999999999659e+01
9.792000000000000171e+01
9.793166666666667197e+01
9.793999999999999773e+01
9.794666666666667254e+01
9.795999999999999375e+01
9.797499999999999432e+01
9.797833333333333883e+01
9.798499999999999943e+01
9.799166666666666003e+01
9.799666666666666970e+01
9.800499999999999545e+01
9.801166666666667027e+01
9.801833333333333087e+01
9.802833333333333599e+01
9.804166666666667140e+01
9.804333333333333655e+01
9.805166666666666231e+01
9.806333333333333258e+01
9.807166666666667254e+01
9.807666666666666799e+01
9.808333333333332860e+01
9.808833333333333826e+01
9.809166666666666856e+01
9.809166666666666856e+01
9.809333333333333371e+01
9.809833333333332916e+01
9.810999999999999943e+01
9.811333333333332973e+01
9.811833333333333940e+01
9.811833333333333940e+01
9.812500000000000000e+01
9.813166666666666060e+01
9.813333333333333997e+01
9.813833333333333542e+01
9.814333333333333087e+01
9.814666666666666117e+01
9.815166666666667084e+01
9.815999999999999659e+01
9.816666666666667140e+01
9.817166666666666686e+01
9.817166666666666686e+01
9.817666666666666231e+01
9.818000000000000682e+01
9.818500000000000227e+01
9.818666666666666742e+01
9.818666666666666742e+01
9.819166666666666288e+01
9.819499999999999318e+01
9.819666666666667254e+01
9.820166666666666799e+01
9.820166666666666799e+01
9.821333333333333826e+01
9.821999999999999886e+01
9.821999999999999886e+01
