2.738666666666667027e+01
2.868166666666667197e+01
2.996833333333333371e+01
3.129333333333332234e+01
3.259999999999999432e+01
3.393666666666666742e+01
3.521166666666665890e+01
3.649666666666666970e+01
3.763499999999999801e+01
3.872333333333332916e+01
3.985833333333332718e+01
4.097833333333333883e+01
4.210500000000000398e+01
4.311000000000000654e+01
4.425333333333333030e+01
4.524833333333333485e+01
4.630499999999999261e+01
4.742166666666665975e+01
4.837166666666666970e+01
4.927833333333333599e+01
5.026666666666666572e+01
5.114333333333333798e+01
5.197999999999999687e+01
5.291833333333333655e+01
5.381666666666666998e+01
5.475333333333333030e+01
5.563333333333333286e+01
5.642833333333333456e+01
5.723333333333333428e+01
5.799500000000000455e+01
5.880499999999999972e+01
5.954333333333332945e+01
6.023499999999999943e+01
6.098000000000000398e+01
6.171000000000000085e+01
6.240666666666666629e+01
6.308500000000000085e+01
6.384000000000000341e+01
6.448666666666666458e+01
6.517333333333333201e+01
6.581333333333333258e+01
6.640166666666667084e+01
6.702833333333333599e+01
6.759166666666666856e+01
6.817166666666666686e+01
6.874500000000000455e+01
6.927333333333332632e+01
6.981333333333333258e+01
7.029166666666667140e+01
7.081333333333333258e+01
7.127166666666667538e+01
7.173166666666666913e+01
7.217499999999999716e+01
7.265500000000000114e+01
7.309999999999999432e+01
7.356166666666666742e+01
7.397499999999999432e+01
7.437333333333333485e+01
7.477500000000000568e+01
7.522333333333332916e+01
7.555333333333334167e+01
7.593500000000000227e+01
7.630833333333333712e+01
7.667000000000000171e+01
7.695499999999999829e+01
7.730166666666666231e+01
7.768000000000000682e+01
7.798166666666666913e+01
7.828166666666666629e+01
7.857333333333333769e+01
7.887666666666666515e+01
7.915999999999999659e+01
7.939833333333334053e+01
7.966666666666667140e+01
7.992666666666666231e+01
8.020333333333333314e+01
8.046333333333333826e+01
8.074833333333333485e+01
8.099166666666667425e+01
8.124333333333333940e+01
8.148499999999999943e+01
8.171833333333333371e+01
8.195000000000000284e+01
8.214166666666666572e+01
8.230833333333333712e+01
8.252333333333334053e+01
8.271000000000000796e+01
8.287333333333333485e+01
8.306499999999999773e+01
8.321333333333333826e+01
8.340333333333333599e+01
8.353833333333332689e+01
8.367333333333333201e+01
8.384999999999999432e+01
8.398499999999999943e+01
8.410999999999999943e+01
8.426833333333333087e+01
8.441666666666667140e+01
8.454666666666666686e+01
8.474166666666667425e+01
