2.738666666666667027e+01
2.906499999999999773e+01
3.074333333333333940e+01
3.244666666666667254e+01
3.430833333333332291e+01
3.612166666666666259e+01
3.772166666666666401e+01
3.933666666666666600e+01
4.099833333333333485e+01
4.260000000000000142e+01
4.426833333333333087e+01
4.584833333333333627e+01
4.754500000000000171e+01
4.899000000000000199e+01
5.049166666666666714e+01
5.186666666666666714e+01
5.338666666666666316e+01
5.482500000000000284e+01
5.622500000000000142e+01
5.754333333333333655e+01
5.886666666666666714e+01
6.007833333333333314e+01
6.132166666666666544e+01
6.255833333333333002e+01
6.380499999999999972e+01
6.498166666666665492e+01
6.605333333333332746e+01
6.714166666666666572e+01
6.815000000000000568e+01
6.913833333333333542e+01
7.005166666666667652e+01
7.100000000000000000e+01
7.180166666666667652e+01
7.265333333333333599e+01
7.347499999999999432e+01
7.423166666666666913e+01
7.502833333333333599e+01
7.571666666666666856e+01
7.638666666666667027e+01
7.703833333333332689e+01
7.765000000000000568e+01
7.827166666666667538e+01
7.881999999999999318e+01
7.933666666666667311e+01
7.982999999999999829e+01
8.035333333333332462e+01
8.090999999999999659e+01
8.140999999999999659e+01
8.184833333333332916e+01
8.222333333333332916e+01
8.257666666666666799e+01
8.298666666666666458e+01
8.328999999999999204e+01
8.359166666666666856e+01
8.388666666666667027e+01
8.417499999999999716e+01
8.447666666666665947e+01
8.476000000000000512e+01
8.506666666666666288e+01
8.525499999999999545e+01
8.543000000000000682e+01
8.564666666666666117e+01
8.582333333333333769e+01
8.602500000000000568e+01
8.618500000000000227e+01
8.631666666666666288e+01
8.645000000000000284e+01
8.659999999999999432e+01
8.672666666666665947e+01
8.682500000000000284e+01
8.694333333333332803e+01
8.701833333333333087e+01
8.710166666666665947e+01
8.718500000000000227e+01
8.726999999999999602e+01
8.736166666666666458e+01
8.742666666666666231e+01
8.751666666666666572e+01
8.758166666666666345e+01
8.765000000000000568e+01
8.771666666666666856e+01
8.778833333333332689e+01
8.785500000000000398e+01
8.791666666666667140e+01
8.797499999999999432e+01
8.803333333333333144e+01
8.809166666666666856e+01
8.813833333333333542e+01
8.819666666666665833e+01
8.824666666666666970e+01
8.830833333333333712e+01
8.838166666666666060e+01
8.841666666666667140e+01
8.845833333333332860e+01
8.849166666666667425e+01
8.854666666666666686e+01
8.861166666666666458e+01
8.864833333333334053e+01
8.868999999999999773e+01
8.872333333333332916e+01
