2.738666666666667027e+01
9.008499999999999375e+01
2.040666666666666629e+01
9.008499999999999375e+01
2.230333333333332746e+01
9.008499999999999375e+01
2.381833333333332803e+01
9.008499999999999375e+01
2.478166666666666629e+01
9.008499999999999375e+01
2.493166666666665776e+01
9.008499999999999375e+01
2.493166666666665776e+01
9.008499999999999375e+01
2.493166666666665776e+01
9.008499999999999375e+01
2.493166666666665776e+01
9.008499999999999375e+01
2.493166666666665776e+01
9.008499999999999375e+01
2.493166666666665776e+01
9.008499999999999375e+01
2.493166666666665776e+01
9.008499999999999375e+01
2.493166666666665776e+01
9.008499999999999375e+01
2.493166666666665776e+01
9.008499999999999375e+01
2.493166666666665776e+01
9.008499999999999375e+01
2.493166666666665776e+01
9.008499999999999375e+01
2.493166666666665776e+01
9.008499999999999375e+01
2.493166666666665776e+01
9.008499999999999375e+01
2.493166666666665776e+01
9.008499999999999375e+01
2.493166666666665776e+01
9.008499999999999375e+01
2.493166666666665776e+01
9.008499999999999375e+01
2.493166666666665776e+01
9.008499999999999375e+01
2.493166666666665776e+01
9.008499999999999375e+01
2.493166666666665776e+01
9.008499999999999375e+01
2.493166666666665776e+01
9.008499999999999375e+01
2.493166666666665776e+01
9.008499999999999375e+01
2.493166666666665776e+01
9.008499999999999375e+01
2.493166666666665776e+01
9.008499999999999375e+01
2.493166666666665776e+01
9.008499999999999375e+01
2.493166666666665776e+01
9.008499999999999375e+01
2.493166666666665776e+01
9.008499999999999375e+01
2.493166666666665776e+01
9.008499999999999375e+01
2.493166666666665776e+01
9.008499999999999375e+01
2.493166666666665776e+01
9.008499999999999375e+01
2.493166666666665776e+01
9.008499999999999375e+01
2.493166666666665776e+01
9.008499999999999375e+01
2.493166666666665776e+01
9.008499999999999375e+01
2.493166666666665776e+01
9.008499999999999375e+01
2.493166666666665776e+01
9.008499999999999375e+01
2.493166666666665776e+01
9.008499999999999375e+01
2.493166666666665776e+01
9.008499999999999375e+01
2.493166666666665776e+01
9.008499999999999375e+01
2.493166666666665776e+01
9.008499999999999375e+01
2.493166666666665776e+01
9.008499999999999375e+01
2.493166666666665776e+01
9.008499999999999375e+01
2.493166666666665776e+01
9.008499999999999375e+01
2.493166666666665776e+01
9.008499999999999375e+01
2.493166666666665776e+01
9.008499999999999375e+01
2.493166666666665776e+01
9.008499999999999375e+01
2.493166666666665776e+01
9.008499999999999375e+01
