2.738666666666667027e+01
5.095666666666666345e+01
7.488333333333333997e+01
8.634999999999999432e+01
8.912833333333333030e+01
8.857833333333333314e+01
9.026999999999999602e+01
8.923666666666666458e+01
9.057999999999999829e+01
8.985500000000000398e+01
9.078833333333332689e+01
9.021166666666667311e+01
9.090000000000000568e+01
9.048166666666666913e+01
9.101333333333333542e+01
9.070666666666666345e+01
9.117333333333333201e+01
9.087500000000000000e+01
9.122333333333332916e+01
9.093000000000000682e+01
9.125666666666666060e+01
9.100333333333333030e+01
9.132166666666665833e+01
9.109666666666666401e+01
9.134833333333332916e+01
9.116500000000000625e+01
9.138666666666667027e+01
9.120999999999999375e+01
9.140000000000000568e+01
9.126833333333333087e+01
9.142166666666666686e+01
9.131999999999999318e+01
9.143333333333333712e+01
9.135999999999999943e+01
9.144333333333332803e+01
9.139000000000000057e+01
9.145000000000000284e+01
9.140999999999999659e+01
9.148166666666666913e+01
9.143500000000000227e+01
9.148833333333332973e+01
9.146666666666666856e+01
9.149500000000000455e+01
9.148999999999999488e+01
9.150666666666666060e+01
9.152333333333334053e+01
9.153499999999999659e+01
9.152833333333333599e+01
9.154833333333333201e+01
9.154500000000000171e+01
9.155333333333334167e+01
9.157333333333333769e+01
9.156000000000000227e+01
9.159166666666666856e+01
9.156999999999999318e+01
9.160333333333333883e+01
9.157500000000000284e+01
9.161666666666667425e+01
9.161333333333332973e+01
9.163833333333333542e+01
9.161499999999999488e+01
9.166166666666666174e+01
9.161666666666667425e+01
9.167666666666666231e+01
9.161833333333333940e+01
9.168666666666666742e+01
9.162000000000000455e+01
9.168999999999999773e+01
9.162666666666666515e+01
9.169166666666666288e+01
9.162999999999999545e+01
9.170166666666666799e+01
9.163166666666666060e+01
9.171166666666667311e+01
9.163333333333332575e+01
9.171833333333333371e+01
9.163333333333332575e+01
9.171999999999999886e+01
9.163500000000000512e+01
9.172166666666666401e+01
9.163500000000000512e+01
9.172499999999999432e+01
9.163666666666667027e+01
9.173166666666666913e+01
9.163833333333333542e+01
9.173499999999999943e+01
9.163833333333333542e+01
9.173999999999999488e+01
9.163833333333333542e+01
9.174333333333333940e+01
9.163833333333333542e+01
9.175000000000000000e+01
9.163833333333333542e+01
9.175166666666666515e+01
9.163833333333333542e+01
9.175166666666666515e+01
9.163833333333333542e+01
9.175333333333333030e+01
9.163833333333333542e+01
9.175333333333333030e+01
