2.738666666666667027e+01
8.857666666666666799e+01
7.860333333333332462e+01
9.021333333333333826e+01
7.633500000000000796e+01
9.018166666666667197e+01
7.385333333333332462e+01
9.015833333333333144e+01
7.132833333333333314e+01
9.012999999999999545e+01
6.929833333333333201e+01
9.010999999999999943e+01
6.840000000000000568e+01
9.009666666666666401e+01
6.784499999999999886e+01
9.008833333333333826e+01
6.700999999999999091e+01
9.008666666666667311e+01
6.648333333333333428e+01
9.008499999999999375e+01
6.545166666666666799e+01
9.008499999999999375e+01
6.593666666666666742e+01
9.008499999999999375e+01
6.426166666666667027e+01
9.008499999999999375e+01
6.671500000000000341e+01
9.008499999999999375e+01
6.467833333333334167e+01
9.008499999999999375e+01
6.520666666666667766e+01
9.008499999999999375e+01
6.484999999999999432e+01
9.008499999999999375e+01
6.559999999999999432e+01
9.008499999999999375e+01
6.459499999999999886e+01
9.008499999999999375e+01
6.509333333333333371e+01
9.008499999999999375e+01
6.455333333333334167e+01
9.008499999999999375e+01
6.554166666666665719e+01
9.008499999999999375e+01
6.446833333333333371e+01
9.008499999999999375e+01
6.555666666666667197e+01
9.008499999999999375e+01
6.477833333333333599e+01
9.008499999999999375e+01
6.658333333333334281e+01
9.008499999999999375e+01
6.440833333333333144e+01
9.008499999999999375e+01
6.624000000000000909e+01
9.008499999999999375e+01
6.494833333333333769e+01
9.008499999999999375e+01
6.603999999999999204e+01
9.008499999999999375e+01
6.405500000000000682e+01
9.008499999999999375e+01
6.682166666666665833e+01
9.008499999999999375e+01
6.527166666666667538e+01
9.008499999999999375e+01
6.536333333333334394e+01
9.008499999999999375e+01
6.631000000000000227e+01
9.008499999999999375e+01
6.430833333333333712e+01
9.008499999999999375e+01
6.692000000000000171e+01
9.008499999999999375e+01
6.498999999999999488e+01
9.008499999999999375e+01
6.534833333333332916e+01
9.008499999999999375e+01
6.517166666666666686e+01
9.008499999999999375e+01
6.604500000000000171e+01
9.008499999999999375e+01
6.502833333333333599e+01
9.008499999999999375e+01
6.568500000000000227e+01
9.008499999999999375e+01
6.481999999999999318e+01
9.008499999999999375e+01
6.717333333333333201e+01
9.008499999999999375e+01
6.493000000000000682e+01
9.008499999999999375e+01
6.501500000000000057e+01
9.008499999999999375e+01
6.584999999999999432e+01
9.008499999999999375e+01
6.522999999999998977e+01
9.008499999999999375e+01
6.528333333333333144e+01
9.008499999999999375e+01
