2.738666666666667027e+01
2.960833333333333428e+01
3.200666666666667481e+01
3.458666666666665890e+01
3.714833333333334053e+01
3.948833333333333684e+01
4.203499999999999659e+01
4.457499999999999574e+01
4.719500000000000028e+01
4.956833333333333513e+01
5.194500000000000028e+01
5.442833333333333456e+01
5.675333333333333030e+01
5.903166666666666629e+01
6.117000000000000171e+01
6.335499999999999687e+01
6.541166666666666174e+01
6.734833333333332916e+01
6.917333333333333201e+01
7.085999999999999943e+01
7.242499999999999716e+01
7.398833333333332973e+01
7.542166666666666686e+01
7.664000000000000057e+01
7.789166666666666572e+01
7.898833333333332973e+01
8.000000000000000000e+01
8.102333333333334053e+01
8.193999999999999773e+01
8.270333333333333314e+01
8.340833333333333144e+01
8.398000000000000398e+01
8.458166666666666345e+01
8.517333333333333201e+01
8.556000000000000227e+01
8.599166666666667425e+01
8.631833333333332803e+01
8.662000000000000455e+01
8.687333333333333485e+01
8.709000000000000341e+01
8.731666666666666288e+01
8.745999999999999375e+01
8.762833333333333030e+01
8.778000000000000114e+01
8.791500000000000625e+01
8.803166666666666629e+01
8.813500000000000512e+01
8.824333333333333940e+01
8.836166666666666458e+01
8.848000000000000398e+01
8.854833333333333201e+01
8.865833333333333144e+01
8.875666666666666060e+01
8.883500000000000796e+01
8.890333333333333599e+01
8.897166666666666401e+01
8.904999999999999716e+01
8.912166666666666970e+01
8.920666666666666345e+01
8.927333333333334053e+01
8.936333333333332973e+01
8.943166666666667197e+01
8.949500000000000455e+01
8.958833333333333826e+01
8.964499999999999602e+01
8.970833333333332860e+01
8.977333333333334053e+01
8.981999999999999318e+01
8.987999999999999545e+01
8.990833333333333144e+01
8.998166666666666913e+01
9.003499999999999659e+01
9.010166666666665947e+01
9.014166666666666572e+01
9.019333333333332803e+01
9.025499999999999545e+01
9.030166666666666231e+01
9.034666666666666401e+01
9.040500000000000114e+01
9.047499999999999432e+01
9.050666666666666060e+01
9.056000000000000227e+01
9.060833333333333428e+01
9.065333333333333599e+01
9.069333333333332803e+01
9.073666666666666458e+01
9.077833333333333599e+01
9.082999999999999829e+01
9.085500000000000398e+01
9.090333333333333599e+01
9.095499999999999829e+01
9.099333333333333940e+01
9.105666666666667197e+01
9.109999999999999432e+01
9.115999999999999659e+01
9.120333333333333314e+01
9.123499999999999943e+01
9.125166666666666515e+01
9.129000000000000625e+01
9.132833333333333314e+01
