2.738666666666667027e+01
3.422833333333333883e+01
4.193500000000000227e+01
5.043333333333333712e+01
5.904833333333333911e+01
6.729500000000000171e+01
7.431666666666666288e+01
7.965333333333333599e+01
8.361166666666666458e+01
8.612500000000000000e+01
8.760500000000000398e+01
8.827500000000000568e+01
8.863500000000000512e+01
8.905166666666666231e+01
8.940333333333333599e+01
8.975666666666666060e+01
9.005833333333333712e+01
9.040666666666666629e+01
9.067000000000000171e+01
9.094666666666667254e+01
9.118999999999999773e+01
9.144166666666666288e+01
9.165500000000000114e+01
9.191166666666666174e+01
9.203666666666666174e+01
9.231000000000000227e+01
9.229999999999999716e+01
9.259999999999999432e+01
9.262999999999999545e+01
9.283499999999999375e+01
9.285333333333333883e+01
9.304333333333333655e+01
9.305333333333332746e+01
9.324333333333333940e+01
9.322833333333333883e+01
9.339166666666666572e+01
9.339499999999999602e+01
9.350166666666666515e+01
9.353166666666666629e+01
9.363166666666666060e+01
9.366500000000000625e+01
9.372833333333333883e+01
9.377166666666666117e+01
9.381000000000000227e+01
9.385500000000000398e+01
9.386833333333333940e+01
9.397333333333332916e+01
9.393333333333333712e+01
9.405833333333333712e+01
9.402666666666667084e+01
9.409999999999999432e+01
9.410833333333333428e+01
9.419499999999999318e+01
9.415666666666666629e+01
9.426666666666666572e+01
9.418999999999999773e+01
9.433333333333332860e+01
9.426166666666667027e+01
9.439000000000000057e+01
9.431833333333332803e+01
9.446500000000000341e+01
9.435333333333333883e+01
9.451833333333333087e+01
9.441333333333332689e+01
9.458499999999999375e+01
9.446666666666666856e+01
9.463500000000000512e+01
9.449666666666666970e+01
9.467000000000000171e+01
9.453666666666666174e+01
9.472333333333332916e+01
9.457833333333333314e+01
9.475000000000000000e+01
9.459166666666666856e+01
9.479500000000000171e+01
9.462999999999999545e+01
9.482500000000000284e+01
9.465166666666667084e+01
9.485999999999999943e+01
9.466500000000000625e+01
9.487999999999999545e+01
9.467499999999999716e+01
9.489333333333333087e+01
9.473333333333333428e+01
9.494333333333332803e+01
9.475833333333332575e+01
9.496166666666667311e+01
9.475000000000000000e+01
9.499500000000000455e+01
9.478000000000000114e+01
9.500666666666666060e+01
9.480166666666666231e+01
9.502666666666667084e+01
9.483333333333332860e+01
9.508166666666666345e+01
9.486166666666666458e+01
9.511499999999999488e+01
9.487666666666666515e+01
9.512166666666666970e+01
9.489000000000000057e+01
