2.738666666666667027e+01
3.079333333333332234e+01
3.469666666666665833e+01
3.864166666666666572e+01
4.274333333333333229e+01
4.706499999999999773e+01
5.122500000000000142e+01
5.552166666666666828e+01
5.956166666666666742e+01
6.357499999999999574e+01
6.730833333333333712e+01
7.069500000000000739e+01
7.378000000000000114e+01
7.640666666666666629e+01
7.878166666666666629e+01
8.091666666666667140e+01
8.269333333333332803e+01
8.404666666666666686e+01
8.523666666666666458e+01
8.614499999999999602e+01
8.684833333333332916e+01
8.734333333333333371e+01
8.771333333333333826e+01
8.801666666666666572e+01
8.825833333333332575e+01
8.847499999999999432e+01
8.867000000000000171e+01
8.884833333333332916e+01
8.901833333333333087e+01
8.919166666666666288e+01
8.936333333333332973e+01
8.949666666666666970e+01
8.962333333333333485e+01
8.977833333333333599e+01
8.993500000000000227e+01
9.006000000000000227e+01
9.018333333333333712e+01
9.031999999999999318e+01
9.043333333333333712e+01
9.056999999999999318e+01
9.066833333333333655e+01
9.078000000000000114e+01
9.089499999999999602e+01
9.099333333333333940e+01
9.109000000000000341e+01
9.118999999999999773e+01
9.131166666666666742e+01
9.141500000000000625e+01
9.149833333333333485e+01
9.158833333333333826e+01
9.168999999999999773e+01
9.177833333333333599e+01
9.184999999999999432e+01
9.195000000000000284e+01
9.204500000000000171e+01
9.212000000000000455e+01
9.217333333333333201e+01
9.223833333333332973e+01
9.233166666666666345e+01
9.240833333333333144e+01
9.250499999999999545e+01
9.258333333333332860e+01
9.264166666666666572e+01
9.275000000000000000e+01
9.281333333333333258e+01
9.288166666666666060e+01
9.292166666666666686e+01
9.301333333333333542e+01
9.304500000000000171e+01
9.313500000000000512e+01
9.319499999999999318e+01
9.324833333333333485e+01
9.329166666666667140e+01
9.338500000000000512e+01
9.342666666666666231e+01
9.348666666666666458e+01
9.352500000000000568e+01
9.359000000000000341e+01
9.363333333333333997e+01
9.370166666666666799e+01
9.376000000000000512e+01
9.378333333333333144e+01
9.383833333333333826e+01
9.388833333333333542e+01
9.392166666666666686e+01
9.399166666666666003e+01
9.400833333333333997e+01
9.407166666666667254e+01
9.410999999999999943e+01
9.413333333333333997e+01
9.417833333333332746e+01
9.420833333333332860e+01
9.423499999999999943e+01
9.426333333333333542e+01
9.429000000000000625e+01
9.432166666666667254e+01
9.434499999999999886e+01
9.435833333333333428e+01
9.440166666666667084e+01
9.440833333333333144e+01
